  0.497826  0.011298 -0.167869  0.052948  0.052948 -0.036179  0.333897 -0.073047
  0.011203  0.011203 -0.174720  0.039319  0.039319 -0.430345  0.158854  0.474303
  0.001578 -0.116027 -0.026946  0.067003 -0.048425  0.000555  0.005180  0.005180
 -0.171049  0.008942  0.008942  0.439171  0.249656 -0.065804 -0.142636  0.017945
  0.017945 -0.002190  0.003155  0.003155 -0.090216 -0.017693 -0.489549  0.094637
  0.094637  0.094637  0.273504 -0.060442 -0.300240  0.061132  0.061132  0.061132
 -0.200695  0.030668  0.030668  0.030668 -0.312771 -0.433912  0.413246 -0.748570
  0.413393 -0.102100  0.003698  0.003698  0.131059 -0.031906 -0.031906 -0.123802
  0.004156  0.004156  0.424810 -0.086913 -0.295114  0.055717  0.055717  0.055717
 -0.291119  0.054160  0.054160  0.054160  0.497826  0.011298 -0.167869  0.052948
  0.052948 -0.036179  0.333897 -0.073047  0.011203  0.011203 -0.174720  0.039319
  0.039319 -0.430345  0.158854  0.474303  0.001578 -0.116027 -0.026946  0.067003
 -0.048425  0.000555  0.005180  0.005180 -0.171049  0.008942  0.008942  0.439171
  0.249656 -0.065804 -0.142636  0.017945  0.017945 -0.002190  0.003155  0.003155
 -0.090216 -0.017693 -0.489549  0.094637  0.094637  0.094637  0.273504 -0.060442
 -0.300240  0.061132  0.061132  0.061132 -0.200695  0.030668  0.030668  0.030668
 -0.312771 -0.433912  0.413246 -0.748570  0.413393 -0.102100  0.003698  0.003698
  0.131059 -0.031906 -0.031906 -0.123802  0.004156  0.004156  0.424810 -0.086913
 -0.295114  0.055717  0.055717  0.055717 -0.291119  0.054160  0.054160  0.054160
  0.497826  0.011298 -0.167869  0.052948  0.052948 -0.036179  0.333897 -0.073047
  0.011203  0.011203 -0.174720  0.039319  0.039319 -0.430345  0.158854  0.474303
  0.001578 -0.116027 -0.026946  0.067003 -0.048425  0.000555  0.005180  0.005180
 -0.171049  0.008942  0.008942  0.439171  0.249656 -0.065804 -0.142636  0.017945
  0.017945 -0.002190  0.003155  0.003155 -0.090216 -0.017693 -0.489549  0.094637
  0.094637  0.094637  0.273504 -0.060442 -0.300240  0.061132  0.061132  0.061132
 -0.200695  0.030668  0.030668  0.030668 -0.312771 -0.433912  0.413246 -0.748570
  0.413393 -0.102100  0.003698  0.003698  0.131059 -0.031906 -0.031906 -0.123802
  0.004156  0.004156  0.424810 -0.086913 -0.295114  0.055717  0.055717  0.055717
 -0.291119  0.054160  0.054160  0.054160  0.497826  0.011298 -0.167869  0.052948
  0.052948 -0.036179  0.333897 -0.073047  0.011203  0.011203 -0.174720  0.039319
  0.039319 -0.430345  0.158854  0.474303  0.001578 -0.116027 -0.026946  0.067003
 -0.048425  0.000555  0.005180  0.005180 -0.171049  0.008942  0.008942  0.439171
  0.249656 -0.065804 -0.142636  0.017945  0.017945 -0.002190  0.003155  0.003155
 -0.090216 -0.017693 -0.489549  0.094637  0.094637  0.094637  0.273504 -0.060442
 -0.300240  0.061132  0.061132  0.061132 -0.200695  0.030668  0.030668  0.030668
 -0.312771 -0.433912  0.413246 -0.748570  0.413393 -0.102100  0.003698  0.003698
  0.131059 -0.031906 -0.031906 -0.123802  0.004156  0.004156  0.424810 -0.086913
 -0.295114  0.055717  0.055717  0.055717 -0.291119  0.054160  0.054160  0.054160
  0.497826  0.011298 -0.167869  0.052948  0.052948 -0.036179  0.333897 -0.073047
  0.011203  0.011203 -0.174720  0.039319  0.039319 -0.430345  0.158854  0.474303
  0.001578 -0.116027 -0.026946  0.067003 -0.048425  0.000555  0.005180  0.005180
 -0.171049  0.008942  0.008942  0.439171  0.249656 -0.065804 -0.142636  0.017945
  0.017945 -0.002190  0.003155  0.003155 -0.090216 -0.017693 -0.489549  0.094637
  0.094637  0.094637  0.273504 -0.060442 -0.300240  0.061132  0.061132  0.061132
 -0.200695  0.030668  0.030668  0.030668 -0.312771 -0.433912  0.413246 -0.748570
  0.413393 -0.102100  0.003698  0.003698  0.131059 -0.031906 -0.031906 -0.123802
  0.004156  0.004156  0.424810 -0.086913 -0.295114  0.055717  0.055717  0.055717
 -0.291119  0.054160  0.054160  0.054160  0.497826  0.011298 -0.167869  0.052948
  0.052948 -0.036179  0.333897 -0.073047  0.011203  0.011203 -0.174720  0.039319
  0.039319 -0.430345  0.158854  0.474303  0.001578 -0.116027 -0.026946  0.067003
 -0.048425  0.000555  0.005180  0.005180 -0.171049  0.008942  0.008942  0.439171
  0.249656 -0.065804 -0.142636  0.017945  0.017945 -0.002190  0.003155  0.003155
 -0.090216 -0.017693 -0.489549  0.094637  0.094637  0.094637  0.273504 -0.060442
 -0.300240  0.061132  0.061132  0.061132 -0.200695  0.030668  0.030668  0.030668
 -0.312771 -0.433912  0.413246 -0.748570  0.413393 -0.102100  0.003698  0.003698
  0.131059 -0.031906 -0.031906 -0.123802  0.004156  0.004156  0.424810 -0.086913
 -0.295114  0.055717  0.055717  0.055717 -0.291119  0.054160  0.054160  0.054160
  0.497826  0.011298 -0.167869  0.052948  0.052948 -0.036179  0.333897 -0.073047
  0.011203  0.011203 -0.174720  0.039319  0.039319 -0.430345  0.158854  0.474303
  0.001578 -0.116027 -0.026946  0.067003 -0.048425  0.000555  0.005180  0.005180
 -0.171049  0.008942  0.008942  0.439171  0.249656 -0.065804 -0.142636  0.017945
  0.017945 -0.002190  0.003155  0.003155 -0.090216 -0.017693 -0.489549  0.094637
  0.094637  0.094637  0.273504 -0.060442 -0.300240  0.061132  0.061132  0.061132
 -0.200695  0.030668  0.030668  0.030668 -0.312771 -0.433912  0.413246 -0.748570
  0.413393 -0.102100  0.003698  0.003698  0.131059 -0.031906 -0.031906 -0.123802
  0.004156  0.004156  0.424810 -0.086913 -0.295114  0.055717  0.055717  0.055717
 -0.291119  0.054160  0.054160  0.054160  0.497826  0.011298 -0.167869  0.052948
  0.052948 -0.036179  0.333897 -0.073047  0.011203  0.011203 -0.174720  0.039319
  0.039319 -0.430345  0.158854  0.474303  0.001578 -0.116027 -0.026946  0.067003
 -0.048425  0.000555  0.005180  0.005180 -0.171049  0.008942  0.008942  0.439171
  0.249656 -0.065804 -0.142636  0.017945  0.017945 -0.002190  0.003155  0.003155
 -0.090216 -0.017693 -0.489549  0.094637  0.094637  0.094637  0.273504 -0.060442
 -0.300240  0.061132  0.061132  0.061132 -0.200695  0.030668  0.030668  0.030668
 -0.312771 -0.433912  0.413246 -0.748570  0.413393 -0.102100  0.003698  0.003698
  0.131059 -0.031906 -0.031906 -0.123802  0.004156  0.004156  0.424810 -0.086913
 -0.295114  0.055717  0.055717  0.055717 -0.291119  0.054160  0.054160  0.054160
  0.497826  0.011298 -0.167869  0.052948  0.052948 -0.036179  0.333897 -0.073047
  0.011203  0.011203 -0.174720  0.039319  0.039319 -0.430345  0.158854  0.474303
  0.001578 -0.116027 -0.026946  0.067003 -0.048425  0.000555  0.005180  0.005180
 -0.171049  0.008942  0.008942  0.439171  0.249656 -0.065804 -0.142636  0.017945
  0.017945 -0.002190  0.003155  0.003155 -0.090216 -0.017693 -0.489549  0.094637
  0.094637  0.094637  0.273504 -0.060442 -0.300240  0.061132  0.061132  0.061132
 -0.200695  0.030668  0.030668  0.030668 -0.312771 -0.433912  0.413246 -0.748570
  0.413393 -0.102100  0.003698  0.003698  0.131059 -0.031906 -0.031906 -0.123802
  0.004156  0.004156  0.424810 -0.086913 -0.295114  0.055717  0.055717  0.055717
 -0.291119  0.054160  0.054160  0.054160  0.497826  0.011298 -0.167869  0.052948
  0.052948 -0.036179  0.333897 -0.073047  0.011203  0.011203 -0.174720  0.039319
  0.039319 -0.430345  0.158854  0.474303  0.001578 -0.116027 -0.026946  0.067003
 -0.048425  0.000555  0.005180  0.005180 -0.171049  0.008942  0.008942  0.439171
  0.249656 -0.065804 -0.142636  0.017945  0.017945 -0.002190  0.003155  0.003155
 -0.090216 -0.017693 -0.489549  0.094637  0.094637  0.094637  0.273504 -0.060442
 -0.300240  0.061132  0.061132  0.061132 -0.200695  0.030668  0.030668  0.030668
 -0.312771 -0.433912  0.413246 -0.748570  0.413393 -0.102100  0.003698  0.003698
  0.131059 -0.031906 -0.031906 -0.123802  0.004156  0.004156  0.424810 -0.086913
 -0.295114  0.055717  0.055717  0.055717 -0.291119  0.054160  0.054160  0.054160
  0.497826  0.011298 -0.167869  0.052948  0.052948 -0.036179  0.333897 -0.073047
  0.011203  0.011203 -0.174720  0.039319  0.039319 -0.430345  0.158854  0.474303
  0.001578 -0.116027 -0.026946  0.067003 -0.048425  0.000555  0.005180  0.005180
 -0.171049  0.008942  0.008942  0.439171  0.249656 -0.065804 -0.142636  0.017945
  0.017945 -0.002190  0.003155  0.003155 -0.090216 -0.017693 -0.489549  0.094637
  0.094637  0.094637  0.273504 -0.060442 -0.300240  0.061132  0.061132  0.061132
 -0.200695  0.030668  0.030668  0.030668 -0.312771 -0.433912  0.413246 -0.748570
  0.413393 -0.102100  0.003698  0.003698  0.131059 -0.031906 -0.031906 -0.123802
  0.004156  0.004156  0.424810 -0.086913 -0.295114  0.055717  0.055717  0.055717
 -0.291119  0.054160  0.054160  0.054160  0.497826  0.011298 -0.167869  0.052948
  0.052948 -0.036179  0.333897 -0.073047  0.011203  0.011203 -0.174720  0.039319
  0.039319 -0.430345  0.158854  0.474303  0.001578 -0.116027 -0.026946  0.067003
 -0.048425  0.000555  0.005180  0.005180 -0.171049  0.008942  0.008942  0.439171
  0.249656 -0.065804 -0.142636  0.017945  0.017945 -0.002190  0.003155  0.003155
 -0.090216 -0.017693 -0.489549  0.094637  0.094637  0.094637  0.273504 -0.060442
 -0.300240  0.061132  0.061132  0.061132 -0.200695  0.030668  0.030668  0.030668
 -0.312771 -0.433912  0.413246 -0.748570  0.413393 -0.102100  0.003698  0.003698
  0.131059 -0.031906 -0.031906 -0.123802  0.004156  0.004156  0.424810 -0.086913
 -0.295114  0.055717  0.055717  0.055717 -0.291119  0.054160  0.054160  0.054160
  0.497826  0.011298 -0.167869  0.052948  0.052948 -0.036179  0.333897 -0.073047
  0.011203  0.011203 -0.174720  0.039319  0.039319 -0.430345  0.158854  0.474303
  0.001578 -0.116027 -0.026946  0.067003 -0.048425  0.000555  0.005180  0.005180
 -0.171049  0.008942  0.008942  0.439171  0.249656 -0.065804 -0.142636  0.017945
  0.017945 -0.002190  0.003155  0.003155 -0.090216 -0.017693 -0.489549  0.094637
  0.094637  0.094637  0.273504 -0.060442 -0.300240  0.061132  0.061132  0.061132
 -0.200695  0.030668  0.030668  0.030668 -0.312771 -0.433912  0.413246 -0.748570
  0.413393 -0.102100  0.003698  0.003698  0.131059 -0.031906 -0.031906 -0.123802
  0.004156  0.004156  0.424810 -0.086913 -0.295114  0.055717  0.055717  0.055717
 -0.291119  0.054160  0.054160  0.054160  0.497826  0.011298 -0.167869  0.052948
  0.052948 -0.036179  0.333897 -0.073047  0.011203  0.011203 -0.174720  0.039319
  0.039319 -0.430345  0.158854  0.474303  0.001578 -0.116027 -0.026946  0.067003
 -0.048425  0.000555  0.005180  0.005180 -0.171049  0.008942  0.008942  0.439171
  0.249656 -0.065804 -0.142636  0.017945  0.017945 -0.002190  0.003155  0.003155
 -0.090216 -0.017693 -0.489549  0.094637  0.094637  0.094637  0.273504 -0.060442
 -0.300240  0.061132  0.061132  0.061132 -0.200695  0.030668  0.030668  0.030668
 -0.312771 -0.433912  0.413246 -0.748570  0.413393 -0.102100  0.003698  0.003698
  0.131059 -0.031906 -0.031906 -0.123802  0.004156  0.004156  0.424810 -0.086913
 -0.295114  0.055717  0.055717  0.055717 -0.291119  0.054160  0.054160  0.054160
  0.497826  0.011298 -0.167869  0.052948  0.052948 -0.036179  0.333897 -0.073047
  0.011203  0.011203 -0.174720  0.039319  0.039319 -0.430345  0.158854  0.474303
  0.001578 -0.116027 -0.026946  0.067003 -0.048425  0.000555  0.005180  0.005180
 -0.171049  0.008942  0.008942  0.439171  0.249656 -0.065804 -0.142636  0.017945
  0.017945 -0.002190  0.003155  0.003155 -0.090216 -0.017693 -0.489549  0.094637
  0.094637  0.094637  0.273504 -0.060442 -0.300240  0.061132  0.061132  0.061132
 -0.200695  0.030668  0.030668  0.030668 -0.312771 -0.433912  0.413246 -0.748570
  0.413393 -0.102100  0.003698  0.003698  0.131059 -0.031906 -0.031906 -0.123802
  0.004156  0.004156  0.424810 -0.086913 -0.295114  0.055717  0.055717  0.055717
 -0.291119  0.054160  0.054160  0.054160  0.497826  0.011298 -0.167869  0.052948
  0.052948 -0.036179  0.333897 -0.073047  0.011203  0.011203 -0.174720  0.039319
  0.039319 -0.430345  0.158854  0.474303  0.001578 -0.116027 -0.026946  0.067003
 -0.048425  0.000555  0.005180  0.005180 -0.171049  0.008942  0.008942  0.439171
  0.249656 -0.065804 -0.142636  0.017945  0.017945 -0.002190  0.003155  0.003155
 -0.090216 -0.017693 -0.489549  0.094637  0.094637  0.094637  0.273504 -0.060442
 -0.300240  0.061132  0.061132  0.061132 -0.200695  0.030668  0.030668  0.030668
 -0.312771 -0.433912  0.413246 -0.748570  0.413393 -0.102100  0.003698  0.003698
  0.131059 -0.031906 -0.031906 -0.123802  0.004156  0.004156  0.424810 -0.086913
 -0.295114  0.055717  0.055717  0.055717 -0.291119  0.054160  0.054160  0.054160
  0.497826  0.011298 -0.167869  0.052948  0.052948 -0.036179  0.333897 -0.073047
  0.011203  0.011203 -0.174720  0.039319  0.039319 -0.430345  0.158854  0.474303
  0.001578 -0.116027 -0.026946  0.067003 -0.048425  0.000555  0.005180  0.005180
 -0.171049  0.008942  0.008942  0.439171  0.249656 -0.065804 -0.142636  0.017945
  0.017945 -0.002190  0.003155  0.003155 -0.090216 -0.017693 -0.489549  0.094637
  0.094637  0.094637  0.273504 -0.060442 -0.300240  0.061132  0.061132  0.061132
 -0.200695  0.030668  0.030668  0.030668 -0.312771 -0.433912  0.413246 -0.748570
  0.413393 -0.102100  0.003698  0.003698  0.131059 -0.031906 -0.031906 -0.123802
  0.004156  0.004156  0.424810 -0.086913 -0.295114  0.055717  0.055717  0.055717
 -0.291119  0.054160  0.054160  0.054160  0.497826  0.011298 -0.167869  0.052948
  0.052948 -0.036179  0.333897 -0.073047  0.011203  0.011203 -0.174720  0.039319
  0.039319 -0.430345  0.158854  0.474303  0.001578 -0.116027 -0.026946  0.067003
 -0.048425  0.000555  0.005180  0.005180 -0.171049  0.008942  0.008942  0.439171
  0.249656 -0.065804 -0.142636  0.017945  0.017945 -0.002190  0.003155  0.003155
 -0.090216 -0.017693 -0.489549  0.094637  0.094637  0.094637  0.273504 -0.060442
 -0.300240  0.061132  0.061132  0.061132 -0.200695  0.030668  0.030668  0.030668
 -0.312771 -0.433912  0.413246 -0.748570  0.413393 -0.102100  0.003698  0.003698
  0.131059 -0.031906 -0.031906 -0.123802  0.004156  0.004156  0.424810 -0.086913
 -0.295114  0.055717  0.055717  0.055717 -0.291119  0.054160  0.054160  0.054160
  0.497826  0.011298 -0.167869  0.052948  0.052948 -0.036179  0.333897 -0.073047
  0.011203  0.011203 -0.174720  0.039319  0.039319 -0.430345  0.158854  0.474303
  0.001578 -0.116027 -0.026946  0.067003 -0.048425  0.000555  0.005180  0.005180
 -0.171049  0.008942  0.008942  0.439171  0.249656 -0.065804 -0.142636  0.017945
  0.017945 -0.002190  0.003155  0.003155 -0.090216 -0.017693 -0.489549  0.094637
  0.094637  0.094637  0.273504 -0.060442 -0.300240  0.061132  0.061132  0.061132
 -0.200695  0.030668  0.030668  0.030668 -0.312771 -0.433912  0.413246 -0.748570
  0.413393 -0.102100  0.003698  0.003698  0.131059 -0.031906 -0.031906 -0.123802
  0.004156  0.004156  0.424810 -0.086913 -0.295114  0.055717  0.055717  0.055717
 -0.291119  0.054160  0.054160  0.054160  0.497826  0.011298 -0.167869  0.052948
  0.052948 -0.036179  0.333897 -0.073047  0.011203  0.011203 -0.174720  0.039319
  0.039319 -0.430345  0.158854  0.474303  0.001578 -0.116027 -0.026946  0.067003
 -0.048425  0.000555  0.005180  0.005180 -0.171049  0.008942  0.008942  0.439171
  0.249656 -0.065804 -0.142636  0.017945  0.017945 -0.002190  0.003155  0.003155
 -0.090216 -0.017693 -0.489549  0.094637  0.094637  0.094637  0.273504 -0.060442
 -0.300240  0.061132  0.061132  0.061132 -0.200695  0.030668  0.030668  0.030668
 -0.312771 -0.433912  0.413246 -0.748570  0.413393 -0.102100  0.003698  0.003698
  0.131059 -0.031906 -0.031906 -0.123802  0.004156  0.004156  0.424810 -0.086913
 -0.295114  0.055717  0.055717  0.055717 -0.291119  0.054160  0.054160  0.054160
  0.497826  0.011298 -0.167869  0.052948  0.052948 -0.036179  0.333897 -0.073047
  0.011203  0.011203 -0.174720  0.039319  0.039319 -0.430345  0.158854  0.474303
  0.001578 -0.116027 -0.026946  0.067003 -0.048425  0.000555  0.005180  0.005180
 -0.171049  0.008942  0.008942  0.439171  0.249656 -0.065804 -0.142636  0.017945
  0.017945 -0.002190  0.003155  0.003155 -0.090216 -0.017693 -0.489549  0.094637
  0.094637  0.094637  0.273504 -0.060442 -0.300240  0.061132  0.061132  0.061132
 -0.200695  0.030668  0.030668  0.030668 -0.312771 -0.433912  0.413246 -0.748570
  0.413393 -0.102100  0.003698  0.003698  0.131059 -0.031906 -0.031906 -0.123802
  0.004156  0.004156  0.424810 -0.086913 -0.295114  0.055717  0.055717  0.055717
 -0.291119  0.054160  0.054160  0.054160  0.497826  0.011298 -0.167869  0.052948
  0.052948 -0.036179  0.333897 -0.073047  0.011203  0.011203 -0.174720  0.039319
  0.039319 -0.430345  0.158854  0.474303  0.001578 -0.116027 -0.026946  0.067003
 -0.048425  0.000555  0.005180  0.005180 -0.171049  0.008942  0.008942  0.439171
  0.249656 -0.065804 -0.142636  0.017945  0.017945 -0.002190  0.003155  0.003155
 -0.090216 -0.017693 -0.489549  0.094637  0.094637  0.094637  0.273504 -0.060442
 -0.300240  0.061132  0.061132  0.061132 -0.200695  0.030668  0.030668  0.030668
 -0.312771 -0.433912  0.413246 -0.748570  0.413393 -0.102100  0.003698  0.003698
  0.131059 -0.031906 -0.031906 -0.123802  0.004156  0.004156  0.424810 -0.086913
 -0.295114  0.055717  0.055717  0.055717 -0.291119  0.054160  0.054160  0.054160
  0.497826  0.011298 -0.167869  0.052948  0.052948 -0.036179  0.333897 -0.073047
  0.011203  0.011203 -0.174720  0.039319  0.039319 -0.430345  0.158854  0.474303
  0.001578 -0.116027 -0.026946  0.067003 -0.048425  0.000555  0.005180  0.005180
 -0.171049  0.008942  0.008942  0.439171  0.249656 -0.065804 -0.142636  0.017945
  0.017945 -0.002190  0.003155  0.003155 -0.090216 -0.017693 -0.489549  0.094637
  0.094637  0.094637  0.273504 -0.060442 -0.300240  0.061132  0.061132  0.061132
 -0.200695  0.030668  0.030668  0.030668 -0.312771 -0.433912  0.413246 -0.748570
  0.413393 -0.102100  0.003698  0.003698  0.131059 -0.031906 -0.031906 -0.123802
  0.004156  0.004156  0.424810 -0.086913 -0.295114  0.055717  0.055717  0.055717
 -0.291119  0.054160  0.054160  0.054160  0.497826  0.011298 -0.167869  0.052948
  0.052948 -0.036179  0.333897 -0.073047  0.011203  0.011203 -0.174720  0.039319
  0.039319 -0.430345  0.158854  0.474303  0.001578 -0.116027 -0.026946  0.067003
 -0.048425  0.000555  0.005180  0.005180 -0.171049  0.008942  0.008942  0.439171
  0.249656 -0.065804 -0.142636  0.017945  0.017945 -0.002190  0.003155  0.003155
 -0.090216 -0.017693 -0.489549  0.094637  0.094637  0.094637  0.273504 -0.060442
 -0.300240  0.061132  0.061132  0.061132 -0.200695  0.030668  0.030668  0.030668
 -0.312771 -0.433912  0.413246 -0.748570  0.413393 -0.102100  0.003698  0.003698
  0.131059 -0.031906 -0.031906 -0.123802  0.004156  0.004156  0.424810 -0.086913
 -0.295114  0.055717  0.055717  0.055717 -0.291119  0.054160  0.054160  0.054160
  0.497826  0.011298 -0.167869  0.052948  0.052948 -0.036179  0.333897 -0.073047
  0.011203  0.011203 -0.174720  0.039319  0.039319 -0.430345  0.158854  0.474303
  0.001578 -0.116027 -0.026946  0.067003 -0.048425  0.000555  0.005180  0.005180
 -0.171049  0.008942  0.008942  0.439171  0.249656 -0.065804 -0.142636  0.017945
  0.017945 -0.002190  0.003155  0.003155 -0.090216 -0.017693 -0.489549  0.094637
  0.094637  0.094637  0.273504 -0.060442 -0.300240  0.061132  0.061132  0.061132
 -0.200695  0.030668  0.030668  0.030668 -0.312771 -0.433912  0.413246 -0.748570
  0.413393 -0.102100  0.003698  0.003698  0.131059 -0.031906 -0.031906 -0.123802
  0.004156  0.004156  0.424810 -0.086913 -0.295114  0.055717  0.055717  0.055717
 -0.291119  0.054160  0.054160  0.054160  0.497826  0.011298 -0.167869  0.052948
  0.052948 -0.036179  0.333897 -0.073047  0.011203  0.011203 -0.174720  0.039319
  0.039319 -0.430345  0.158854  0.474303  0.001578 -0.116027 -0.026946  0.067003
 -0.048425  0.000555  0.005180  0.005180 -0.171049  0.008942  0.008942  0.439171
  0.249656 -0.065804 -0.142636  0.017945  0.017945 -0.002190  0.003155  0.003155
 -0.090216 -0.017693 -0.489549  0.094637  0.094637  0.094637  0.273504 -0.060442
 -0.300240  0.061132  0.061132  0.061132 -0.200695  0.030668  0.030668  0.030668
 -0.312771 -0.433912  0.413246 -0.748570  0.413393 -0.102100  0.003698  0.003698
  0.131059 -0.031906 -0.031906 -0.123802  0.004156  0.004156  0.424810 -0.086913
 -0.295114  0.055717  0.055717  0.055717 -0.291119  0.054160  0.054160  0.054160
  0.497826  0.011298 -0.167869  0.052948  0.052948 -0.036179  0.333897 -0.073047
  0.011203  0.011203 -0.174720  0.039319  0.039319 -0.430345  0.158854  0.474303
  0.001578 -0.116027 -0.026946  0.067003 -0.048425  0.000555  0.005180  0.005180
 -0.171049  0.008942  0.008942  0.439171  0.249656 -0.065804 -0.142636  0.017945
  0.017945 -0.002190  0.003155  0.003155 -0.090216 -0.017693 -0.489549  0.094637
  0.094637  0.094637  0.273504 -0.060442 -0.300240  0.061132  0.061132  0.061132
 -0.200695  0.030668  0.030668  0.030668 -0.312771 -0.433912  0.413246 -0.748570
  0.413393 -0.102100  0.003698  0.003698  0.131059 -0.031906 -0.031906 -0.123802
  0.004156  0.004156  0.424810 -0.086913 -0.295114  0.055717  0.055717  0.055717
 -0.291119  0.054160  0.054160  0.054160  0.497826  0.011298 -0.167869  0.052948
  0.052948 -0.036179  0.333897 -0.073047  0.011203  0.011203 -0.174720  0.039319
  0.039319 -0.430345  0.158854  0.474303  0.001578 -0.116027 -0.026946  0.067003
 -0.048425  0.000555  0.005180  0.005180 -0.171049  0.008942  0.008942  0.439171
  0.249656 -0.065804 -0.142636  0.017945  0.017945 -0.002190  0.003155  0.003155
 -0.090216 -0.017693 -0.489549  0.094637  0.094637  0.094637  0.273504 -0.060442
 -0.300240  0.061132  0.061132  0.061132 -0.200695  0.030668  0.030668  0.030668
 -0.312771 -0.433912  0.413246 -0.748570  0.413393 -0.102100  0.003698  0.003698
  0.131059 -0.031906 -0.031906 -0.123802  0.004156  0.004156  0.424810 -0.086913
 -0.295114  0.055717  0.055717  0.055717 -0.291119  0.054160  0.054160  0.054160
  0.497826  0.011298 -0.167869  0.052948  0.052948 -0.036179  0.333897 -0.073047
  0.011203  0.011203 -0.174720  0.039319  0.039319 -0.430345  0.158854  0.474303
  0.001578 -0.116027 -0.026946  0.067003 -0.048425  0.000555  0.005180  0.005180
 -0.171049  0.008942  0.008942  0.439171  0.249656 -0.065804 -0.142636  0.017945
  0.017945 -0.002190  0.003155  0.003155 -0.090216 -0.017693 -0.489549  0.094637
  0.094637  0.094637  0.273504 -0.060442 -0.300240  0.061132  0.061132  0.061132
 -0.200695  0.030668  0.030668  0.030668 -0.312771 -0.433912  0.413246 -0.748570
  0.413393 -0.102100  0.003698  0.003698  0.131059 -0.031906 -0.031906 -0.123802
  0.004156  0.004156  0.424810 -0.086913 -0.295114  0.055717  0.055717  0.055717
 -0.291119  0.054160  0.054160  0.054160  0.497826  0.011298 -0.167869  0.052948
  0.052948 -0.036179  0.333897 -0.073047  0.011203  0.011203 -0.174720  0.039319
  0.039319 -0.430345  0.158854  0.474303  0.001578 -0.116027 -0.026946  0.067003
 -0.048425  0.000555  0.005180  0.005180 -0.171049  0.008942  0.008942  0.439171
  0.249656 -0.065804 -0.142636  0.017945  0.017945 -0.002190  0.003155  0.003155
 -0.090216 -0.017693 -0.489549  0.094637  0.094637  0.094637  0.273504 -0.060442
 -0.300240  0.061132  0.061132  0.061132 -0.200695  0.030668  0.030668  0.030668
 -0.312771 -0.433912  0.413246 -0.748570  0.413393 -0.102100  0.003698  0.003698
  0.131059 -0.031906 -0.031906 -0.123802  0.004156  0.004156  0.424810 -0.086913
 -0.295114  0.055717  0.055717  0.055717 -0.291119  0.054160  0.054160  0.054160
  0.497826  0.011298 -0.167869  0.052948  0.052948 -0.036179  0.333897 -0.073047
  0.011203  0.011203 -0.174720  0.039319  0.039319 -0.430345  0.158854  0.474303
  0.001578 -0.116027 -0.026946  0.067003 -0.048425  0.000555  0.005180  0.005180
 -0.171049  0.008942  0.008942  0.439171  0.249656 -0.065804 -0.142636  0.017945
  0.017945 -0.002190  0.003155  0.003155 -0.090216 -0.017693 -0.489549  0.094637
  0.094637  0.094637  0.273504 -0.060442 -0.300240  0.061132  0.061132  0.061132
 -0.200695  0.030668  0.030668  0.030668 -0.312771 -0.433912  0.413246 -0.748570
  0.413393 -0.102100  0.003698  0.003698  0.131059 -0.031906 -0.031906 -0.123802
  0.004156  0.004156  0.424810 -0.086913 -0.295114  0.055717  0.055717  0.055717
 -0.291119  0.054160  0.054160  0.054160  0.497826  0.011298 -0.167869  0.052948
  0.052948 -0.036179  0.333897 -0.073047  0.011203  0.011203 -0.174720  0.039319
  0.039319 -0.430345  0.158854  0.474303  0.001578 -0.116027 -0.026946  0.067003
 -0.048425  0.000555  0.005180  0.005180 -0.171049  0.008942  0.008942  0.439171
  0.249656 -0.065804 -0.142636  0.017945  0.017945 -0.002190  0.003155  0.003155
 -0.090216 -0.017693 -0.489549  0.094637  0.094637  0.094637  0.273504 -0.060442
 -0.300240  0.061132  0.061132  0.061132 -0.200695  0.030668  0.030668  0.030668
 -0.312771 -0.433912  0.413246 -0.748570  0.413393 -0.102100  0.003698  0.003698
  0.131059 -0.031906 -0.031906 -0.123802  0.004156  0.004156  0.424810 -0.086913
 -0.295114  0.055717  0.055717  0.055717 -0.291119  0.054160  0.054160  0.054160
  0.497826  0.011298 -0.167869  0.052948  0.052948 -0.036179  0.333897 -0.073047
  0.011203  0.011203 -0.174720  0.039319  0.039319 -0.430345  0.158854  0.474303
  0.001578 -0.116027 -0.026946  0.067003 -0.048425  0.000555  0.005180  0.005180
 -0.171049  0.008942  0.008942  0.439171  0.249656 -0.065804 -0.142636  0.017945
  0.017945 -0.002190  0.003155  0.003155 -0.090216 -0.017693 -0.489549  0.094637
  0.094637  0.094637  0.273504 -0.060442 -0.300240  0.061132  0.061132  0.061132
 -0.200695  0.030668  0.030668  0.030668 -0.312771 -0.433912  0.413246 -0.748570
  0.413393 -0.102100  0.003698  0.003698  0.131059 -0.031906 -0.031906 -0.123802
  0.004156  0.004156  0.424810 -0.086913 -0.295114  0.055717  0.055717  0.055717
 -0.291119  0.054160  0.054160  0.054160  0.497826  0.011298 -0.167869  0.052948
  0.052948 -0.036179  0.333897 -0.073047  0.011203  0.011203 -0.174720  0.039319
  0.039319 -0.430345  0.158854  0.474303  0.001578 -0.116027 -0.026946  0.067003
 -0.048425  0.000555  0.005180  0.005180 -0.171049  0.008942  0.008942  0.439171
  0.249656 -0.065804 -0.142636  0.017945  0.017945 -0.002190  0.003155  0.003155
 -0.090216 -0.017693 -0.489549  0.094637  0.094637  0.094637  0.273504 -0.060442
 -0.300240  0.061132  0.061132  0.061132 -0.200695  0.030668  0.030668  0.030668
 -0.312771 -0.433912  0.413246 -0.748570  0.413393 -0.102100  0.003698  0.003698
  0.131059 -0.031906 -0.031906 -0.123802  0.004156  0.004156  0.424810 -0.086913
 -0.295114  0.055717  0.055717  0.055717 -0.291119  0.054160  0.054160  0.054160
  0.497826  0.011298 -0.167869  0.052948  0.052948 -0.036179  0.333897 -0.073047
  0.011203  0.011203 -0.174720  0.039319  0.039319 -0.430345  0.158854  0.474303
  0.001578 -0.116027 -0.026946  0.067003 -0.048425  0.000555  0.005180  0.005180
 -0.171049  0.008942  0.008942  0.439171  0.249656 -0.065804 -0.142636  0.017945
  0.017945 -0.002190  0.003155  0.003155 -0.090216 -0.017693 -0.489549  0.094637
  0.094637  0.094637  0.273504 -0.060442 -0.300240  0.061132  0.061132  0.061132
 -0.200695  0.030668  0.030668  0.030668 -0.312771 -0.433912  0.413246 -0.748570
  0.413393 -0.102100  0.003698  0.003698  0.131059 -0.031906 -0.031906 -0.123802
  0.004156  0.004156  0.424810 -0.086913 -0.295114  0.055717  0.055717  0.055717
 -0.291119  0.054160  0.054160  0.054160  0.497826  0.011298 -0.167869  0.052948
  0.052948 -0.036179  0.333897 -0.073047  0.011203  0.011203 -0.174720  0.039319
  0.039319 -0.430345  0.158854  0.474303  0.001578 -0.116027 -0.026946  0.067003
 -0.048425  0.000555  0.005180  0.005180 -0.171049  0.008942  0.008942  0.439171
  0.249656 -0.065804 -0.142636  0.017945  0.017945 -0.002190  0.003155  0.003155
 -0.090216 -0.017693 -0.489549  0.094637  0.094637  0.094637  0.273504 -0.060442
 -0.300240  0.061132  0.061132  0.061132 -0.200695  0.030668  0.030668  0.030668
 -0.312771 -0.433912  0.413246 -0.748570  0.413393 -0.102100  0.003698  0.003698
  0.131059 -0.031906 -0.031906 -0.123802  0.004156  0.004156  0.424810 -0.086913
 -0.295114  0.055717  0.055717  0.055717 -0.291119  0.054160  0.054160  0.054160
  0.497826  0.011298 -0.167869  0.052948  0.052948 -0.036179  0.333897 -0.073047
  0.011203  0.011203 -0.174720  0.039319  0.039319 -0.430345  0.158854  0.474303
  0.001578 -0.116027 -0.026946  0.067003 -0.048425  0.000555  0.005180  0.005180
 -0.171049  0.008942  0.008942  0.439171  0.249656 -0.065804 -0.142636  0.017945
  0.017945 -0.002190  0.003155  0.003155 -0.090216 -0.017693 -0.489549  0.094637
  0.094637  0.094637  0.273504 -0.060442 -0.300240  0.061132  0.061132  0.061132
 -0.200695  0.030668  0.030668  0.030668 -0.312771 -0.433912  0.413246 -0.748570
  0.413393 -0.102100  0.003698  0.003698  0.131059 -0.031906 -0.031906 -0.123802
  0.004156  0.004156  0.424810 -0.086913 -0.295114  0.055717  0.055717  0.055717
 -0.291119  0.054160  0.054160  0.054160  0.497826  0.011298 -0.167869  0.052948
  0.052948 -0.036179  0.333897 -0.073047  0.011203  0.011203 -0.174720  0.039319
  0.039319 -0.430345  0.158854  0.474303  0.001578 -0.116027 -0.026946  0.067003
 -0.048425  0.000555  0.005180  0.005180 -0.171049  0.008942  0.008942  0.439171
  0.249656 -0.065804 -0.142636  0.017945  0.017945 -0.002190  0.003155  0.003155
 -0.090216 -0.017693 -0.489549  0.094637  0.094637  0.094637  0.273504 -0.060442
 -0.300240  0.061132  0.061132  0.061132 -0.200695  0.030668  0.030668  0.030668
 -0.312771 -0.433912  0.413246 -0.748570  0.413393 -0.102100  0.003698  0.003698
  0.131059 -0.031906 -0.031906 -0.123802  0.004156  0.004156  0.424810 -0.086913
 -0.295114  0.055717  0.055717  0.055717 -0.291119  0.054160  0.054160  0.054160
  0.497826  0.011298 -0.167869  0.052948  0.052948 -0.036179  0.333897 -0.073047
  0.011203  0.011203 -0.174720  0.039319  0.039319 -0.430345  0.158854  0.474303
  0.001578 -0.116027 -0.026946  0.067003 -0.048425  0.000555  0.005180  0.005180
 -0.171049  0.008942  0.008942  0.439171  0.249656 -0.065804 -0.142636  0.017945
  0.017945 -0.002190  0.003155  0.003155 -0.090216 -0.017693 -0.489549  0.094637
  0.094637  0.094637  0.273504 -0.060442 -0.300240  0.061132  0.061132  0.061132
 -0.200695  0.030668  0.030668  0.030668 -0.312771 -0.433912  0.413246 -0.748570
  0.413393 -0.102100  0.003698  0.003698  0.131059 -0.031906 -0.031906 -0.123802
  0.004156  0.004156  0.424810 -0.086913 -0.295114  0.055717  0.055717  0.055717
 -0.291119  0.054160  0.054160  0.054160  0.497826  0.011298 -0.167869  0.052948
  0.052948 -0.036179  0.333897 -0.073047  0.011203  0.011203 -0.174720  0.039319
  0.039319 -0.430345  0.158854  0.474303  0.001578 -0.116027 -0.026946  0.067003
 -0.048425  0.000555  0.005180  0.005180 -0.171049  0.008942  0.008942  0.439171
  0.249656 -0.065804 -0.142636  0.017945  0.017945 -0.002190  0.003155  0.003155
 -0.090216 -0.017693 -0.489549  0.094637  0.094637  0.094637  0.273504 -0.060442
 -0.300240  0.061132  0.061132  0.061132 -0.200695  0.030668  0.030668  0.030668
 -0.312771 -0.433912  0.413246 -0.748570  0.413393 -0.102100  0.003698  0.003698
  0.131059 -0.031906 -0.031906 -0.123802  0.004156  0.004156  0.424810 -0.086913
 -0.295114  0.055717  0.055717  0.055717 -0.291119  0.054160  0.054160  0.054160
  0.497826  0.011298 -0.167869  0.052948  0.052948 -0.036179  0.333897 -0.073047
  0.011203  0.011203 -0.174720  0.039319  0.039319 -0.430345  0.158854  0.474303
  0.001578 -0.116027 -0.026946  0.067003 -0.048425  0.000555  0.005180  0.005180
 -0.171049  0.008942  0.008942  0.439171  0.249656 -0.065804 -0.142636  0.017945
  0.017945 -0.002190  0.003155  0.003155 -0.090216 -0.017693 -0.489549  0.094637
  0.094637  0.094637  0.273504 -0.060442 -0.300240  0.061132  0.061132  0.061132
 -0.200695  0.030668  0.030668  0.030668 -0.312771 -0.433912  0.413246 -0.748570
  0.413393 -0.102100  0.003698  0.003698  0.131059 -0.031906 -0.031906 -0.123802
  0.004156  0.004156  0.424810 -0.086913 -0.295114  0.055717  0.055717  0.055717
 -0.291119  0.054160  0.054160  0.054160  0.497826  0.011298 -0.167869  0.052948
  0.052948 -0.036179  0.333897 -0.073047  0.011203  0.011203 -0.174720  0.039319
  0.039319 -0.430345  0.158854  0.474303  0.001578 -0.116027 -0.026946  0.067003
 -0.048425  0.000555  0.005180  0.005180 -0.171049  0.008942  0.008942  0.439171
  0.249656 -0.065804 -0.142636  0.017945  0.017945 -0.002190  0.003155  0.003155
 -0.090216 -0.017693 -0.489549  0.094637  0.094637  0.094637  0.273504 -0.060442
 -0.300240  0.061132  0.061132  0.061132 -0.200695  0.030668  0.030668  0.030668
 -0.312771 -0.433912  0.413246 -0.748570  0.413393 -0.102100  0.003698  0.003698
  0.131059 -0.031906 -0.031906 -0.123802  0.004156  0.004156  0.424810 -0.086913
 -0.295114  0.055717  0.055717  0.055717 -0.291119  0.054160  0.054160  0.054160
  0.497826  0.011298 -0.167869  0.052948  0.052948 -0.036179  0.333897 -0.073047
  0.011203  0.011203 -0.174720  0.039319  0.039319 -0.430345  0.158854  0.474303
  0.001578 -0.116027 -0.026946  0.067003 -0.048425  0.000555  0.005180  0.005180
 -0.171049  0.008942  0.008942  0.439171  0.249656 -0.065804 -0.142636  0.017945
  0.017945 -0.002190  0.003155  0.003155 -0.090216 -0.017693 -0.489549  0.094637
  0.094637  0.094637  0.273504 -0.060442 -0.300240  0.061132  0.061132  0.061132
 -0.200695  0.030668  0.030668  0.030668 -0.312771 -0.433912  0.413246 -0.748570
  0.413393 -0.102100  0.003698  0.003698  0.131059 -0.031906 -0.031906 -0.123802
  0.004156  0.004156  0.424810 -0.086913 -0.295114  0.055717  0.055717  0.055717
 -0.291119  0.054160  0.054160  0.054160  0.497826  0.011298 -0.167869  0.052948
  0.052948 -0.036179  0.333897 -0.073047  0.011203  0.011203 -0.174720  0.039319
  0.039319 -0.430345  0.158854  0.474303  0.001578 -0.116027 -0.026946  0.067003
 -0.048425  0.000555  0.005180  0.005180 -0.171049  0.008942  0.008942  0.439171
  0.249656 -0.065804 -0.142636  0.017945  0.017945 -0.002190  0.003155  0.003155
 -0.090216 -0.017693 -0.489549  0.094637  0.094637  0.094637  0.273504 -0.060442
 -0.300240  0.061132  0.061132  0.061132 -0.200695  0.030668  0.030668  0.030668
 -0.312771 -0.433912  0.413246 -0.748570  0.413393 -0.102100  0.003698  0.003698
  0.131059 -0.031906 -0.031906 -0.123802  0.004156  0.004156  0.424810 -0.086913
 -0.295114  0.055717  0.055717  0.055717 -0.291119  0.054160  0.054160  0.054160
  0.497826  0.011298 -0.167869  0.052948  0.052948 -0.036179  0.333897 -0.073047
  0.011203  0.011203 -0.174720  0.039319  0.039319 -0.430345  0.158854  0.474303
  0.001578 -0.116027 -0.026946  0.067003 -0.048425  0.000555  0.005180  0.005180
 -0.171049  0.008942  0.008942  0.439171  0.249656 -0.065804 -0.142636  0.017945
  0.017945 -0.002190  0.003155  0.003155 -0.090216 -0.017693 -0.489549  0.094637
  0.094637  0.094637  0.273504 -0.060442 -0.300240  0.061132  0.061132  0.061132
 -0.200695  0.030668  0.030668  0.030668 -0.312771 -0.433912  0.413246 -0.748570
  0.413393 -0.102100  0.003698  0.003698  0.131059 -0.031906 -0.031906 -0.123802
  0.004156  0.004156  0.424810 -0.086913 -0.295114  0.055717  0.055717  0.055717
 -0.291119  0.054160  0.054160  0.054160  0.497826  0.011298 -0.167869  0.052948
  0.052948 -0.036179  0.333897 -0.073047  0.011203  0.011203 -0.174720  0.039319
  0.039319 -0.430345  0.158854  0.474303  0.001578 -0.116027 -0.026946  0.067003
 -0.048425  0.000555  0.005180  0.005180 -0.171049  0.008942  0.008942  0.439171
  0.249656 -0.065804 -0.142636  0.017945  0.017945 -0.002190  0.003155  0.003155
 -0.090216 -0.017693 -0.489549  0.094637  0.094637  0.094637  0.273504 -0.060442
 -0.300240  0.061132  0.061132  0.061132 -0.200695  0.030668  0.030668  0.030668
 -0.312771 -0.433912  0.413246 -0.748570  0.413393 -0.102100  0.003698  0.003698
  0.131059 -0.031906 -0.031906 -0.123802  0.004156  0.004156  0.424810 -0.086913
 -0.295114  0.055717  0.055717  0.055717 -0.291119  0.054160  0.054160  0.054160
  0.497826  0.011298 -0.167869  0.052948  0.052948 -0.036179  0.333897 -0.073047
  0.011203  0.011203 -0.174720  0.039319  0.039319 -0.430345  0.158854  0.474303
  0.001578 -0.116027 -0.026946  0.067003 -0.048425  0.000555  0.005180  0.005180
 -0.171049  0.008942  0.008942  0.439171  0.249656 -0.065804 -0.142636  0.017945
  0.017945 -0.002190  0.003155  0.003155 -0.090216 -0.017693 -0.489549  0.094637
  0.094637  0.094637  0.273504 -0.060442 -0.300240  0.061132  0.061132  0.061132
 -0.200695  0.030668  0.030668  0.030668 -0.312771 -0.433912  0.413246 -0.748570
  0.413393 -0.102100  0.003698  0.003698  0.131059 -0.031906 -0.031906 -0.123802
  0.004156  0.004156  0.424810 -0.086913 -0.295114  0.055717  0.055717  0.055717
 -0.291119  0.054160  0.054160  0.054160  0.497826  0.011298 -0.167869  0.052948
  0.052948 -0.036179  0.333897 -0.073047  0.011203  0.011203 -0.174720  0.039319
  0.039319 -0.430345  0.158854  0.474303  0.001578 -0.116027 -0.026946  0.067003
 -0.048425  0.000555  0.005180  0.005180 -0.171049  0.008942  0.008942  0.439171
  0.249656 -0.065804 -0.142636  0.017945  0.017945 -0.002190  0.003155  0.003155
 -0.090216 -0.017693 -0.489549  0.094637  0.094637  0.094637  0.273504 -0.060442
 -0.300240  0.061132  0.061132  0.061132 -0.200695  0.030668  0.030668  0.030668
 -0.312771 -0.433912  0.413246 -0.748570  0.413393 -0.102100  0.003698  0.003698
  0.131059 -0.031906 -0.031906 -0.123802  0.004156  0.004156  0.424810 -0.086913
 -0.295114  0.055717  0.055717  0.055717 -0.291119  0.054160  0.054160  0.054160
  0.497826  0.011298 -0.167869  0.052948  0.052948 -0.036179  0.333897 -0.073047
  0.011203  0.011203 -0.174720  0.039319  0.039319 -0.430345  0.158854  0.474303
  0.001578 -0.116027 -0.026946  0.067003 -0.048425  0.000555  0.005180  0.005180
 -0.171049  0.008942  0.008942  0.439171  0.249656 -0.065804 -0.142636  0.017945
  0.017945 -0.002190  0.003155  0.003155 -0.090216 -0.017693 -0.489549  0.094637
  0.094637  0.094637  0.273504 -0.060442 -0.300240  0.061132  0.061132  0.061132
 -0.200695  0.030668  0.030668  0.030668 -0.312771 -0.433912  0.413246 -0.748570
  0.413393 -0.102100  0.003698  0.003698  0.131059 -0.031906 -0.031906 -0.123802
  0.004156  0.004156  0.424810 -0.086913 -0.295114  0.055717  0.055717  0.055717
 -0.291119  0.054160  0.054160  0.054160  0.497826  0.011298 -0.167869  0.052948
  0.052948 -0.036179  0.333897 -0.073047  0.011203  0.011203 -0.174720  0.039319
  0.039319 -0.430345  0.158854  0.474303  0.001578 -0.116027 -0.026946  0.067003
 -0.048425  0.000555  0.005180  0.005180 -0.171049  0.008942  0.008942  0.439171
  0.249656 -0.065804 -0.142636  0.017945  0.017945 -0.002190  0.003155  0.003155
 -0.090216 -0.017693 -0.489549  0.094637  0.094637  0.094637  0.273504 -0.060442
 -0.300240  0.061132  0.061132  0.061132 -0.200695  0.030668  0.030668  0.030668
 -0.312771 -0.433912  0.413246 -0.748570  0.413393 -0.102100  0.003698  0.003698
  0.131059 -0.031906 -0.031906 -0.123802  0.004156  0.004156  0.424810 -0.086913
 -0.295114  0.055717  0.055717  0.055717 -0.291119  0.054160  0.054160  0.054160
  0.497826  0.011298 -0.167869  0.052948  0.052948 -0.036179  0.333897 -0.073047
  0.011203  0.011203 -0.174720  0.039319  0.039319 -0.430345  0.158854  0.474303
  0.001578 -0.116027 -0.026946  0.067003 -0.048425  0.000555  0.005180  0.005180
 -0.171049  0.008942  0.008942  0.439171  0.249656 -0.065804 -0.142636  0.017945
  0.017945 -0.002190  0.003155  0.003155 -0.090216 -0.017693 -0.489549  0.094637
  0.094637  0.094637  0.273504 -0.060442 -0.300240  0.061132  0.061132  0.061132
 -0.200695  0.030668  0.030668  0.030668 -0.312771 -0.433912  0.413246 -0.748570
  0.413393 -0.102100  0.003698  0.003698  0.131059 -0.031906 -0.031906 -0.123802
  0.004156  0.004156  0.424810 -0.086913 -0.295114  0.055717  0.055717  0.055717
 -0.291119  0.054160  0.054160  0.054160  0.497826  0.011298 -0.167869  0.052948
  0.052948 -0.036179  0.333897 -0.073047  0.011203  0.011203 -0.174720  0.039319
  0.039319 -0.430345  0.158854  0.474303  0.001578 -0.116027 -0.026946  0.067003
 -0.048425  0.000555  0.005180  0.005180 -0.171049  0.008942  0.008942  0.439171
  0.249656 -0.065804 -0.142636  0.017945  0.017945 -0.002190  0.003155  0.003155
 -0.090216 -0.017693 -0.489549  0.094637  0.094637  0.094637  0.273504 -0.060442
 -0.300240  0.061132  0.061132  0.061132 -0.200695  0.030668  0.030668  0.030668
 -0.312771 -0.433912  0.413246 -0.748570  0.413393 -0.102100  0.003698  0.003698
  0.131059 -0.031906 -0.031906 -0.123802  0.004156  0.004156  0.424810 -0.086913
 -0.295114  0.055717  0.055717  0.055717 -0.291119  0.054160  0.054160  0.054160
  0.497826  0.011298 -0.167869  0.052948  0.052948 -0.036179  0.333897 -0.073047
  0.011203  0.011203 -0.174720  0.039319  0.039319 -0.430345  0.158854  0.474303
  0.001578 -0.116027 -0.026946  0.067003 -0.048425  0.000555  0.005180  0.005180
 -0.171049  0.008942  0.008942  0.439171  0.249656 -0.065804 -0.142636  0.017945
  0.017945 -0.002190  0.003155  0.003155 -0.090216 -0.017693 -0.489549  0.094637
  0.094637  0.094637  0.273504 -0.060442 -0.300240  0.061132  0.061132  0.061132
 -0.200695  0.030668  0.030668  0.030668 -0.312771 -0.433912  0.413246 -0.748570
  0.413393 -0.102100  0.003698  0.003698  0.131059 -0.031906 -0.031906 -0.123802
  0.004156  0.004156  0.424810 -0.086913 -0.295114  0.055717  0.055717  0.055717
 -0.291119  0.054160  0.054160  0.054160  0.497826  0.011298 -0.167869  0.052948
  0.052948 -0.036179  0.333897 -0.073047  0.011203  0.011203 -0.174720  0.039319
  0.039319 -0.430345  0.158854  0.474303  0.001578 -0.116027 -0.026946  0.067003
 -0.048425  0.000555  0.005180  0.005180 -0.171049  0.008942  0.008942  0.439171
  0.249656 -0.065804 -0.142636  0.017945  0.017945 -0.002190  0.003155  0.003155
 -0.090216 -0.017693 -0.489549  0.094637  0.094637  0.094637  0.273504 -0.060442
 -0.300240  0.061132  0.061132  0.061132 -0.200695  0.030668  0.030668  0.030668
 -0.312771 -0.433912  0.413246 -0.748570  0.413393 -0.102100  0.003698  0.003698
  0.131059 -0.031906 -0.031906 -0.123802  0.004156  0.004156  0.424810 -0.086913
 -0.295114  0.055717  0.055717  0.055717 -0.291119  0.054160  0.054160  0.054160
  0.497826  0.011298 -0.167869  0.052948  0.052948 -0.036179  0.333897 -0.073047
  0.011203  0.011203 -0.174720  0.039319  0.039319 -0.430345  0.158854  0.474303
  0.001578 -0.116027 -0.026946  0.067003 -0.048425  0.000555  0.005180  0.005180
 -0.171049  0.008942  0.008942  0.439171  0.249656 -0.065804 -0.142636  0.017945
  0.017945 -0.002190  0.003155  0.003155 -0.090216 -0.017693 -0.489549  0.094637
  0.094637  0.094637  0.273504 -0.060442 -0.300240  0.061132  0.061132  0.061132
 -0.200695  0.030668  0.030668  0.030668 -0.312771 -0.433912  0.413246 -0.748570
  0.413393 -0.102100  0.003698  0.003698  0.131059 -0.031906 -0.031906 -0.123802
  0.004156  0.004156  0.424810 -0.086913 -0.295114  0.055717  0.055717  0.055717
 -0.291119  0.054160  0.054160  0.054160  0.497826  0.011298 -0.167869  0.052948
  0.052948 -0.036179  0.333897 -0.073047  0.011203  0.011203 -0.174720  0.039319
  0.039319 -0.430345  0.158854  0.474303  0.001578 -0.116027 -0.026946  0.067003
 -0.048425  0.000555  0.005180  0.005180 -0.171049  0.008942  0.008942  0.439171
  0.249656 -0.065804 -0.142636  0.017945  0.017945 -0.002190  0.003155  0.003155
 -0.090216 -0.017693 -0.489549  0.094637  0.094637  0.094637  0.273504 -0.060442
 -0.300240  0.061132  0.061132  0.061132 -0.200695  0.030668  0.030668  0.030668
 -0.312771 -0.433912  0.413246 -0.748570  0.413393 -0.102100  0.003698  0.003698
  0.131059 -0.031906 -0.031906 -0.123802  0.004156  0.004156  0.424810 -0.086913
 -0.295114  0.055717  0.055717  0.055717 -0.291119  0.054160  0.054160  0.054160
  0.497826  0.011298 -0.167869  0.052948  0.052948 -0.036179  0.333897 -0.073047
  0.011203  0.011203 -0.174720  0.039319  0.039319 -0.430345  0.158854  0.474303
  0.001578 -0.116027 -0.026946  0.067003 -0.048425  0.000555  0.005180  0.005180
 -0.171049  0.008942  0.008942  0.439171  0.249656 -0.065804 -0.142636  0.017945
  0.017945 -0.002190  0.003155  0.003155 -0.090216 -0.017693 -0.489549  0.094637
  0.094637  0.094637  0.273504 -0.060442 -0.300240  0.061132  0.061132  0.061132
 -0.200695  0.030668  0.030668  0.030668 -0.312771 -0.433912  0.413246 -0.748570
  0.413393 -0.102100  0.003698  0.003698  0.131059 -0.031906 -0.031906 -0.123802
  0.004156  0.004156  0.424810 -0.086913 -0.295114  0.055717  0.055717  0.055717
 -0.291119  0.054160  0.054160  0.054160  0.497826  0.011298 -0.167869  0.052948
  0.052948 -0.036179  0.333897 -0.073047  0.011203  0.011203 -0.174720  0.039319
  0.039319 -0.430345  0.158854  0.474303  0.001578 -0.116027 -0.026946  0.067003
 -0.048425  0.000555  0.005180  0.005180 -0.171049  0.008942  0.008942  0.439171
  0.249656 -0.065804 -0.142636  0.017945  0.017945 -0.002190  0.003155  0.003155
 -0.090216 -0.017693 -0.489549  0.094637  0.094637  0.094637  0.273504 -0.060442
 -0.300240  0.061132  0.061132  0.061132 -0.200695  0.030668  0.030668  0.030668
 -0.312771 -0.433912  0.413246 -0.748570  0.413393 -0.102100  0.003698  0.003698
  0.131059 -0.031906 -0.031906 -0.123802  0.004156  0.004156  0.424810 -0.086913
 -0.295114  0.055717  0.055717  0.055717 -0.291119  0.054160  0.054160  0.054160
  0.497826  0.011298 -0.167869  0.052948  0.052948 -0.036179  0.333897 -0.073047
  0.011203  0.011203 -0.174720  0.039319  0.039319 -0.430345  0.158854  0.474303
  0.001578 -0.116027 -0.026946  0.067003 -0.048425  0.000555  0.005180  0.005180
 -0.171049  0.008942  0.008942  0.439171  0.249656 -0.065804 -0.142636  0.017945
  0.017945 -0.002190  0.003155  0.003155 -0.090216 -0.017693 -0.489549  0.094637
  0.094637  0.094637  0.273504 -0.060442 -0.300240  0.061132  0.061132  0.061132
 -0.200695  0.030668  0.030668  0.030668 -0.312771 -0.433912  0.413246 -0.748570
  0.413393 -0.102100  0.003698  0.003698  0.131059 -0.031906 -0.031906 -0.123802
  0.004156  0.004156  0.424810 -0.086913 -0.295114  0.055717  0.055717  0.055717
 -0.291119  0.054160  0.054160  0.054160  0.497826  0.011298 -0.167869  0.052948
  0.052948 -0.036179  0.333897 -0.073047  0.011203  0.011203 -0.174720  0.039319
  0.039319 -0.430345  0.158854  0.474303  0.001578 -0.116027 -0.026946  0.067003
 -0.048425  0.000555  0.005180  0.005180 -0.171049  0.008942  0.008942  0.439171
  0.249656 -0.065804 -0.142636  0.017945  0.017945 -0.002190  0.003155  0.003155
 -0.090216 -0.017693 -0.489549  0.094637  0.094637  0.094637  0.273504 -0.060442
 -0.300240  0.061132  0.061132  0.061132 -0.200695  0.030668  0.030668  0.030668
 -0.312771 -0.433912  0.413246 -0.748570  0.413393 -0.102100  0.003698  0.003698
  0.131059 -0.031906 -0.031906 -0.123802  0.004156  0.004156  0.424810 -0.086913
 -0.295114  0.055717  0.055717  0.055717 -0.291119  0.054160  0.054160  0.054160
  0.497826  0.011298 -0.167869  0.052948  0.052948 -0.036179  0.333897 -0.073047
  0.011203  0.011203 -0.174720  0.039319  0.039319 -0.430345  0.158854  0.474303
  0.001578 -0.116027 -0.026946  0.067003 -0.048425  0.000555  0.005180  0.005180
 -0.171049  0.008942  0.008942  0.439171  0.249656 -0.065804 -0.142636  0.017945
  0.017945 -0.002190  0.003155  0.003155 -0.090216 -0.017693 -0.489549  0.094637
  0.094637  0.094637  0.273504 -0.060442 -0.300240  0.061132  0.061132  0.061132
 -0.200695  0.030668  0.030668  0.030668 -0.312771 -0.433912  0.413246 -0.748570
  0.413393 -0.102100  0.003698  0.003698  0.131059 -0.031906 -0.031906 -0.123802
  0.004156  0.004156  0.424810 -0.086913 -0.295114  0.055717  0.055717  0.055717
 -0.291119  0.054160  0.054160  0.054160  0.497826  0.011298 -0.167869  0.052948
  0.052948 -0.036179  0.333897 -0.073047  0.011203  0.011203 -0.174720  0.039319
  0.039319 -0.430345  0.158854  0.474303  0.001578 -0.116027 -0.026946  0.067003
 -0.048425  0.000555  0.005180  0.005180 -0.171049  0.008942  0.008942  0.439171
  0.249656 -0.065804 -0.142636  0.017945  0.017945 -0.002190  0.003155  0.003155
 -0.090216 -0.017693 -0.489549  0.094637  0.094637  0.094637  0.273504 -0.060442
 -0.300240  0.061132  0.061132  0.061132 -0.200695  0.030668  0.030668  0.030668
 -0.312771 -0.433912  0.413246 -0.748570  0.413393 -0.102100  0.003698  0.003698
  0.131059 -0.031906 -0.031906 -0.123802  0.004156  0.004156  0.424810 -0.086913
 -0.295114  0.055717  0.055717  0.055717 -0.291119  0.054160  0.054160  0.054160
  0.497826  0.011298 -0.167869  0.052948  0.052948 -0.036179  0.333897 -0.073047
  0.011203  0.011203 -0.174720  0.039319  0.039319 -0.430345  0.158854  0.474303
  0.001578 -0.116027 -0.026946  0.067003 -0.048425  0.000555  0.005180  0.005180
 -0.171049  0.008942  0.008942  0.439171  0.249656 -0.065804 -0.142636  0.017945
  0.017945 -0.002190  0.003155  0.003155 -0.090216 -0.017693 -0.489549  0.094637
  0.094637  0.094637  0.273504 -0.060442 -0.300240  0.061132  0.061132  0.061132
 -0.200695  0.030668  0.030668  0.030668 -0.312771 -0.433912  0.413246 -0.748570
  0.413393 -0.102100  0.003698  0.003698  0.131059 -0.031906 -0.031906 -0.123802
  0.004156  0.004156  0.424810 -0.086913 -0.295114  0.055717  0.055717  0.055717
 -0.291119  0.054160  0.054160  0.054160  0.497826  0.011298 -0.167869  0.052948
  0.052948 -0.036179  0.333897 -0.073047  0.011203  0.011203 -0.174720  0.039319
  0.039319 -0.430345  0.158854  0.474303  0.001578 -0.116027 -0.026946  0.067003
 -0.048425  0.000555  0.005180  0.005180 -0.171049  0.008942  0.008942  0.439171
  0.249656 -0.065804 -0.142636  0.017945  0.017945 -0.002190  0.003155  0.003155
 -0.090216 -0.017693 -0.489549  0.094637  0.094637  0.094637  0.273504 -0.060442
 -0.300240  0.061132  0.061132  0.061132 -0.200695  0.030668  0.030668  0.030668
 -0.312771 -0.433912  0.413246 -0.748570  0.413393 -0.102100  0.003698  0.003698
  0.131059 -0.031906 -0.031906 -0.123802  0.004156  0.004156  0.424810 -0.086913
 -0.295114  0.055717  0.055717  0.055717 -0.291119  0.054160  0.054160  0.054160
  0.497826  0.011298 -0.167869  0.052948  0.052948 -0.036179  0.333897 -0.073047
  0.011203  0.011203 -0.174720  0.039319  0.039319 -0.430345  0.158854  0.474303
  0.001578 -0.116027 -0.026946  0.067003 -0.048425  0.000555  0.005180  0.005180
 -0.171049  0.008942  0.008942  0.439171  0.249656 -0.065804 -0.142636  0.017945
  0.017945 -0.002190  0.003155  0.003155 -0.090216 -0.017693 -0.489549  0.094637
  0.094637  0.094637  0.273504 -0.060442 -0.300240  0.061132  0.061132  0.061132
 -0.200695  0.030668  0.030668  0.030668 -0.312771 -0.433912  0.413246 -0.748570
  0.413393 -0.102100  0.003698  0.003698  0.131059 -0.031906 -0.031906 -0.123802
  0.004156  0.004156  0.424810 -0.086913 -0.295114  0.055717  0.055717  0.055717
 -0.291119  0.054160  0.054160  0.054160  0.497826  0.011298 -0.167869  0.052948
  0.052948 -0.036179  0.333897 -0.073047  0.011203  0.011203 -0.174720  0.039319
  0.039319 -0.430345  0.158854  0.474303  0.001578 -0.116027 -0.026946  0.067003
 -0.048425  0.000555  0.005180  0.005180 -0.171049  0.008942  0.008942  0.439171
  0.249656 -0.065804 -0.142636  0.017945  0.017945 -0.002190  0.003155  0.003155
 -0.090216 -0.017693 -0.489549  0.094637  0.094637  0.094637  0.273504 -0.060442
 -0.300240  0.061132  0.061132  0.061132 -0.200695  0.030668  0.030668  0.030668
 -0.312771 -0.433912  0.413246 -0.748570  0.413393 -0.102100  0.003698  0.003698
  0.131059 -0.031906 -0.031906 -0.123802  0.004156  0.004156  0.424810 -0.086913
 -0.295114  0.055717  0.055717  0.055717 -0.291119  0.054160  0.054160  0.054160
  0.497826  0.011298 -0.167869  0.052948  0.052948 -0.036179  0.333897 -0.073047
  0.011203  0.011203 -0.174720  0.039319  0.039319 -0.430345  0.158854  0.474303
  0.001578 -0.116027 -0.026946  0.067003 -0.048425  0.000555  0.005180  0.005180
 -0.171049  0.008942  0.008942  0.439171  0.249656 -0.065804 -0.142636  0.017945
  0.017945 -0.002190  0.003155  0.003155 -0.090216 -0.017693 -0.489549  0.094637
  0.094637  0.094637  0.273504 -0.060442 -0.300240  0.061132  0.061132  0.061132
 -0.200695  0.030668  0.030668  0.030668 -0.312771 -0.433912  0.413246 -0.748570
  0.413393 -0.102100  0.003698  0.003698  0.131059 -0.031906 -0.031906 -0.123802
  0.004156  0.004156  0.424810 -0.086913 -0.295114  0.055717  0.055717  0.055717
 -0.291119  0.054160  0.054160  0.054160  0.497826  0.011298 -0.167869  0.052948
  0.052948 -0.036179  0.333897 -0.073047  0.011203  0.011203 -0.174720  0.039319
  0.039319 -0.430345  0.158854  0.474303  0.001578 -0.116027 -0.026946  0.067003
 -0.048425  0.000555  0.005180  0.005180 -0.171049  0.008942  0.008942  0.439171
  0.249656 -0.065804 -0.142636  0.017945  0.017945 -0.002190  0.003155  0.003155
 -0.090216 -0.017693 -0.489549  0.094637  0.094637  0.094637  0.273504 -0.060442
 -0.300240  0.061132  0.061132  0.061132 -0.200695  0.030668  0.030668  0.030668
 -0.312771 -0.433912  0.413246 -0.748570  0.413393 -0.102100  0.003698  0.003698
  0.131059 -0.031906 -0.031906 -0.123802  0.004156  0.004156  0.424810 -0.086913
 -0.295114  0.055717  0.055717  0.055717 -0.291119  0.054160  0.054160  0.054160
  0.497826  0.011298 -0.167869  0.052948  0.052948 -0.036179  0.333897 -0.073047
  0.011203  0.011203 -0.174720  0.039319  0.039319 -0.430345  0.158854  0.474303
  0.001578 -0.116027 -0.026946  0.067003 -0.048425  0.000555  0.005180  0.005180
 -0.171049  0.008942  0.008942  0.439171  0.249656 -0.065804 -0.142636  0.017945
  0.017945 -0.002190  0.003155  0.003155 -0.090216 -0.017693 -0.489549  0.094637
  0.094637  0.094637  0.273504 -0.060442 -0.300240  0.061132  0.061132  0.061132
 -0.200695  0.030668  0.030668  0.030668 -0.312771 -0.433912  0.413246 -0.748570
  0.413393 -0.102100  0.003698  0.003698  0.131059 -0.031906 -0.031906 -0.123802
  0.004156  0.004156  0.424810 -0.086913 -0.295114  0.055717  0.055717  0.055717
 -0.291119  0.054160  0.054160  0.054160  0.497826  0.011298 -0.167869  0.052948
  0.052948 -0.036179  0.333897 -0.073047  0.011203  0.011203 -0.174720  0.039319
  0.039319 -0.430345  0.158854  0.474303  0.001578 -0.116027 -0.026946  0.067003
 -0.048425  0.000555  0.005180  0.005180 -0.171049  0.008942  0.008942  0.439171
  0.249656 -0.065804 -0.142636  0.017945  0.017945 -0.002190  0.003155  0.003155
 -0.090216 -0.017693 -0.489549  0.094637  0.094637  0.094637  0.273504 -0.060442
 -0.300240  0.061132  0.061132  0.061132 -0.200695  0.030668  0.030668  0.030668
 -0.312771 -0.433912  0.413246 -0.748570  0.413393 -0.102100  0.003698  0.003698
  0.131059 -0.031906 -0.031906 -0.123802  0.004156  0.004156  0.424810 -0.086913
 -0.295114  0.055717  0.055717  0.055717 -0.291119  0.054160  0.054160  0.054160
  0.497826  0.011298 -0.167869  0.052948  0.052948 -0.036179  0.333897 -0.073047
  0.011203  0.011203 -0.174720  0.039319  0.039319 -0.430345  0.158854  0.474303
  0.001578 -0.116027 -0.026946  0.067003 -0.048425  0.000555  0.005180  0.005180
 -0.171049  0.008942  0.008942  0.439171  0.249656 -0.065804 -0.142636  0.017945
  0.017945 -0.002190  0.003155  0.003155 -0.090216 -0.017693 -0.489549  0.094637
  0.094637  0.094637  0.273504 -0.060442 -0.300240  0.061132  0.061132  0.061132
 -0.200695  0.030668  0.030668  0.030668 -0.312771 -0.433912  0.413246 -0.748570
  0.413393 -0.102100  0.003698  0.003698  0.131059 -0.031906 -0.031906 -0.123802
  0.004156  0.004156  0.424810 -0.086913 -0.295114  0.055717  0.055717  0.055717
 -0.291119  0.054160  0.054160  0.054160  0.497826  0.011298 -0.167869  0.052948
  0.052948 -0.036179  0.333897 -0.073047  0.011203  0.011203 -0.174720  0.039319
  0.039319 -0.430345  0.158854  0.474303  0.001578 -0.116027 -0.026946  0.067003
 -0.048425  0.000555  0.005180  0.005180 -0.171049  0.008942  0.008942  0.439171
  0.249656 -0.065804 -0.142636  0.017945  0.017945 -0.002190  0.003155  0.003155
 -0.090216 -0.017693 -0.489549  0.094637  0.094637  0.094637  0.273504 -0.060442
 -0.300240  0.061132  0.061132  0.061132 -0.200695  0.030668  0.030668  0.030668
 -0.312771 -0.433912  0.413246 -0.748570  0.413393 -0.102100  0.003698  0.003698
  0.131059 -0.031906 -0.031906 -0.123802  0.004156  0.004156  0.424810 -0.086913
 -0.295114  0.055717  0.055717  0.055717 -0.291119  0.054160  0.054160  0.054160
  0.497826  0.011298 -0.167869  0.052948  0.052948 -0.036179  0.333897 -0.073047
  0.011203  0.011203 -0.174720  0.039319  0.039319 -0.430345  0.158854  0.474303
  0.001578 -0.116027 -0.026946  0.067003 -0.048425  0.000555  0.005180  0.005180
 -0.171049  0.008942  0.008942  0.439171  0.249656 -0.065804 -0.142636  0.017945
  0.017945 -0.002190  0.003155  0.003155 -0.090216 -0.017693 -0.489549  0.094637
  0.094637  0.094637  0.273504 -0.060442 -0.300240  0.061132  0.061132  0.061132
 -0.200695  0.030668  0.030668  0.030668 -0.312771 -0.433912  0.413246 -0.748570
  0.413393 -0.102100  0.003698  0.003698  0.131059 -0.031906 -0.031906 -0.123802
  0.004156  0.004156  0.424810 -0.086913 -0.295114  0.055717  0.055717  0.055717
 -0.291119  0.054160  0.054160  0.054160  0.497826  0.011298 -0.167869  0.052948
  0.052948 -0.036179  0.333897 -0.073047  0.011203  0.011203 -0.174720  0.039319
  0.039319 -0.430345  0.158854  0.474303  0.001578 -0.116027 -0.026946  0.067003
 -0.048425  0.000555  0.005180  0.005180 -0.171049  0.008942  0.008942  0.439171
  0.249656 -0.065804 -0.142636  0.017945  0.017945 -0.002190  0.003155  0.003155
 -0.090216 -0.017693 -0.489549  0.094637  0.094637  0.094637  0.273504 -0.060442
 -0.300240  0.061132  0.061132  0.061132 -0.200695  0.030668  0.030668  0.030668
 -0.312771 -0.433912  0.413246 -0.748570  0.413393 -0.102100  0.003698  0.003698
  0.131059 -0.031906 -0.031906 -0.123802  0.004156  0.004156  0.424810 -0.086913
 -0.295114  0.055717  0.055717  0.055717 -0.291119  0.054160  0.054160  0.054160
  0.497826  0.011298 -0.167869  0.052948  0.052948 -0.036179  0.333897 -0.073047
  0.011203  0.011203 -0.174720  0.039319  0.039319 -0.430345  0.158854  0.474303
  0.001578 -0.116027 -0.026946  0.067003 -0.048425  0.000555  0.005180  0.005180
 -0.171049  0.008942  0.008942  0.439171  0.249656 -0.065804 -0.142636  0.017945
  0.017945 -0.002190  0.003155  0.003155 -0.090216 -0.017693 -0.489549  0.094637
  0.094637  0.094637  0.273504 -0.060442 -0.300240  0.061132  0.061132  0.061132
 -0.200695  0.030668  0.030668  0.030668 -0.312771 -0.433912  0.413246 -0.748570
  0.413393 -0.102100  0.003698  0.003698  0.131059 -0.031906 -0.031906 -0.123802
  0.004156  0.004156  0.424810 -0.086913 -0.295114  0.055717  0.055717  0.055717
 -0.291119  0.054160  0.054160  0.054160  0.497826  0.011298 -0.167869  0.052948
  0.052948 -0.036179  0.333897 -0.073047  0.011203  0.011203 -0.174720  0.039319
  0.039319 -0.430345  0.158854  0.474303  0.001578 -0.116027 -0.026946  0.067003
 -0.048425  0.000555  0.005180  0.005180 -0.171049  0.008942  0.008942  0.439171
  0.249656 -0.065804 -0.142636  0.017945  0.017945 -0.002190  0.003155  0.003155
 -0.090216 -0.017693 -0.489549  0.094637  0.094637  0.094637  0.273504 -0.060442
 -0.300240  0.061132  0.061132  0.061132 -0.200695  0.030668  0.030668  0.030668
 -0.312771 -0.433912  0.413246 -0.748570  0.413393 -0.102100  0.003698  0.003698
  0.131059 -0.031906 -0.031906 -0.123802  0.004156  0.004156  0.424810 -0.086913
 -0.295114  0.055717  0.055717  0.055717 -0.291119  0.054160  0.054160  0.054160
  0.497826  0.011298 -0.167869  0.052948  0.052948 -0.036179  0.333897 -0.073047
  0.011203  0.011203 -0.174720  0.039319  0.039319 -0.430345  0.158854  0.474303
  0.001578 -0.116027 -0.026946  0.067003 -0.048425  0.000555  0.005180  0.005180
 -0.171049  0.008942  0.008942  0.439171  0.249656 -0.065804 -0.142636  0.017945
  0.017945 -0.002190  0.003155  0.003155 -0.090216 -0.017693 -0.489549  0.094637
  0.094637  0.094637  0.273504 -0.060442 -0.300240  0.061132  0.061132  0.061132
 -0.200695  0.030668  0.030668  0.030668 -0.312771 -0.433912  0.413246 -0.748570
  0.413393 -0.102100  0.003698  0.003698  0.131059 -0.031906 -0.031906 -0.123802
  0.004156  0.004156  0.424810 -0.086913 -0.295114  0.055717  0.055717  0.055717
 -0.291119  0.054160  0.054160  0.054160  0.497826  0.011298 -0.167869  0.052948
  0.052948 -0.036179  0.333897 -0.073047  0.011203  0.011203 -0.174720  0.039319
  0.039319 -0.430345  0.158854  0.474303  0.001578 -0.116027 -0.026946  0.067003
 -0.048425  0.000555  0.005180  0.005180 -0.171049  0.008942  0.008942  0.439171
  0.249656 -0.065804 -0.142636  0.017945  0.017945 -0.002190  0.003155  0.003155
 -0.090216 -0.017693 -0.489549  0.094637  0.094637  0.094637  0.273504 -0.060442
 -0.300240  0.061132  0.061132  0.061132 -0.200695  0.030668  0.030668  0.030668
 -0.312771 -0.433912  0.413246 -0.748570  0.413393 -0.102100  0.003698  0.003698
  0.131059 -0.031906 -0.031906 -0.123802  0.004156  0.004156  0.424810 -0.086913
 -0.295114  0.055717  0.055717  0.055717 -0.291119  0.054160  0.054160  0.054160
  0.497826  0.011298 -0.167869  0.052948  0.052948 -0.036179  0.333897 -0.073047
  0.011203  0.011203 -0.174720  0.039319  0.039319 -0.430345  0.158854  0.474303
  0.001578 -0.116027 -0.026946  0.067003 -0.048425  0.000555  0.005180  0.005180
 -0.171049  0.008942  0.008942  0.439171  0.249656 -0.065804 -0.142636  0.017945
  0.017945 -0.002190  0.003155  0.003155 -0.090216 -0.017693 -0.489549  0.094637
  0.094637  0.094637  0.273504 -0.060442 -0.300240  0.061132  0.061132  0.061132
 -0.200695  0.030668  0.030668  0.030668 -0.312771 -0.433912  0.413246 -0.748570
  0.413393 -0.102100  0.003698  0.003698  0.131059 -0.031906 -0.031906 -0.123802
  0.004156  0.004156  0.424810 -0.086913 -0.295114  0.055717  0.055717  0.055717
 -0.291119  0.054160  0.054160  0.054160  0.497826  0.011298 -0.167869  0.052948
  0.052948 -0.036179  0.333897 -0.073047  0.011203  0.011203 -0.174720  0.039319
  0.039319 -0.430345  0.158854  0.474303  0.001578 -0.116027 -0.026946  0.067003
 -0.048425  0.000555  0.005180  0.005180 -0.171049  0.008942  0.008942  0.439171
  0.249656 -0.065804 -0.142636  0.017945  0.017945 -0.002190  0.003155  0.003155
 -0.090216 -0.017693 -0.489549  0.094637  0.094637  0.094637  0.273504 -0.060442
 -0.300240  0.061132  0.061132  0.061132 -0.200695  0.030668  0.030668  0.030668
 -0.312771 -0.433912  0.413246 -0.748570  0.413393 -0.102100  0.003698  0.003698
  0.131059 -0.031906 -0.031906 -0.123802  0.004156  0.004156  0.424810 -0.086913
 -0.295114  0.055717  0.055717  0.055717 -0.291119  0.054160  0.054160  0.054160
  0.497826  0.011298 -0.167869  0.052948  0.052948 -0.036179  0.333897 -0.073047
  0.011203  0.011203 -0.174720  0.039319  0.039319 -0.430345  0.158854  0.474303
  0.001578 -0.116027 -0.026946  0.067003 -0.048425  0.000555  0.005180  0.005180
 -0.171049  0.008942  0.008942  0.439171  0.249656 -0.065804 -0.142636  0.017945
  0.017945 -0.002190  0.003155  0.003155 -0.090216 -0.017693 -0.489549  0.094637
  0.094637  0.094637  0.273504 -0.060442 -0.300240  0.061132  0.061132  0.061132
 -0.200695  0.030668  0.030668  0.030668 -0.312771 -0.433912  0.413246 -0.748570
  0.413393 -0.102100  0.003698  0.003698  0.131059 -0.031906 -0.031906 -0.123802
  0.004156  0.004156  0.424810 -0.086913 -0.295114  0.055717  0.055717  0.055717
 -0.291119  0.054160  0.054160  0.054160  0.497826  0.011298 -0.167869  0.052948
  0.052948 -0.036179  0.333897 -0.073047  0.011203  0.011203 -0.174720  0.039319
  0.039319 -0.430345  0.158854  0.474303  0.001578 -0.116027 -0.026946  0.067003
 -0.048425  0.000555  0.005180  0.005180 -0.171049  0.008942  0.008942  0.439171
  0.249656 -0.065804 -0.142636  0.017945  0.017945 -0.002190  0.003155  0.003155
 -0.090216 -0.017693 -0.489549  0.094637  0.094637  0.094637  0.273504 -0.060442
 -0.300240  0.061132  0.061132  0.061132 -0.200695  0.030668  0.030668  0.030668
 -0.312771 -0.433912  0.413246 -0.748570  0.413393 -0.102100  0.003698  0.003698
  0.131059 -0.031906 -0.031906 -0.123802  0.004156  0.004156  0.424810 -0.086913
 -0.295114  0.055717  0.055717  0.055717 -0.291119  0.054160  0.054160  0.054160
  0.497826  0.011298 -0.167869  0.052948  0.052948 -0.036179  0.333897 -0.073047
  0.011203  0.011203 -0.174720  0.039319  0.039319 -0.430345  0.158854  0.474303
  0.001578 -0.116027 -0.026946  0.067003 -0.048425  0.000555  0.005180  0.005180
 -0.171049  0.008942  0.008942  0.439171  0.249656 -0.065804 -0.142636  0.017945
  0.017945 -0.002190  0.003155  0.003155 -0.090216 -0.017693 -0.489549  0.094637
  0.094637  0.094637  0.273504 -0.060442 -0.300240  0.061132  0.061132  0.061132
 -0.200695  0.030668  0.030668  0.030668 -0.312771 -0.433912  0.413246 -0.748570
  0.413393 -0.102100  0.003698  0.003698  0.131059 -0.031906 -0.031906 -0.123802
  0.004156  0.004156  0.424810 -0.086913 -0.295114  0.055717  0.055717  0.055717
 -0.291119  0.054160  0.054160  0.054160  0.497826  0.011298 -0.167869  0.052948
  0.052948 -0.036179  0.333897 -0.073047  0.011203  0.011203 -0.174720  0.039319
  0.039319 -0.430345  0.158854  0.474303  0.001578 -0.116027 -0.026946  0.067003
 -0.048425  0.000555  0.005180  0.005180 -0.171049  0.008942  0.008942  0.439171
  0.249656 -0.065804 -0.142636  0.017945  0.017945 -0.002190  0.003155  0.003155
 -0.090216 -0.017693 -0.489549  0.094637  0.094637  0.094637  0.273504 -0.060442
 -0.300240  0.061132  0.061132  0.061132 -0.200695  0.030668  0.030668  0.030668
 -0.312771 -0.433912  0.413246 -0.748570  0.413393 -0.102100  0.003698  0.003698
  0.131059 -0.031906 -0.031906 -0.123802  0.004156  0.004156  0.424810 -0.086913
 -0.295114  0.055717  0.055717  0.055717 -0.291119  0.054160  0.054160  0.054160
  0.497826  0.011298 -0.167869  0.052948  0.052948 -0.036179  0.333897 -0.073047
  0.011203  0.011203 -0.174720  0.039319  0.039319 -0.430345  0.158854  0.474303
  0.001578 -0.116027 -0.026946  0.067003 -0.048425  0.000555  0.005180  0.005180
 -0.171049  0.008942  0.008942  0.439171  0.249656 -0.065804 -0.142636  0.017945
  0.017945 -0.002190  0.003155  0.003155 -0.090216 -0.017693 -0.489549  0.094637
  0.094637  0.094637  0.273504 -0.060442 -0.300240  0.061132  0.061132  0.061132
 -0.200695  0.030668  0.030668  0.030668 -0.312771 -0.433912  0.413246 -0.748570
  0.413393 -0.102100  0.003698  0.003698  0.131059 -0.031906 -0.031906 -0.123802
  0.004156  0.004156  0.424810 -0.086913 -0.295114  0.055717  0.055717  0.055717
 -0.291119  0.054160  0.054160  0.054160  0.497826  0.011298 -0.167869  0.052948
  0.052948 -0.036179  0.333897 -0.073047  0.011203  0.011203 -0.174720  0.039319
  0.039319 -0.430345  0.158854  0.474303  0.001578 -0.116027 -0.026946  0.067003
 -0.048425  0.000555  0.005180  0.005180 -0.171049  0.008942  0.008942  0.439171
  0.249656 -0.065804 -0.142636  0.017945  0.017945 -0.002190  0.003155  0.003155
 -0.090216 -0.017693 -0.489549  0.094637  0.094637  0.094637  0.273504 -0.060442
 -0.300240  0.061132  0.061132  0.061132 -0.200695  0.030668  0.030668  0.030668
 -0.312771 -0.433912  0.413246 -0.748570  0.413393 -0.102100  0.003698  0.003698
  0.131059 -0.031906 -0.031906 -0.123802  0.004156  0.004156  0.424810 -0.086913
 -0.295114  0.055717  0.055717  0.055717 -0.291119  0.054160  0.054160  0.054160
  0.497826  0.011298 -0.167869  0.052948  0.052948 -0.036179  0.333897 -0.073047
  0.011203  0.011203 -0.174720  0.039319  0.039319 -0.430345  0.158854  0.474303
  0.001578 -0.116027 -0.026946  0.067003 -0.048425  0.000555  0.005180  0.005180
 -0.171049  0.008942  0.008942  0.439171  0.249656 -0.065804 -0.142636  0.017945
  0.017945 -0.002190  0.003155  0.003155 -0.090216 -0.017693 -0.489549  0.094637
  0.094637  0.094637  0.273504 -0.060442 -0.300240  0.061132  0.061132  0.061132
 -0.200695  0.030668  0.030668  0.030668 -0.312771 -0.433912  0.413246 -0.748570
  0.413393 -0.102100  0.003698  0.003698  0.131059 -0.031906 -0.031906 -0.123802
  0.004156  0.004156  0.424810 -0.086913 -0.295114  0.055717  0.055717  0.055717
 -0.291119  0.054160  0.054160  0.054160  0.497826  0.011298 -0.167869  0.052948
  0.052948 -0.036179  0.333897 -0.073047  0.011203  0.011203 -0.174720  0.039319
  0.039319 -0.430345  0.158854  0.474303  0.001578 -0.116027 -0.026946  0.067003
 -0.048425  0.000555  0.005180  0.005180 -0.171049  0.008942  0.008942  0.439171
  0.249656 -0.065804 -0.142636  0.017945  0.017945 -0.002190  0.003155  0.003155
 -0.090216 -0.017693 -0.489549  0.094637  0.094637  0.094637  0.273504 -0.060442
 -0.300240  0.061132  0.061132  0.061132 -0.200695  0.030668  0.030668  0.030668
 -0.312771 -0.433912  0.413246 -0.748570  0.413393 -0.102100  0.003698  0.003698
  0.131059 -0.031906 -0.031906 -0.123802  0.004156  0.004156  0.424810 -0.086913
 -0.295114  0.055717  0.055717  0.055717 -0.291119  0.054160  0.054160  0.054160
  0.497826  0.011298 -0.167869  0.052948  0.052948 -0.036179  0.333897 -0.073047
  0.011203  0.011203 -0.174720  0.039319  0.039319 -0.430345  0.158854  0.474303
  0.001578 -0.116027 -0.026946  0.067003 -0.048425  0.000555  0.005180  0.005180
 -0.171049  0.008942  0.008942  0.439171  0.249656 -0.065804 -0.142636  0.017945
  0.017945 -0.002190  0.003155  0.003155 -0.090216 -0.017693 -0.489549  0.094637
  0.094637  0.094637  0.273504 -0.060442 -0.300240  0.061132  0.061132  0.061132
 -0.200695  0.030668  0.030668  0.030668 -0.312771 -0.433912  0.413246 -0.748570
  0.413393 -0.102100  0.003698  0.003698  0.131059 -0.031906 -0.031906 -0.123802
  0.004156  0.004156  0.424810 -0.086913 -0.295114  0.055717  0.055717  0.055717
 -0.291119  0.054160  0.054160  0.054160  0.497826  0.011298 -0.167869  0.052948
  0.052948 -0.036179  0.333897 -0.073047  0.011203  0.011203 -0.174720  0.039319
  0.039319 -0.430345  0.158854  0.474303  0.001578 -0.116027 -0.026946  0.067003
 -0.048425  0.000555  0.005180  0.005180 -0.171049  0.008942  0.008942  0.439171
  0.249656 -0.065804 -0.142636  0.017945  0.017945 -0.002190  0.003155  0.003155
 -0.090216 -0.017693 -0.489549  0.094637  0.094637  0.094637  0.273504 -0.060442
 -0.300240  0.061132  0.061132  0.061132 -0.200695  0.030668  0.030668  0.030668
 -0.312771 -0.433912  0.413246 -0.748570  0.413393 -0.102100  0.003698  0.003698
  0.131059 -0.031906 -0.031906 -0.123802  0.004156  0.004156  0.424810 -0.086913
 -0.295114  0.055717  0.055717  0.055717 -0.291119  0.054160  0.054160  0.054160
  0.497826  0.011298 -0.167869  0.052948  0.052948 -0.036179  0.333897 -0.073047
  0.011203  0.011203 -0.174720  0.039319  0.039319 -0.430345  0.158854  0.474303
  0.001578 -0.116027 -0.026946  0.067003 -0.048425  0.000555  0.005180  0.005180
 -0.171049  0.008942  0.008942  0.439171  0.249656 -0.065804 -0.142636  0.017945
  0.017945 -0.002190  0.003155  0.003155 -0.090216 -0.017693 -0.489549  0.094637
  0.094637  0.094637  0.273504 -0.060442 -0.300240  0.061132  0.061132  0.061132
 -0.200695  0.030668  0.030668  0.030668 -0.312771 -0.433912  0.413246 -0.748570
  0.413393 -0.102100  0.003698  0.003698  0.131059 -0.031906 -0.031906 -0.123802
  0.004156  0.004156  0.424810 -0.086913 -0.295114  0.055717  0.055717  0.055717
 -0.291119  0.054160  0.054160  0.054160  0.497826  0.011298 -0.167869  0.052948
  0.052948 -0.036179  0.333897 -0.073047  0.011203  0.011203 -0.174720  0.039319
  0.039319 -0.430345  0.158854  0.474303  0.001578 -0.116027 -0.026946  0.067003
 -0.048425  0.000555  0.005180  0.005180 -0.171049  0.008942  0.008942  0.439171
  0.249656 -0.065804 -0.142636  0.017945  0.017945 -0.002190  0.003155  0.003155
 -0.090216 -0.017693 -0.489549  0.094637  0.094637  0.094637  0.273504 -0.060442
 -0.300240  0.061132  0.061132  0.061132 -0.200695  0.030668  0.030668  0.030668
 -0.312771 -0.433912  0.413246 -0.748570  0.413393 -0.102100  0.003698  0.003698
  0.131059 -0.031906 -0.031906 -0.123802  0.004156  0.004156  0.424810 -0.086913
 -0.295114  0.055717  0.055717  0.055717 -0.291119  0.054160  0.054160  0.054160
  0.497826  0.011298 -0.167869  0.052948  0.052948 -0.036179  0.333897 -0.073047
  0.011203  0.011203 -0.174720  0.039319  0.039319 -0.430345  0.158854  0.474303
  0.001578 -0.116027 -0.026946  0.067003 -0.048425  0.000555  0.005180  0.005180
 -0.171049  0.008942  0.008942  0.439171  0.249656 -0.065804 -0.142636  0.017945
  0.017945 -0.002190  0.003155  0.003155 -0.090216 -0.017693 -0.489549  0.094637
  0.094637  0.094637  0.273504 -0.060442 -0.300240  0.061132  0.061132  0.061132
 -0.200695  0.030668  0.030668  0.030668 -0.312771 -0.433912  0.413246 -0.748570
  0.413393 -0.102100  0.003698  0.003698  0.131059 -0.031906 -0.031906 -0.123802
  0.004156  0.004156  0.424810 -0.086913 -0.295114  0.055717  0.055717  0.055717
 -0.291119  0.054160  0.054160  0.054160  0.497826  0.011298 -0.167869  0.052948
  0.052948 -0.036179  0.333897 -0.073047  0.011203  0.011203 -0.174720  0.039319
  0.039319 -0.430345  0.158854  0.474303  0.001578 -0.116027 -0.026946  0.067003
 -0.048425  0.000555  0.005180  0.005180 -0.171049  0.008942  0.008942  0.439171
  0.249656 -0.065804 -0.142636  0.017945  0.017945 -0.002190  0.003155  0.003155
 -0.090216 -0.017693 -0.489549  0.094637  0.094637  0.094637  0.273504 -0.060442
 -0.300240  0.061132  0.061132  0.061132 -0.200695  0.030668  0.030668  0.030668
 -0.312771 -0.433912  0.413246 -0.748570  0.413393 -0.102100  0.003698  0.003698
  0.131059 -0.031906 -0.031906 -0.123802  0.004156  0.004156  0.424810 -0.086913
 -0.295114  0.055717  0.055717  0.055717 -0.291119  0.054160  0.054160  0.054160
  0.497826  0.011298 -0.167869  0.052948  0.052948 -0.036179  0.333897 -0.073047
  0.011203  0.011203 -0.174720  0.039319  0.039319 -0.430345  0.158854  0.474303
  0.001578 -0.116027 -0.026946  0.067003 -0.048425  0.000555  0.005180  0.005180
 -0.171049  0.008942  0.008942  0.439171  0.249656 -0.065804 -0.142636  0.017945
  0.017945 -0.002190  0.003155  0.003155 -0.090216 -0.017693 -0.489549  0.094637
  0.094637  0.094637  0.273504 -0.060442 -0.300240  0.061132  0.061132  0.061132
 -0.200695  0.030668  0.030668  0.030668 -0.312771 -0.433912  0.413246 -0.748570
  0.413393 -0.102100  0.003698  0.003698  0.131059 -0.031906 -0.031906 -0.123802
  0.004156  0.004156  0.424810 -0.086913 -0.295114  0.055717  0.055717  0.055717
 -0.291119  0.054160  0.054160  0.054160  0.497826  0.011298 -0.167869  0.052948
  0.052948 -0.036179  0.333897 -0.073047  0.011203  0.011203 -0.174720  0.039319
  0.039319 -0.430345  0.158854  0.474303  0.001578 -0.116027 -0.026946  0.067003
 -0.048425  0.000555  0.005180  0.005180 -0.171049  0.008942  0.008942  0.439171
  0.249656 -0.065804 -0.142636  0.017945  0.017945 -0.002190  0.003155  0.003155
 -0.090216 -0.017693 -0.489549  0.094637  0.094637  0.094637  0.273504 -0.060442
 -0.300240  0.061132  0.061132  0.061132 -0.200695  0.030668  0.030668  0.030668
 -0.312771 -0.433912  0.413246 -0.748570  0.413393 -0.102100  0.003698  0.003698
  0.131059 -0.031906 -0.031906 -0.123802  0.004156  0.004156  0.424810 -0.086913
 -0.295114  0.055717  0.055717  0.055717 -0.291119  0.054160  0.054160  0.054160
  0.497826  0.011298 -0.167869  0.052948  0.052948 -0.036179  0.333897 -0.073047
  0.011203  0.011203 -0.174720  0.039319  0.039319 -0.430345  0.158854  0.474303
  0.001578 -0.116027 -0.026946  0.067003 -0.048425  0.000555  0.005180  0.005180
 -0.171049  0.008942  0.008942  0.439171  0.249656 -0.065804 -0.142636  0.017945
  0.017945 -0.002190  0.003155  0.003155 -0.090216 -0.017693 -0.489549  0.094637
  0.094637  0.094637  0.273504 -0.060442 -0.300240  0.061132  0.061132  0.061132
 -0.200695  0.030668  0.030668  0.030668 -0.312771 -0.433912  0.413246 -0.748570
  0.413393 -0.102100  0.003698  0.003698  0.131059 -0.031906 -0.031906 -0.123802
  0.004156  0.004156  0.424810 -0.086913 -0.295114  0.055717  0.055717  0.055717
 -0.291119  0.054160  0.054160  0.054160  0.497826  0.011298 -0.167869  0.052948
  0.052948 -0.036179  0.333897 -0.073047  0.011203  0.011203 -0.174720  0.039319
  0.039319 -0.430345  0.158854  0.474303  0.001578 -0.116027 -0.026946  0.067003
 -0.048425  0.000555  0.005180  0.005180 -0.171049  0.008942  0.008942  0.439171
  0.249656 -0.065804 -0.142636  0.017945  0.017945 -0.002190  0.003155  0.003155
 -0.090216 -0.017693 -0.489549  0.094637  0.094637  0.094637  0.273504 -0.060442
 -0.300240  0.061132  0.061132  0.061132 -0.200695  0.030668  0.030668  0.030668
 -0.312771 -0.433912  0.413246 -0.748570  0.413393 -0.102100  0.003698  0.003698
  0.131059 -0.031906 -0.031906 -0.123802  0.004156  0.004156  0.424810 -0.086913
 -0.295114  0.055717  0.055717  0.055717 -0.291119  0.054160  0.054160  0.054160
  0.497826  0.011298 -0.167869  0.052948  0.052948 -0.036179  0.333897 -0.073047
  0.011203  0.011203 -0.174720  0.039319  0.039319 -0.430345  0.158854  0.474303
  0.001578 -0.116027 -0.026946  0.067003 -0.048425  0.000555  0.005180  0.005180
 -0.171049  0.008942  0.008942  0.439171  0.249656 -0.065804 -0.142636  0.017945
  0.017945 -0.002190  0.003155  0.003155 -0.090216 -0.017693 -0.489549  0.094637
  0.094637  0.094637  0.273504 -0.060442 -0.300240  0.061132  0.061132  0.061132
 -0.200695  0.030668  0.030668  0.030668 -0.312771 -0.433912  0.413246 -0.748570
  0.413393 -0.102100  0.003698  0.003698  0.131059 -0.031906 -0.031906 -0.123802
  0.004156  0.004156  0.424810 -0.086913 -0.295114  0.055717  0.055717  0.055717
 -0.291119  0.054160  0.054160  0.054160  0.497826  0.011298 -0.167869  0.052948
  0.052948 -0.036179  0.333897 -0.073047  0.011203  0.011203 -0.174720  0.039319
  0.039319 -0.430345  0.158854  0.474303  0.001578 -0.116027 -0.026946  0.067003
 -0.048425  0.000555  0.005180  0.005180 -0.171049  0.008942  0.008942  0.439171
  0.249656 -0.065804 -0.142636  0.017945  0.017945 -0.002190  0.003155  0.003155
 -0.090216 -0.017693 -0.489549  0.094637  0.094637  0.094637  0.273504 -0.060442
 -0.300240  0.061132  0.061132  0.061132 -0.200695  0.030668  0.030668  0.030668
 -0.312771 -0.433912  0.413246 -0.748570  0.413393 -0.102100  0.003698  0.003698
  0.131059 -0.031906 -0.031906 -0.123802  0.004156  0.004156  0.424810 -0.086913
 -0.295114  0.055717  0.055717  0.055717 -0.291119  0.054160  0.054160  0.054160
