  0.497826  0.011298 -0.164096  0.061145  0.037131 -0.036179  0.333897 -0.082528
 -0.005858  0.035647 -0.160819  0.019757  0.044543 -0.430345  0.158854  0.474303
  0.001578 -0.116027 -0.026946  0.067003 -0.048425  0.093794 -0.021026 -0.030383
 -0.218551  0.014464  0.025255  0.439171  0.249656 -0.065804 -0.215946  0.063818
  0.011783  0.021658 -0.000564  0.000678 -0.090216 -0.017693 -0.469445  0.096153
  0.098927  0.087142  0.273504 -0.060442 -0.313697  0.060625  0.066956  0.064876
 -0.227741  0.026585  0.057055  0.036759 -0.312771 -0.433912  0.413246 -0.748570
  0.413393 -0.093703 -0.000638  0.002817  0.129404 -0.030467 -0.035089 -0.110734
  0.000626  0.000669  0.424810 -0.086913 -0.300295  0.056346  0.058325  0.053995
 -0.292869  0.055644  0.055565  0.052011  0.497826  0.011298 -0.164096  0.061145
  0.037131 -0.036179  0.333897 -0.082528 -0.005858  0.035647 -0.160819  0.019757
  0.044543 -0.430345  0.158854  0.474303  0.001578 -0.116027 -0.026946  0.067003
 -0.048425  0.093794 -0.021026 -0.030383 -0.218551  0.014464  0.025255  0.439171
  0.249656 -0.065804 -0.215946  0.063818  0.011783  0.021658 -0.000564  0.000678
 -0.090216 -0.017693 -0.469445  0.096153  0.098927  0.087142  0.273504 -0.060442
 -0.313697  0.060625  0.066956  0.064876 -0.227741  0.026585  0.057055  0.036759
 -0.312771 -0.433912  0.413246 -0.748570  0.413393 -0.093703 -0.000638  0.002817
  0.129404 -0.030467 -0.035089 -0.110734  0.000626  0.000669  0.424810 -0.086913
 -0.300295  0.056346  0.058325  0.053995 -0.292869  0.055644  0.055565  0.052011
  0.497826  0.011298 -0.164096  0.061145  0.037131 -0.036179  0.333897 -0.082528
 -0.005858  0.035647 -0.160819  0.019757  0.044543 -0.430345  0.158854  0.474303
  0.001578 -0.116027 -0.026946  0.067003 -0.048425  0.093794 -0.021026 -0.030383
 -0.218551  0.014464  0.025255  0.439171  0.249656 -0.065804 -0.215946  0.063818
  0.011783  0.021658 -0.000564  0.000678 -0.090216 -0.017693 -0.469445  0.096153
  0.098927  0.087142  0.273504 -0.060442 -0.313697  0.060625  0.066956  0.064876
 -0.227741  0.026585  0.057055  0.036759 -0.312771 -0.433912  0.413246 -0.748570
  0.413393 -0.093703 -0.000638  0.002817  0.129404 -0.030467 -0.035089 -0.110734
  0.000626  0.000669  0.424810 -0.086913 -0.300295  0.056346  0.058325  0.053995
 -0.292869  0.055644  0.055565  0.052011  0.497826  0.011298 -0.164096  0.061145
  0.037131 -0.036179  0.333897 -0.082528 -0.005858  0.035647 -0.160819  0.019757
  0.044543 -0.430345  0.158854  0.474303  0.001578 -0.116027 -0.026946  0.067003
 -0.048425  0.093794 -0.021026 -0.030383 -0.218551  0.014464  0.025255  0.439171
  0.249656 -0.065804 -0.215946  0.063818  0.011783  0.021658 -0.000564  0.000678
 -0.090216 -0.017693 -0.469445  0.096153  0.098927  0.087142  0.273504 -0.060442
 -0.313697  0.060625  0.066956  0.064876 -0.227741  0.026585  0.057055  0.036759
 -0.312771 -0.433912  0.413246 -0.748570  0.413393 -0.093703 -0.000638  0.002817
  0.129404 -0.030467 -0.035089 -0.110734  0.000626  0.000669  0.424810 -0.086913
 -0.300295  0.056346  0.058325  0.053995 -0.292869  0.055644  0.055565  0.052011
  0.497826  0.011298 -0.164096  0.061145  0.037131 -0.036179  0.333897 -0.082528
 -0.005858  0.035647 -0.160819  0.019757  0.044543 -0.430345  0.158854  0.474303
  0.001578 -0.116027 -0.026946  0.067003 -0.048425  0.093794 -0.021026 -0.030383
 -0.218551  0.014464  0.025255  0.439171  0.249656 -0.065804 -0.215946  0.063818
  0.011783  0.021658 -0.000564  0.000678 -0.090216 -0.017693 -0.469445  0.096153
  0.098927  0.087142  0.273504 -0.060442 -0.313697  0.060625  0.066956  0.064876
 -0.227741  0.026585  0.057055  0.036759 -0.312771 -0.433912  0.413246 -0.748570
  0.413393 -0.093703 -0.000638  0.002817  0.129404 -0.030467 -0.035089 -0.110734
  0.000626  0.000669  0.424810 -0.086913 -0.300295  0.056346  0.058325  0.053995
 -0.292869  0.055644  0.055565  0.052011  0.497826  0.011298 -0.164096  0.061145
  0.037131 -0.036179  0.333897 -0.082528 -0.005858  0.035647 -0.160819  0.019757
  0.044543 -0.430345  0.158854  0.474303  0.001578 -0.116027 -0.026946  0.067003
 -0.048425  0.093794 -0.021026 -0.030383 -0.218551  0.014464  0.025255  0.439171
  0.249656 -0.065804 -0.215946  0.063818  0.011783  0.021658 -0.000564  0.000678
 -0.090216 -0.017693 -0.469445  0.096153  0.098927  0.087142  0.273504 -0.060442
 -0.313697  0.060625  0.066956  0.064876 -0.227741  0.026585  0.057055  0.036759
 -0.312771 -0.433912  0.413246 -0.748570  0.413393 -0.093703 -0.000638  0.002817
  0.129404 -0.030467 -0.035089 -0.110734  0.000626  0.000669  0.424810 -0.086913
 -0.300295  0.056346  0.058325  0.053995 -0.292869  0.055644  0.055565  0.052011
  0.497826  0.011298 -0.164096  0.061145  0.037131 -0.036179  0.333897 -0.082528
 -0.005858  0.035647 -0.160819  0.019757  0.044543 -0.430345  0.158854  0.474303
  0.001578 -0.116027 -0.026946  0.067003 -0.048425  0.093794 -0.021026 -0.030383
 -0.218551  0.014464  0.025255  0.439171  0.249656 -0.065804 -0.215946  0.063818
  0.011783  0.021658 -0.000564  0.000678 -0.090216 -0.017693 -0.469445  0.096153
  0.098927  0.087142  0.273504 -0.060442 -0.313697  0.060625  0.066956  0.064876
 -0.227741  0.026585  0.057055  0.036759 -0.312771 -0.433912  0.413246 -0.748570
  0.413393 -0.093703 -0.000638  0.002817  0.129404 -0.030467 -0.035089 -0.110734
  0.000626  0.000669  0.424810 -0.086913 -0.300295  0.056346  0.058325  0.053995
 -0.292869  0.055644  0.055565  0.052011  0.497826  0.011298 -0.164096  0.061145
  0.037131 -0.036179  0.333897 -0.082528 -0.005858  0.035647 -0.160819  0.019757
  0.044543 -0.430345  0.158854  0.474303  0.001578 -0.116027 -0.026946  0.067003
 -0.048425  0.093794 -0.021026 -0.030383 -0.218551  0.014464  0.025255  0.439171
  0.249656 -0.065804 -0.215946  0.063818  0.011783  0.021658 -0.000564  0.000678
 -0.090216 -0.017693 -0.469445  0.096153  0.098927  0.087142  0.273504 -0.060442
 -0.313697  0.060625  0.066956  0.064876 -0.227741  0.026585  0.057055  0.036759
 -0.312771 -0.433912  0.413246 -0.748570  0.413393 -0.093703 -0.000638  0.002817
  0.129404 -0.030467 -0.035089 -0.110734  0.000626  0.000669  0.424810 -0.086913
 -0.300295  0.056346  0.058325  0.053995 -0.292869  0.055644  0.055565  0.052011
  0.497826  0.011298 -0.164096  0.061145  0.037131 -0.036179  0.333897 -0.082528
 -0.005858  0.035647 -0.160819  0.019757  0.044543 -0.430345  0.158854  0.474303
  0.001578 -0.116027 -0.026946  0.067003 -0.048425  0.093794 -0.021026 -0.030383
 -0.218551  0.014464  0.025255  0.439171  0.249656 -0.065804 -0.215946  0.063818
  0.011783  0.021658 -0.000564  0.000678 -0.090216 -0.017693 -0.469445  0.096153
  0.098927  0.087142  0.273504 -0.060442 -0.313697  0.060625  0.066956  0.064876
 -0.227741  0.026585  0.057055  0.036759 -0.312771 -0.433912  0.413246 -0.748570
  0.413393 -0.093703 -0.000638  0.002817  0.129404 -0.030467 -0.035089 -0.110734
  0.000626  0.000669  0.424810 -0.086913 -0.300295  0.056346  0.058325  0.053995
 -0.292869  0.055644  0.055565  0.052011  0.497826  0.011298 -0.164096  0.061145
  0.037131 -0.036179  0.333897 -0.082528 -0.005858  0.035647 -0.160819  0.019757
  0.044543 -0.430345  0.158854  0.474303  0.001578 -0.116027 -0.026946  0.067003
 -0.048425  0.093794 -0.021026 -0.030383 -0.218551  0.014464  0.025255  0.439171
  0.249656 -0.065804 -0.215946  0.063818  0.011783  0.021658 -0.000564  0.000678
 -0.090216 -0.017693 -0.469445  0.096153  0.098927  0.087142  0.273504 -0.060442
 -0.313697  0.060625  0.066956  0.064876 -0.227741  0.026585  0.057055  0.036759
 -0.312771 -0.433912  0.413246 -0.748570  0.413393 -0.093703 -0.000638  0.002817
  0.129404 -0.030467 -0.035089 -0.110734  0.000626  0.000669  0.424810 -0.086913
 -0.300295  0.056346  0.058325  0.053995 -0.292869  0.055644  0.055565  0.052011
  0.497826  0.011298 -0.164096  0.061145  0.037131 -0.036179  0.333897 -0.082528
 -0.005858  0.035647 -0.160819  0.019757  0.044543 -0.430345  0.158854  0.474303
  0.001578 -0.116027 -0.026946  0.067003 -0.048425  0.093794 -0.021026 -0.030383
 -0.218551  0.014464  0.025255  0.439171  0.249656 -0.065804 -0.215946  0.063818
  0.011783  0.021658 -0.000564  0.000678 -0.090216 -0.017693 -0.469445  0.096153
  0.098927  0.087142  0.273504 -0.060442 -0.313697  0.060625  0.066956  0.064876
 -0.227741  0.026585  0.057055  0.036759 -0.312771 -0.433912  0.413246 -0.748570
  0.413393 -0.093703 -0.000638  0.002817  0.129404 -0.030467 -0.035089 -0.110734
  0.000626  0.000669  0.424810 -0.086913 -0.300295  0.056346  0.058325  0.053995
 -0.292869  0.055644  0.055565  0.052011  0.497826  0.011298 -0.164096  0.061145
  0.037131 -0.036179  0.333897 -0.082528 -0.005858  0.035647 -0.160819  0.019757
  0.044543 -0.430345  0.158854  0.474303  0.001578 -0.116027 -0.026946  0.067003
 -0.048425  0.093794 -0.021026 -0.030383 -0.218551  0.014464  0.025255  0.439171
  0.249656 -0.065804 -0.215946  0.063818  0.011783  0.021658 -0.000564  0.000678
 -0.090216 -0.017693 -0.469445  0.096153  0.098927  0.087142  0.273504 -0.060442
 -0.313697  0.060625  0.066956  0.064876 -0.227741  0.026585  0.057055  0.036759
 -0.312771 -0.433912  0.413246 -0.748570  0.413393 -0.093703 -0.000638  0.002817
  0.129404 -0.030467 -0.035089 -0.110734  0.000626  0.000669  0.424810 -0.086913
 -0.300295  0.056346  0.058325  0.053995 -0.292869  0.055644  0.055565  0.052011
  0.497826  0.011298 -0.164096  0.061145  0.037131 -0.036179  0.333897 -0.082528
 -0.005858  0.035647 -0.160819  0.019757  0.044543 -0.430345  0.158854  0.474303
  0.001578 -0.116027 -0.026946  0.067003 -0.048425  0.093794 -0.021026 -0.030383
 -0.218551  0.014464  0.025255  0.439171  0.249656 -0.065804 -0.215946  0.063818
  0.011783  0.021658 -0.000564  0.000678 -0.090216 -0.017693 -0.469445  0.096153
  0.098927  0.087142  0.273504 -0.060442 -0.313697  0.060625  0.066956  0.064876
 -0.227741  0.026585  0.057055  0.036759 -0.312771 -0.433912  0.413246 -0.748570
  0.413393 -0.093703 -0.000638  0.002817  0.129404 -0.030467 -0.035089 -0.110734
  0.000626  0.000669  0.424810 -0.086913 -0.300295  0.056346  0.058325  0.053995
 -0.292869  0.055644  0.055565  0.052011  0.497826  0.011298 -0.164096  0.061145
  0.037131 -0.036179  0.333897 -0.082528 -0.005858  0.035647 -0.160819  0.019757
  0.044543 -0.430345  0.158854  0.474303  0.001578 -0.116027 -0.026946  0.067003
 -0.048425  0.093794 -0.021026 -0.030383 -0.218551  0.014464  0.025255  0.439171
  0.249656 -0.065804 -0.215946  0.063818  0.011783  0.021658 -0.000564  0.000678
 -0.090216 -0.017693 -0.469445  0.096153  0.098927  0.087142  0.273504 -0.060442
 -0.313697  0.060625  0.066956  0.064876 -0.227741  0.026585  0.057055  0.036759
 -0.312771 -0.433912  0.413246 -0.748570  0.413393 -0.093703 -0.000638  0.002817
  0.129404 -0.030467 -0.035089 -0.110734  0.000626  0.000669  0.424810 -0.086913
 -0.300295  0.056346  0.058325  0.053995 -0.292869  0.055644  0.055565  0.052011
  0.497826  0.011298 -0.164096  0.061145  0.037131 -0.036179  0.333897 -0.082528
 -0.005858  0.035647 -0.160819  0.019757  0.044543 -0.430345  0.158854  0.474303
  0.001578 -0.116027 -0.026946  0.067003 -0.048425  0.093794 -0.021026 -0.030383
 -0.218551  0.014464  0.025255  0.439171  0.249656 -0.065804 -0.215946  0.063818
  0.011783  0.021658 -0.000564  0.000678 -0.090216 -0.017693 -0.469445  0.096153
  0.098927  0.087142  0.273504 -0.060442 -0.313697  0.060625  0.066956  0.064876
 -0.227741  0.026585  0.057055  0.036759 -0.312771 -0.433912  0.413246 -0.748570
  0.413393 -0.093703 -0.000638  0.002817  0.129404 -0.030467 -0.035089 -0.110734
  0.000626  0.000669  0.424810 -0.086913 -0.300295  0.056346  0.058325  0.053995
 -0.292869  0.055644  0.055565  0.052011  0.497826  0.011298 -0.164096  0.061145
  0.037131 -0.036179  0.333897 -0.082528 -0.005858  0.035647 -0.160819  0.019757
  0.044543 -0.430345  0.158854  0.474303  0.001578 -0.116027 -0.026946  0.067003
 -0.048425  0.093794 -0.021026 -0.030383 -0.218551  0.014464  0.025255  0.439171
  0.249656 -0.065804 -0.215946  0.063818  0.011783  0.021658 -0.000564  0.000678
 -0.090216 -0.017693 -0.469445  0.096153  0.098927  0.087142  0.273504 -0.060442
 -0.313697  0.060625  0.066956  0.064876 -0.227741  0.026585  0.057055  0.036759
 -0.312771 -0.433912  0.413246 -0.748570  0.413393 -0.093703 -0.000638  0.002817
  0.129404 -0.030467 -0.035089 -0.110734  0.000626  0.000669  0.424810 -0.086913
 -0.300295  0.056346  0.058325  0.053995 -0.292869  0.055644  0.055565  0.052011
  0.497826  0.011298 -0.164096  0.061145  0.037131 -0.036179  0.333897 -0.082528
 -0.005858  0.035647 -0.160819  0.019757  0.044543 -0.430345  0.158854  0.474303
  0.001578 -0.116027 -0.026946  0.067003 -0.048425  0.093794 -0.021026 -0.030383
 -0.218551  0.014464  0.025255  0.439171  0.249656 -0.065804 -0.215946  0.063818
  0.011783  0.021658 -0.000564  0.000678 -0.090216 -0.017693 -0.469445  0.096153
  0.098927  0.087142  0.273504 -0.060442 -0.313697  0.060625  0.066956  0.064876
 -0.227741  0.026585  0.057055  0.036759 -0.312771 -0.433912  0.413246 -0.748570
  0.413393 -0.093703 -0.000638  0.002817  0.129404 -0.030467 -0.035089 -0.110734
  0.000626  0.000669  0.424810 -0.086913 -0.300295  0.056346  0.058325  0.053995
 -0.292869  0.055644  0.055565  0.052011  0.497826  0.011298 -0.164096  0.061145
  0.037131 -0.036179  0.333897 -0.082528 -0.005858  0.035647 -0.160819  0.019757
  0.044543 -0.430345  0.158854  0.474303  0.001578 -0.116027 -0.026946  0.067003
 -0.048425  0.093794 -0.021026 -0.030383 -0.218551  0.014464  0.025255  0.439171
  0.249656 -0.065804 -0.215946  0.063818  0.011783  0.021658 -0.000564  0.000678
 -0.090216 -0.017693 -0.469445  0.096153  0.098927  0.087142  0.273504 -0.060442
 -0.313697  0.060625  0.066956  0.064876 -0.227741  0.026585  0.057055  0.036759
 -0.312771 -0.433912  0.413246 -0.748570  0.413393 -0.093703 -0.000638  0.002817
  0.129404 -0.030467 -0.035089 -0.110734  0.000626  0.000669  0.424810 -0.086913
 -0.300295  0.056346  0.058325  0.053995 -0.292869  0.055644  0.055565  0.052011
  0.497826  0.011298 -0.164096  0.061145  0.037131 -0.036179  0.333897 -0.082528
 -0.005858  0.035647 -0.160819  0.019757  0.044543 -0.430345  0.158854  0.474303
  0.001578 -0.116027 -0.026946  0.067003 -0.048425  0.093794 -0.021026 -0.030383
 -0.218551  0.014464  0.025255  0.439171  0.249656 -0.065804 -0.215946  0.063818
  0.011783  0.021658 -0.000564  0.000678 -0.090216 -0.017693 -0.469445  0.096153
  0.098927  0.087142  0.273504 -0.060442 -0.313697  0.060625  0.066956  0.064876
 -0.227741  0.026585  0.057055  0.036759 -0.312771 -0.433912  0.413246 -0.748570
  0.413393 -0.093703 -0.000638  0.002817  0.129404 -0.030467 -0.035089 -0.110734
  0.000626  0.000669  0.424810 -0.086913 -0.300295  0.056346  0.058325  0.053995
 -0.292869  0.055644  0.055565  0.052011  0.497826  0.011298 -0.164096  0.061145
  0.037131 -0.036179  0.333897 -0.082528 -0.005858  0.035647 -0.160819  0.019757
  0.044543 -0.430345  0.158854  0.474303  0.001578 -0.116027 -0.026946  0.067003
 -0.048425  0.093794 -0.021026 -0.030383 -0.218551  0.014464  0.025255  0.439171
  0.249656 -0.065804 -0.215946  0.063818  0.011783  0.021658 -0.000564  0.000678
 -0.090216 -0.017693 -0.469445  0.096153  0.098927  0.087142  0.273504 -0.060442
 -0.313697  0.060625  0.066956  0.064876 -0.227741  0.026585  0.057055  0.036759
 -0.312771 -0.433912  0.413246 -0.748570  0.413393 -0.093703 -0.000638  0.002817
  0.129404 -0.030467 -0.035089 -0.110734  0.000626  0.000669  0.424810 -0.086913
 -0.300295  0.056346  0.058325  0.053995 -0.292869  0.055644  0.055565  0.052011
  0.497826  0.011298 -0.164096  0.061145  0.037131 -0.036179  0.333897 -0.082528
 -0.005858  0.035647 -0.160819  0.019757  0.044543 -0.430345  0.158854  0.474303
  0.001578 -0.116027 -0.026946  0.067003 -0.048425  0.093794 -0.021026 -0.030383
 -0.218551  0.014464  0.025255  0.439171  0.249656 -0.065804 -0.215946  0.063818
  0.011783  0.021658 -0.000564  0.000678 -0.090216 -0.017693 -0.469445  0.096153
  0.098927  0.087142  0.273504 -0.060442 -0.313697  0.060625  0.066956  0.064876
 -0.227741  0.026585  0.057055  0.036759 -0.312771 -0.433912  0.413246 -0.748570
  0.413393 -0.093703 -0.000638  0.002817  0.129404 -0.030467 -0.035089 -0.110734
  0.000626  0.000669  0.424810 -0.086913 -0.300295  0.056346  0.058325  0.053995
 -0.292869  0.055644  0.055565  0.052011  0.497826  0.011298 -0.164096  0.061145
  0.037131 -0.036179  0.333897 -0.082528 -0.005858  0.035647 -0.160819  0.019757
  0.044543 -0.430345  0.158854  0.474303  0.001578 -0.116027 -0.026946  0.067003
 -0.048425  0.093794 -0.021026 -0.030383 -0.218551  0.014464  0.025255  0.439171
  0.249656 -0.065804 -0.215946  0.063818  0.011783  0.021658 -0.000564  0.000678
 -0.090216 -0.017693 -0.469445  0.096153  0.098927  0.087142  0.273504 -0.060442
 -0.313697  0.060625  0.066956  0.064876 -0.227741  0.026585  0.057055  0.036759
 -0.312771 -0.433912  0.413246 -0.748570  0.413393 -0.093703 -0.000638  0.002817
  0.129404 -0.030467 -0.035089 -0.110734  0.000626  0.000669  0.424810 -0.086913
 -0.300295  0.056346  0.058325  0.053995 -0.292869  0.055644  0.055565  0.052011
  0.497826  0.011298 -0.164096  0.061145  0.037131 -0.036179  0.333897 -0.082528
 -0.005858  0.035647 -0.160819  0.019757  0.044543 -0.430345  0.158854  0.474303
  0.001578 -0.116027 -0.026946  0.067003 -0.048425  0.093794 -0.021026 -0.030383
 -0.218551  0.014464  0.025255  0.439171  0.249656 -0.065804 -0.215946  0.063818
  0.011783  0.021658 -0.000564  0.000678 -0.090216 -0.017693 -0.469445  0.096153
  0.098927  0.087142  0.273504 -0.060442 -0.313697  0.060625  0.066956  0.064876
 -0.227741  0.026585  0.057055  0.036759 -0.312771 -0.433912  0.413246 -0.748570
  0.413393 -0.093703 -0.000638  0.002817  0.129404 -0.030467 -0.035089 -0.110734
  0.000626  0.000669  0.424810 -0.086913 -0.300295  0.056346  0.058325  0.053995
 -0.292869  0.055644  0.055565  0.052011  0.497826  0.011298 -0.164096  0.061145
  0.037131 -0.036179  0.333897 -0.082528 -0.005858  0.035647 -0.160819  0.019757
  0.044543 -0.430345  0.158854  0.474303  0.001578 -0.116027 -0.026946  0.067003
 -0.048425  0.093794 -0.021026 -0.030383 -0.218551  0.014464  0.025255  0.439171
  0.249656 -0.065804 -0.215946  0.063818  0.011783  0.021658 -0.000564  0.000678
 -0.090216 -0.017693 -0.469445  0.096153  0.098927  0.087142  0.273504 -0.060442
 -0.313697  0.060625  0.066956  0.064876 -0.227741  0.026585  0.057055  0.036759
 -0.312771 -0.433912  0.413246 -0.748570  0.413393 -0.093703 -0.000638  0.002817
  0.129404 -0.030467 -0.035089 -0.110734  0.000626  0.000669  0.424810 -0.086913
 -0.300295  0.056346  0.058325  0.053995 -0.292869  0.055644  0.055565  0.052011
  0.497826  0.011298 -0.164096  0.061145  0.037131 -0.036179  0.333897 -0.082528
 -0.005858  0.035647 -0.160819  0.019757  0.044543 -0.430345  0.158854  0.474303
  0.001578 -0.116027 -0.026946  0.067003 -0.048425  0.093794 -0.021026 -0.030383
 -0.218551  0.014464  0.025255  0.439171  0.249656 -0.065804 -0.215946  0.063818
  0.011783  0.021658 -0.000564  0.000678 -0.090216 -0.017693 -0.469445  0.096153
  0.098927  0.087142  0.273504 -0.060442 -0.313697  0.060625  0.066956  0.064876
 -0.227741  0.026585  0.057055  0.036759 -0.312771 -0.433912  0.413246 -0.748570
  0.413393 -0.093703 -0.000638  0.002817  0.129404 -0.030467 -0.035089 -0.110734
  0.000626  0.000669  0.424810 -0.086913 -0.300295  0.056346  0.058325  0.053995
 -0.292869  0.055644  0.055565  0.052011  0.497826  0.011298 -0.164096  0.061145
  0.037131 -0.036179  0.333897 -0.082528 -0.005858  0.035647 -0.160819  0.019757
  0.044543 -0.430345  0.158854  0.474303  0.001578 -0.116027 -0.026946  0.067003
 -0.048425  0.093794 -0.021026 -0.030383 -0.218551  0.014464  0.025255  0.439171
  0.249656 -0.065804 -0.215946  0.063818  0.011783  0.021658 -0.000564  0.000678
 -0.090216 -0.017693 -0.469445  0.096153  0.098927  0.087142  0.273504 -0.060442
 -0.313697  0.060625  0.066956  0.064876 -0.227741  0.026585  0.057055  0.036759
 -0.312771 -0.433912  0.413246 -0.748570  0.413393 -0.093703 -0.000638  0.002817
  0.129404 -0.030467 -0.035089 -0.110734  0.000626  0.000669  0.424810 -0.086913
 -0.300295  0.056346  0.058325  0.053995 -0.292869  0.055644  0.055565  0.052011
  0.497826  0.011298 -0.164096  0.061145  0.037131 -0.036179  0.333897 -0.082528
 -0.005858  0.035647 -0.160819  0.019757  0.044543 -0.430345  0.158854  0.474303
  0.001578 -0.116027 -0.026946  0.067003 -0.048425  0.093794 -0.021026 -0.030383
 -0.218551  0.014464  0.025255  0.439171  0.249656 -0.065804 -0.215946  0.063818
  0.011783  0.021658 -0.000564  0.000678 -0.090216 -0.017693 -0.469445  0.096153
  0.098927  0.087142  0.273504 -0.060442 -0.313697  0.060625  0.066956  0.064876
 -0.227741  0.026585  0.057055  0.036759 -0.312771 -0.433912  0.413246 -0.748570
  0.413393 -0.093703 -0.000638  0.002817  0.129404 -0.030467 -0.035089 -0.110734
  0.000626  0.000669  0.424810 -0.086913 -0.300295  0.056346  0.058325  0.053995
 -0.292869  0.055644  0.055565  0.052011  0.497826  0.011298 -0.164096  0.061145
  0.037131 -0.036179  0.333897 -0.082528 -0.005858  0.035647 -0.160819  0.019757
  0.044543 -0.430345  0.158854  0.474303  0.001578 -0.116027 -0.026946  0.067003
 -0.048425  0.093794 -0.021026 -0.030383 -0.218551  0.014464  0.025255  0.439171
  0.249656 -0.065804 -0.215946  0.063818  0.011783  0.021658 -0.000564  0.000678
 -0.090216 -0.017693 -0.469445  0.096153  0.098927  0.087142  0.273504 -0.060442
 -0.313697  0.060625  0.066956  0.064876 -0.227741  0.026585  0.057055  0.036759
 -0.312771 -0.433912  0.413246 -0.748570  0.413393 -0.093703 -0.000638  0.002817
  0.129404 -0.030467 -0.035089 -0.110734  0.000626  0.000669  0.424810 -0.086913
 -0.300295  0.056346  0.058325  0.053995 -0.292869  0.055644  0.055565  0.052011
  0.497826  0.011298 -0.164096  0.061145  0.037131 -0.036179  0.333897 -0.082528
 -0.005858  0.035647 -0.160819  0.019757  0.044543 -0.430345  0.158854  0.474303
  0.001578 -0.116027 -0.026946  0.067003 -0.048425  0.093794 -0.021026 -0.030383
 -0.218551  0.014464  0.025255  0.439171  0.249656 -0.065804 -0.215946  0.063818
  0.011783  0.021658 -0.000564  0.000678 -0.090216 -0.017693 -0.469445  0.096153
  0.098927  0.087142  0.273504 -0.060442 -0.313697  0.060625  0.066956  0.064876
 -0.227741  0.026585  0.057055  0.036759 -0.312771 -0.433912  0.413246 -0.748570
  0.413393 -0.093703 -0.000638  0.002817  0.129404 -0.030467 -0.035089 -0.110734
  0.000626  0.000669  0.424810 -0.086913 -0.300295  0.056346  0.058325  0.053995
 -0.292869  0.055644  0.055565  0.052011  0.497826  0.011298 -0.164096  0.061145
  0.037131 -0.036179  0.333897 -0.082528 -0.005858  0.035647 -0.160819  0.019757
  0.044543 -0.430345  0.158854  0.474303  0.001578 -0.116027 -0.026946  0.067003
 -0.048425  0.093794 -0.021026 -0.030383 -0.218551  0.014464  0.025255  0.439171
  0.249656 -0.065804 -0.215946  0.063818  0.011783  0.021658 -0.000564  0.000678
 -0.090216 -0.017693 -0.469445  0.096153  0.098927  0.087142  0.273504 -0.060442
 -0.313697  0.060625  0.066956  0.064876 -0.227741  0.026585  0.057055  0.036759
 -0.312771 -0.433912  0.413246 -0.748570  0.413393 -0.093703 -0.000638  0.002817
  0.129404 -0.030467 -0.035089 -0.110734  0.000626  0.000669  0.424810 -0.086913
 -0.300295  0.056346  0.058325  0.053995 -0.292869  0.055644  0.055565  0.052011
  0.497826  0.011298 -0.164096  0.061145  0.037131 -0.036179  0.333897 -0.082528
 -0.005858  0.035647 -0.160819  0.019757  0.044543 -0.430345  0.158854  0.474303
  0.001578 -0.116027 -0.026946  0.067003 -0.048425  0.093794 -0.021026 -0.030383
 -0.218551  0.014464  0.025255  0.439171  0.249656 -0.065804 -0.215946  0.063818
  0.011783  0.021658 -0.000564  0.000678 -0.090216 -0.017693 -0.469445  0.096153
  0.098927  0.087142  0.273504 -0.060442 -0.313697  0.060625  0.066956  0.064876
 -0.227741  0.026585  0.057055  0.036759 -0.312771 -0.433912  0.413246 -0.748570
  0.413393 -0.093703 -0.000638  0.002817  0.129404 -0.030467 -0.035089 -0.110734
  0.000626  0.000669  0.424810 -0.086913 -0.300295  0.056346  0.058325  0.053995
 -0.292869  0.055644  0.055565  0.052011  0.497826  0.011298 -0.164096  0.061145
  0.037131 -0.036179  0.333897 -0.082528 -0.005858  0.035647 -0.160819  0.019757
  0.044543 -0.430345  0.158854  0.474303  0.001578 -0.116027 -0.026946  0.067003
 -0.048425  0.093794 -0.021026 -0.030383 -0.218551  0.014464  0.025255  0.439171
  0.249656 -0.065804 -0.215946  0.063818  0.011783  0.021658 -0.000564  0.000678
 -0.090216 -0.017693 -0.469445  0.096153  0.098927  0.087142  0.273504 -0.060442
 -0.313697  0.060625  0.066956  0.064876 -0.227741  0.026585  0.057055  0.036759
 -0.312771 -0.433912  0.413246 -0.748570  0.413393 -0.093703 -0.000638  0.002817
  0.129404 -0.030467 -0.035089 -0.110734  0.000626  0.000669  0.424810 -0.086913
 -0.300295  0.056346  0.058325  0.053995 -0.292869  0.055644  0.055565  0.052011
  0.497826  0.011298 -0.164096  0.061145  0.037131 -0.036179  0.333897 -0.082528
 -0.005858  0.035647 -0.160819  0.019757  0.044543 -0.430345  0.158854  0.474303
  0.001578 -0.116027 -0.026946  0.067003 -0.048425  0.093794 -0.021026 -0.030383
 -0.218551  0.014464  0.025255  0.439171  0.249656 -0.065804 -0.215946  0.063818
  0.011783  0.021658 -0.000564  0.000678 -0.090216 -0.017693 -0.469445  0.096153
  0.098927  0.087142  0.273504 -0.060442 -0.313697  0.060625  0.066956  0.064876
 -0.227741  0.026585  0.057055  0.036759 -0.312771 -0.433912  0.413246 -0.748570
  0.413393 -0.093703 -0.000638  0.002817  0.129404 -0.030467 -0.035089 -0.110734
  0.000626  0.000669  0.424810 -0.086913 -0.300295  0.056346  0.058325  0.053995
 -0.292869  0.055644  0.055565  0.052011  0.497826  0.011298 -0.164096  0.061145
  0.037131 -0.036179  0.333897 -0.082528 -0.005858  0.035647 -0.160819  0.019757
  0.044543 -0.430345  0.158854  0.474303  0.001578 -0.116027 -0.026946  0.067003
 -0.048425  0.093794 -0.021026 -0.030383 -0.218551  0.014464  0.025255  0.439171
  0.249656 -0.065804 -0.215946  0.063818  0.011783  0.021658 -0.000564  0.000678
 -0.090216 -0.017693 -0.469445  0.096153  0.098927  0.087142  0.273504 -0.060442
 -0.313697  0.060625  0.066956  0.064876 -0.227741  0.026585  0.057055  0.036759
 -0.312771 -0.433912  0.413246 -0.748570  0.413393 -0.093703 -0.000638  0.002817
  0.129404 -0.030467 -0.035089 -0.110734  0.000626  0.000669  0.424810 -0.086913
 -0.300295  0.056346  0.058325  0.053995 -0.292869  0.055644  0.055565  0.052011
  0.497826  0.011298 -0.164096  0.061145  0.037131 -0.036179  0.333897 -0.082528
 -0.005858  0.035647 -0.160819  0.019757  0.044543 -0.430345  0.158854  0.474303
  0.001578 -0.116027 -0.026946  0.067003 -0.048425  0.093794 -0.021026 -0.030383
 -0.218551  0.014464  0.025255  0.439171  0.249656 -0.065804 -0.215946  0.063818
  0.011783  0.021658 -0.000564  0.000678 -0.090216 -0.017693 -0.469445  0.096153
  0.098927  0.087142  0.273504 -0.060442 -0.313697  0.060625  0.066956  0.064876
 -0.227741  0.026585  0.057055  0.036759 -0.312771 -0.433912  0.413246 -0.748570
  0.413393 -0.093703 -0.000638  0.002817  0.129404 -0.030467 -0.035089 -0.110734
  0.000626  0.000669  0.424810 -0.086913 -0.300295  0.056346  0.058325  0.053995
 -0.292869  0.055644  0.055565  0.052011  0.497826  0.011298 -0.164096  0.061145
  0.037131 -0.036179  0.333897 -0.082528 -0.005858  0.035647 -0.160819  0.019757
  0.044543 -0.430345  0.158854  0.474303  0.001578 -0.116027 -0.026946  0.067003
 -0.048425  0.093794 -0.021026 -0.030383 -0.218551  0.014464  0.025255  0.439171
  0.249656 -0.065804 -0.215946  0.063818  0.011783  0.021658 -0.000564  0.000678
 -0.090216 -0.017693 -0.469445  0.096153  0.098927  0.087142  0.273504 -0.060442
 -0.313697  0.060625  0.066956  0.064876 -0.227741  0.026585  0.057055  0.036759
 -0.312771 -0.433912  0.413246 -0.748570  0.413393 -0.093703 -0.000638  0.002817
  0.129404 -0.030467 -0.035089 -0.110734  0.000626  0.000669  0.424810 -0.086913
 -0.300295  0.056346  0.058325  0.053995 -0.292869  0.055644  0.055565  0.052011
  0.497826  0.011298 -0.164096  0.061145  0.037131 -0.036179  0.333897 -0.082528
 -0.005858  0.035647 -0.160819  0.019757  0.044543 -0.430345  0.158854  0.474303
  0.001578 -0.116027 -0.026946  0.067003 -0.048425  0.093794 -0.021026 -0.030383
 -0.218551  0.014464  0.025255  0.439171  0.249656 -0.065804 -0.215946  0.063818
  0.011783  0.021658 -0.000564  0.000678 -0.090216 -0.017693 -0.469445  0.096153
  0.098927  0.087142  0.273504 -0.060442 -0.313697  0.060625  0.066956  0.064876
 -0.227741  0.026585  0.057055  0.036759 -0.312771 -0.433912  0.413246 -0.748570
  0.413393 -0.093703 -0.000638  0.002817  0.129404 -0.030467 -0.035089 -0.110734
  0.000626  0.000669  0.424810 -0.086913 -0.300295  0.056346  0.058325  0.053995
 -0.292869  0.055644  0.055565  0.052011  0.497826  0.011298 -0.164096  0.061145
  0.037131 -0.036179  0.333897 -0.082528 -0.005858  0.035647 -0.160819  0.019757
  0.044543 -0.430345  0.158854  0.474303  0.001578 -0.116027 -0.026946  0.067003
 -0.048425  0.093794 -0.021026 -0.030383 -0.218551  0.014464  0.025255  0.439171
  0.249656 -0.065804 -0.215946  0.063818  0.011783  0.021658 -0.000564  0.000678
 -0.090216 -0.017693 -0.469445  0.096153  0.098927  0.087142  0.273504 -0.060442
 -0.313697  0.060625  0.066956  0.064876 -0.227741  0.026585  0.057055  0.036759
 -0.312771 -0.433912  0.413246 -0.748570  0.413393 -0.093703 -0.000638  0.002817
  0.129404 -0.030467 -0.035089 -0.110734  0.000626  0.000669  0.424810 -0.086913
 -0.300295  0.056346  0.058325  0.053995 -0.292869  0.055644  0.055565  0.052011
  0.497826  0.011298 -0.164096  0.061145  0.037131 -0.036179  0.333897 -0.082528
 -0.005858  0.035647 -0.160819  0.019757  0.044543 -0.430345  0.158854  0.474303
  0.001578 -0.116027 -0.026946  0.067003 -0.048425  0.093794 -0.021026 -0.030383
 -0.218551  0.014464  0.025255  0.439171  0.249656 -0.065804 -0.215946  0.063818
  0.011783  0.021658 -0.000564  0.000678 -0.090216 -0.017693 -0.469445  0.096153
  0.098927  0.087142  0.273504 -0.060442 -0.313697  0.060625  0.066956  0.064876
 -0.227741  0.026585  0.057055  0.036759 -0.312771 -0.433912  0.413246 -0.748570
  0.413393 -0.093703 -0.000638  0.002817  0.129404 -0.030467 -0.035089 -0.110734
  0.000626  0.000669  0.424810 -0.086913 -0.300295  0.056346  0.058325  0.053995
 -0.292869  0.055644  0.055565  0.052011  0.497826  0.011298 -0.164096  0.061145
  0.037131 -0.036179  0.333897 -0.082528 -0.005858  0.035647 -0.160819  0.019757
  0.044543 -0.430345  0.158854  0.474303  0.001578 -0.116027 -0.026946  0.067003
 -0.048425  0.093794 -0.021026 -0.030383 -0.218551  0.014464  0.025255  0.439171
  0.249656 -0.065804 -0.215946  0.063818  0.011783  0.021658 -0.000564  0.000678
 -0.090216 -0.017693 -0.469445  0.096153  0.098927  0.087142  0.273504 -0.060442
 -0.313697  0.060625  0.066956  0.064876 -0.227741  0.026585  0.057055  0.036759
 -0.312771 -0.433912  0.413246 -0.748570  0.413393 -0.093703 -0.000638  0.002817
  0.129404 -0.030467 -0.035089 -0.110734  0.000626  0.000669  0.424810 -0.086913
 -0.300295  0.056346  0.058325  0.053995 -0.292869  0.055644  0.055565  0.052011
  0.497826  0.011298 -0.164096  0.061145  0.037131 -0.036179  0.333897 -0.082528
 -0.005858  0.035647 -0.160819  0.019757  0.044543 -0.430345  0.158854  0.474303
  0.001578 -0.116027 -0.026946  0.067003 -0.048425  0.093794 -0.021026 -0.030383
 -0.218551  0.014464  0.025255  0.439171  0.249656 -0.065804 -0.215946  0.063818
  0.011783  0.021658 -0.000564  0.000678 -0.090216 -0.017693 -0.469445  0.096153
  0.098927  0.087142  0.273504 -0.060442 -0.313697  0.060625  0.066956  0.064876
 -0.227741  0.026585  0.057055  0.036759 -0.312771 -0.433912  0.413246 -0.748570
  0.413393 -0.093703 -0.000638  0.002817  0.129404 -0.030467 -0.035089 -0.110734
  0.000626  0.000669  0.424810 -0.086913 -0.300295  0.056346  0.058325  0.053995
 -0.292869  0.055644  0.055565  0.052011  0.497826  0.011298 -0.164096  0.061145
  0.037131 -0.036179  0.333897 -0.082528 -0.005858  0.035647 -0.160819  0.019757
  0.044543 -0.430345  0.158854  0.474303  0.001578 -0.116027 -0.026946  0.067003
 -0.048425  0.093794 -0.021026 -0.030383 -0.218551  0.014464  0.025255  0.439171
  0.249656 -0.065804 -0.215946  0.063818  0.011783  0.021658 -0.000564  0.000678
 -0.090216 -0.017693 -0.469445  0.096153  0.098927  0.087142  0.273504 -0.060442
 -0.313697  0.060625  0.066956  0.064876 -0.227741  0.026585  0.057055  0.036759
 -0.312771 -0.433912  0.413246 -0.748570  0.413393 -0.093703 -0.000638  0.002817
  0.129404 -0.030467 -0.035089 -0.110734  0.000626  0.000669  0.424810 -0.086913
 -0.300295  0.056346  0.058325  0.053995 -0.292869  0.055644  0.055565  0.052011
  0.497826  0.011298 -0.164096  0.061145  0.037131 -0.036179  0.333897 -0.082528
 -0.005858  0.035647 -0.160819  0.019757  0.044543 -0.430345  0.158854  0.474303
  0.001578 -0.116027 -0.026946  0.067003 -0.048425  0.093794 -0.021026 -0.030383
 -0.218551  0.014464  0.025255  0.439171  0.249656 -0.065804 -0.215946  0.063818
  0.011783  0.021658 -0.000564  0.000678 -0.090216 -0.017693 -0.469445  0.096153
  0.098927  0.087142  0.273504 -0.060442 -0.313697  0.060625  0.066956  0.064876
 -0.227741  0.026585  0.057055  0.036759 -0.312771 -0.433912  0.413246 -0.748570
  0.413393 -0.093703 -0.000638  0.002817  0.129404 -0.030467 -0.035089 -0.110734
  0.000626  0.000669  0.424810 -0.086913 -0.300295  0.056346  0.058325  0.053995
 -0.292869  0.055644  0.055565  0.052011  0.497826  0.011298 -0.164096  0.061145
  0.037131 -0.036179  0.333897 -0.082528 -0.005858  0.035647 -0.160819  0.019757
  0.044543 -0.430345  0.158854  0.474303  0.001578 -0.116027 -0.026946  0.067003
 -0.048425  0.093794 -0.021026 -0.030383 -0.218551  0.014464  0.025255  0.439171
  0.249656 -0.065804 -0.215946  0.063818  0.011783  0.021658 -0.000564  0.000678
 -0.090216 -0.017693 -0.469445  0.096153  0.098927  0.087142  0.273504 -0.060442
 -0.313697  0.060625  0.066956  0.064876 -0.227741  0.026585  0.057055  0.036759
 -0.312771 -0.433912  0.413246 -0.748570  0.413393 -0.093703 -0.000638  0.002817
  0.129404 -0.030467 -0.035089 -0.110734  0.000626  0.000669  0.424810 -0.086913
 -0.300295  0.056346  0.058325  0.053995 -0.292869  0.055644  0.055565  0.052011
  0.497826  0.011298 -0.164096  0.061145  0.037131 -0.036179  0.333897 -0.082528
 -0.005858  0.035647 -0.160819  0.019757  0.044543 -0.430345  0.158854  0.474303
  0.001578 -0.116027 -0.026946  0.067003 -0.048425  0.093794 -0.021026 -0.030383
 -0.218551  0.014464  0.025255  0.439171  0.249656 -0.065804 -0.215946  0.063818
  0.011783  0.021658 -0.000564  0.000678 -0.090216 -0.017693 -0.469445  0.096153
  0.098927  0.087142  0.273504 -0.060442 -0.313697  0.060625  0.066956  0.064876
 -0.227741  0.026585  0.057055  0.036759 -0.312771 -0.433912  0.413246 -0.748570
  0.413393 -0.093703 -0.000638  0.002817  0.129404 -0.030467 -0.035089 -0.110734
  0.000626  0.000669  0.424810 -0.086913 -0.300295  0.056346  0.058325  0.053995
 -0.292869  0.055644  0.055565  0.052011  0.497826  0.011298 -0.164096  0.061145
  0.037131 -0.036179  0.333897 -0.082528 -0.005858  0.035647 -0.160819  0.019757
  0.044543 -0.430345  0.158854  0.474303  0.001578 -0.116027 -0.026946  0.067003
 -0.048425  0.093794 -0.021026 -0.030383 -0.218551  0.014464  0.025255  0.439171
  0.249656 -0.065804 -0.215946  0.063818  0.011783  0.021658 -0.000564  0.000678
 -0.090216 -0.017693 -0.469445  0.096153  0.098927  0.087142  0.273504 -0.060442
 -0.313697  0.060625  0.066956  0.064876 -0.227741  0.026585  0.057055  0.036759
 -0.312771 -0.433912  0.413246 -0.748570  0.413393 -0.093703 -0.000638  0.002817
  0.129404 -0.030467 -0.035089 -0.110734  0.000626  0.000669  0.424810 -0.086913
 -0.300295  0.056346  0.058325  0.053995 -0.292869  0.055644  0.055565  0.052011
  0.497826  0.011298 -0.164096  0.061145  0.037131 -0.036179  0.333897 -0.082528
 -0.005858  0.035647 -0.160819  0.019757  0.044543 -0.430345  0.158854  0.474303
  0.001578 -0.116027 -0.026946  0.067003 -0.048425  0.093794 -0.021026 -0.030383
 -0.218551  0.014464  0.025255  0.439171  0.249656 -0.065804 -0.215946  0.063818
  0.011783  0.021658 -0.000564  0.000678 -0.090216 -0.017693 -0.469445  0.096153
  0.098927  0.087142  0.273504 -0.060442 -0.313697  0.060625  0.066956  0.064876
 -0.227741  0.026585  0.057055  0.036759 -0.312771 -0.433912  0.413246 -0.748570
  0.413393 -0.093703 -0.000638  0.002817  0.129404 -0.030467 -0.035089 -0.110734
  0.000626  0.000669  0.424810 -0.086913 -0.300295  0.056346  0.058325  0.053995
 -0.292869  0.055644  0.055565  0.052011  0.497826  0.011298 -0.164096  0.061145
  0.037131 -0.036179  0.333897 -0.082528 -0.005858  0.035647 -0.160819  0.019757
  0.044543 -0.430345  0.158854  0.474303  0.001578 -0.116027 -0.026946  0.067003
 -0.048425  0.093794 -0.021026 -0.030383 -0.218551  0.014464  0.025255  0.439171
  0.249656 -0.065804 -0.215946  0.063818  0.011783  0.021658 -0.000564  0.000678
 -0.090216 -0.017693 -0.469445  0.096153  0.098927  0.087142  0.273504 -0.060442
 -0.313697  0.060625  0.066956  0.064876 -0.227741  0.026585  0.057055  0.036759
 -0.312771 -0.433912  0.413246 -0.748570  0.413393 -0.093703 -0.000638  0.002817
  0.129404 -0.030467 -0.035089 -0.110734  0.000626  0.000669  0.424810 -0.086913
 -0.300295  0.056346  0.058325  0.053995 -0.292869  0.055644  0.055565  0.052011
  0.497826  0.011298 -0.164096  0.061145  0.037131 -0.036179  0.333897 -0.082528
 -0.005858  0.035647 -0.160819  0.019757  0.044543 -0.430345  0.158854  0.474303
  0.001578 -0.116027 -0.026946  0.067003 -0.048425  0.093794 -0.021026 -0.030383
 -0.218551  0.014464  0.025255  0.439171  0.249656 -0.065804 -0.215946  0.063818
  0.011783  0.021658 -0.000564  0.000678 -0.090216 -0.017693 -0.469445  0.096153
  0.098927  0.087142  0.273504 -0.060442 -0.313697  0.060625  0.066956  0.064876
 -0.227741  0.026585  0.057055  0.036759 -0.312771 -0.433912  0.413246 -0.748570
  0.413393 -0.093703 -0.000638  0.002817  0.129404 -0.030467 -0.035089 -0.110734
  0.000626  0.000669  0.424810 -0.086913 -0.300295  0.056346  0.058325  0.053995
 -0.292869  0.055644  0.055565  0.052011  0.497826  0.011298 -0.164096  0.061145
  0.037131 -0.036179  0.333897 -0.082528 -0.005858  0.035647 -0.160819  0.019757
  0.044543 -0.430345  0.158854  0.474303  0.001578 -0.116027 -0.026946  0.067003
 -0.048425  0.093794 -0.021026 -0.030383 -0.218551  0.014464  0.025255  0.439171
  0.249656 -0.065804 -0.215946  0.063818  0.011783  0.021658 -0.000564  0.000678
 -0.090216 -0.017693 -0.469445  0.096153  0.098927  0.087142  0.273504 -0.060442
 -0.313697  0.060625  0.066956  0.064876 -0.227741  0.026585  0.057055  0.036759
 -0.312771 -0.433912  0.413246 -0.748570  0.413393 -0.093703 -0.000638  0.002817
  0.129404 -0.030467 -0.035089 -0.110734  0.000626  0.000669  0.424810 -0.086913
 -0.300295  0.056346  0.058325  0.053995 -0.292869  0.055644  0.055565  0.052011
  0.497826  0.011298 -0.164096  0.061145  0.037131 -0.036179  0.333897 -0.082528
 -0.005858  0.035647 -0.160819  0.019757  0.044543 -0.430345  0.158854  0.474303
  0.001578 -0.116027 -0.026946  0.067003 -0.048425  0.093794 -0.021026 -0.030383
 -0.218551  0.014464  0.025255  0.439171  0.249656 -0.065804 -0.215946  0.063818
  0.011783  0.021658 -0.000564  0.000678 -0.090216 -0.017693 -0.469445  0.096153
  0.098927  0.087142  0.273504 -0.060442 -0.313697  0.060625  0.066956  0.064876
 -0.227741  0.026585  0.057055  0.036759 -0.312771 -0.433912  0.413246 -0.748570
  0.413393 -0.093703 -0.000638  0.002817  0.129404 -0.030467 -0.035089 -0.110734
  0.000626  0.000669  0.424810 -0.086913 -0.300295  0.056346  0.058325  0.053995
 -0.292869  0.055644  0.055565  0.052011  0.497826  0.011298 -0.164096  0.061145
  0.037131 -0.036179  0.333897 -0.082528 -0.005858  0.035647 -0.160819  0.019757
  0.044543 -0.430345  0.158854  0.474303  0.001578 -0.116027 -0.026946  0.067003
 -0.048425  0.093794 -0.021026 -0.030383 -0.218551  0.014464  0.025255  0.439171
  0.249656 -0.065804 -0.215946  0.063818  0.011783  0.021658 -0.000564  0.000678
 -0.090216 -0.017693 -0.469445  0.096153  0.098927  0.087142  0.273504 -0.060442
 -0.313697  0.060625  0.066956  0.064876 -0.227741  0.026585  0.057055  0.036759
 -0.312771 -0.433912  0.413246 -0.748570  0.413393 -0.093703 -0.000638  0.002817
  0.129404 -0.030467 -0.035089 -0.110734  0.000626  0.000669  0.424810 -0.086913
 -0.300295  0.056346  0.058325  0.053995 -0.292869  0.055644  0.055565  0.052011
  0.497826  0.011298 -0.164096  0.061145  0.037131 -0.036179  0.333897 -0.082528
 -0.005858  0.035647 -0.160819  0.019757  0.044543 -0.430345  0.158854  0.474303
  0.001578 -0.116027 -0.026946  0.067003 -0.048425  0.093794 -0.021026 -0.030383
 -0.218551  0.014464  0.025255  0.439171  0.249656 -0.065804 -0.215946  0.063818
  0.011783  0.021658 -0.000564  0.000678 -0.090216 -0.017693 -0.469445  0.096153
  0.098927  0.087142  0.273504 -0.060442 -0.313697  0.060625  0.066956  0.064876
 -0.227741  0.026585  0.057055  0.036759 -0.312771 -0.433912  0.413246 -0.748570
  0.413393 -0.093703 -0.000638  0.002817  0.129404 -0.030467 -0.035089 -0.110734
  0.000626  0.000669  0.424810 -0.086913 -0.300295  0.056346  0.058325  0.053995
 -0.292869  0.055644  0.055565  0.052011  0.497826  0.011298 -0.164096  0.061145
  0.037131 -0.036179  0.333897 -0.082528 -0.005858  0.035647 -0.160819  0.019757
  0.044543 -0.430345  0.158854  0.474303  0.001578 -0.116027 -0.026946  0.067003
 -0.048425  0.093794 -0.021026 -0.030383 -0.218551  0.014464  0.025255  0.439171
  0.249656 -0.065804 -0.215946  0.063818  0.011783  0.021658 -0.000564  0.000678
 -0.090216 -0.017693 -0.469445  0.096153  0.098927  0.087142  0.273504 -0.060442
 -0.313697  0.060625  0.066956  0.064876 -0.227741  0.026585  0.057055  0.036759
 -0.312771 -0.433912  0.413246 -0.748570  0.413393 -0.093703 -0.000638  0.002817
  0.129404 -0.030467 -0.035089 -0.110734  0.000626  0.000669  0.424810 -0.086913
 -0.300295  0.056346  0.058325  0.053995 -0.292869  0.055644  0.055565  0.052011
  0.497826  0.011298 -0.164096  0.061145  0.037131 -0.036179  0.333897 -0.082528
 -0.005858  0.035647 -0.160819  0.019757  0.044543 -0.430345  0.158854  0.474303
  0.001578 -0.116027 -0.026946  0.067003 -0.048425  0.093794 -0.021026 -0.030383
 -0.218551  0.014464  0.025255  0.439171  0.249656 -0.065804 -0.215946  0.063818
  0.011783  0.021658 -0.000564  0.000678 -0.090216 -0.017693 -0.469445  0.096153
  0.098927  0.087142  0.273504 -0.060442 -0.313697  0.060625  0.066956  0.064876
 -0.227741  0.026585  0.057055  0.036759 -0.312771 -0.433912  0.413246 -0.748570
  0.413393 -0.093703 -0.000638  0.002817  0.129404 -0.030467 -0.035089 -0.110734
  0.000626  0.000669  0.424810 -0.086913 -0.300295  0.056346  0.058325  0.053995
 -0.292869  0.055644  0.055565  0.052011  0.497826  0.011298 -0.164096  0.061145
  0.037131 -0.036179  0.333897 -0.082528 -0.005858  0.035647 -0.160819  0.019757
  0.044543 -0.430345  0.158854  0.474303  0.001578 -0.116027 -0.026946  0.067003
 -0.048425  0.093794 -0.021026 -0.030383 -0.218551  0.014464  0.025255  0.439171
  0.249656 -0.065804 -0.215946  0.063818  0.011783  0.021658 -0.000564  0.000678
 -0.090216 -0.017693 -0.469445  0.096153  0.098927  0.087142  0.273504 -0.060442
 -0.313697  0.060625  0.066956  0.064876 -0.227741  0.026585  0.057055  0.036759
 -0.312771 -0.433912  0.413246 -0.748570  0.413393 -0.093703 -0.000638  0.002817
  0.129404 -0.030467 -0.035089 -0.110734  0.000626  0.000669  0.424810 -0.086913
 -0.300295  0.056346  0.058325  0.053995 -0.292869  0.055644  0.055565  0.052011
  0.497826  0.011298 -0.164096  0.061145  0.037131 -0.036179  0.333897 -0.082528
 -0.005858  0.035647 -0.160819  0.019757  0.044543 -0.430345  0.158854  0.474303
  0.001578 -0.116027 -0.026946  0.067003 -0.048425  0.093794 -0.021026 -0.030383
 -0.218551  0.014464  0.025255  0.439171  0.249656 -0.065804 -0.215946  0.063818
  0.011783  0.021658 -0.000564  0.000678 -0.090216 -0.017693 -0.469445  0.096153
  0.098927  0.087142  0.273504 -0.060442 -0.313697  0.060625  0.066956  0.064876
 -0.227741  0.026585  0.057055  0.036759 -0.312771 -0.433912  0.413246 -0.748570
  0.413393 -0.093703 -0.000638  0.002817  0.129404 -0.030467 -0.035089 -0.110734
  0.000626  0.000669  0.424810 -0.086913 -0.300295  0.056346  0.058325  0.053995
 -0.292869  0.055644  0.055565  0.052011  0.497826  0.011298 -0.164096  0.061145
  0.037131 -0.036179  0.333897 -0.082528 -0.005858  0.035647 -0.160819  0.019757
  0.044543 -0.430345  0.158854  0.474303  0.001578 -0.116027 -0.026946  0.067003
 -0.048425  0.093794 -0.021026 -0.030383 -0.218551  0.014464  0.025255  0.439171
  0.249656 -0.065804 -0.215946  0.063818  0.011783  0.021658 -0.000564  0.000678
 -0.090216 -0.017693 -0.469445  0.096153  0.098927  0.087142  0.273504 -0.060442
 -0.313697  0.060625  0.066956  0.064876 -0.227741  0.026585  0.057055  0.036759
 -0.312771 -0.433912  0.413246 -0.748570  0.413393 -0.093703 -0.000638  0.002817
  0.129404 -0.030467 -0.035089 -0.110734  0.000626  0.000669  0.424810 -0.086913
 -0.300295  0.056346  0.058325  0.053995 -0.292869  0.055644  0.055565  0.052011
  0.497826  0.011298 -0.164096  0.061145  0.037131 -0.036179  0.333897 -0.082528
 -0.005858  0.035647 -0.160819  0.019757  0.044543 -0.430345  0.158854  0.474303
  0.001578 -0.116027 -0.026946  0.067003 -0.048425  0.093794 -0.021026 -0.030383
 -0.218551  0.014464  0.025255  0.439171  0.249656 -0.065804 -0.215946  0.063818
  0.011783  0.021658 -0.000564  0.000678 -0.090216 -0.017693 -0.469445  0.096153
  0.098927  0.087142  0.273504 -0.060442 -0.313697  0.060625  0.066956  0.064876
 -0.227741  0.026585  0.057055  0.036759 -0.312771 -0.433912  0.413246 -0.748570
  0.413393 -0.093703 -0.000638  0.002817  0.129404 -0.030467 -0.035089 -0.110734
  0.000626  0.000669  0.424810 -0.086913 -0.300295  0.056346  0.058325  0.053995
 -0.292869  0.055644  0.055565  0.052011  0.497826  0.011298 -0.164096  0.061145
  0.037131 -0.036179  0.333897 -0.082528 -0.005858  0.035647 -0.160819  0.019757
  0.044543 -0.430345  0.158854  0.474303  0.001578 -0.116027 -0.026946  0.067003
 -0.048425  0.093794 -0.021026 -0.030383 -0.218551  0.014464  0.025255  0.439171
  0.249656 -0.065804 -0.215946  0.063818  0.011783  0.021658 -0.000564  0.000678
 -0.090216 -0.017693 -0.469445  0.096153  0.098927  0.087142  0.273504 -0.060442
 -0.313697  0.060625  0.066956  0.064876 -0.227741  0.026585  0.057055  0.036759
 -0.312771 -0.433912  0.413246 -0.748570  0.413393 -0.093703 -0.000638  0.002817
  0.129404 -0.030467 -0.035089 -0.110734  0.000626  0.000669  0.424810 -0.086913
 -0.300295  0.056346  0.058325  0.053995 -0.292869  0.055644  0.055565  0.052011
  0.497826  0.011298 -0.164096  0.061145  0.037131 -0.036179  0.333897 -0.082528
 -0.005858  0.035647 -0.160819  0.019757  0.044543 -0.430345  0.158854  0.474303
  0.001578 -0.116027 -0.026946  0.067003 -0.048425  0.093794 -0.021026 -0.030383
 -0.218551  0.014464  0.025255  0.439171  0.249656 -0.065804 -0.215946  0.063818
  0.011783  0.021658 -0.000564  0.000678 -0.090216 -0.017693 -0.469445  0.096153
  0.098927  0.087142  0.273504 -0.060442 -0.313697  0.060625  0.066956  0.064876
 -0.227741  0.026585  0.057055  0.036759 -0.312771 -0.433912  0.413246 -0.748570
  0.413393 -0.093703 -0.000638  0.002817  0.129404 -0.030467 -0.035089 -0.110734
  0.000626  0.000669  0.424810 -0.086913 -0.300295  0.056346  0.058325  0.053995
 -0.292869  0.055644  0.055565  0.052011  0.497826  0.011298 -0.164096  0.061145
  0.037131 -0.036179  0.333897 -0.082528 -0.005858  0.035647 -0.160819  0.019757
  0.044543 -0.430345  0.158854  0.474303  0.001578 -0.116027 -0.026946  0.067003
 -0.048425  0.093794 -0.021026 -0.030383 -0.218551  0.014464  0.025255  0.439171
  0.249656 -0.065804 -0.215946  0.063818  0.011783  0.021658 -0.000564  0.000678
 -0.090216 -0.017693 -0.469445  0.096153  0.098927  0.087142  0.273504 -0.060442
 -0.313697  0.060625  0.066956  0.064876 -0.227741  0.026585  0.057055  0.036759
 -0.312771 -0.433912  0.413246 -0.748570  0.413393 -0.093703 -0.000638  0.002817
  0.129404 -0.030467 -0.035089 -0.110734  0.000626  0.000669  0.424810 -0.086913
 -0.300295  0.056346  0.058325  0.053995 -0.292869  0.055644  0.055565  0.052011
  0.497826  0.011298 -0.164096  0.061145  0.037131 -0.036179  0.333897 -0.082528
 -0.005858  0.035647 -0.160819  0.019757  0.044543 -0.430345  0.158854  0.474303
  0.001578 -0.116027 -0.026946  0.067003 -0.048425  0.093794 -0.021026 -0.030383
 -0.218551  0.014464  0.025255  0.439171  0.249656 -0.065804 -0.215946  0.063818
  0.011783  0.021658 -0.000564  0.000678 -0.090216 -0.017693 -0.469445  0.096153
  0.098927  0.087142  0.273504 -0.060442 -0.313697  0.060625  0.066956  0.064876
 -0.227741  0.026585  0.057055  0.036759 -0.312771 -0.433912  0.413246 -0.748570
  0.413393 -0.093703 -0.000638  0.002817  0.129404 -0.030467 -0.035089 -0.110734
  0.000626  0.000669  0.424810 -0.086913 -0.300295  0.056346  0.058325  0.053995
 -0.292869  0.055644  0.055565  0.052011  0.497826  0.011298 -0.164096  0.061145
  0.037131 -0.036179  0.333897 -0.082528 -0.005858  0.035647 -0.160819  0.019757
  0.044543 -0.430345  0.158854  0.474303  0.001578 -0.116027 -0.026946  0.067003
 -0.048425  0.093794 -0.021026 -0.030383 -0.218551  0.014464  0.025255  0.439171
  0.249656 -0.065804 -0.215946  0.063818  0.011783  0.021658 -0.000564  0.000678
 -0.090216 -0.017693 -0.469445  0.096153  0.098927  0.087142  0.273504 -0.060442
 -0.313697  0.060625  0.066956  0.064876 -0.227741  0.026585  0.057055  0.036759
 -0.312771 -0.433912  0.413246 -0.748570  0.413393 -0.093703 -0.000638  0.002817
  0.129404 -0.030467 -0.035089 -0.110734  0.000626  0.000669  0.424810 -0.086913
 -0.300295  0.056346  0.058325  0.053995 -0.292869  0.055644  0.055565  0.052011
  0.497826  0.011298 -0.164096  0.061145  0.037131 -0.036179  0.333897 -0.082528
 -0.005858  0.035647 -0.160819  0.019757  0.044543 -0.430345  0.158854  0.474303
  0.001578 -0.116027 -0.026946  0.067003 -0.048425  0.093794 -0.021026 -0.030383
 -0.218551  0.014464  0.025255  0.439171  0.249656 -0.065804 -0.215946  0.063818
  0.011783  0.021658 -0.000564  0.000678 -0.090216 -0.017693 -0.469445  0.096153
  0.098927  0.087142  0.273504 -0.060442 -0.313697  0.060625  0.066956  0.064876
 -0.227741  0.026585  0.057055  0.036759 -0.312771 -0.433912  0.413246 -0.748570
  0.413393 -0.093703 -0.000638  0.002817  0.129404 -0.030467 -0.035089 -0.110734
  0.000626  0.000669  0.424810 -0.086913 -0.300295  0.056346  0.058325  0.053995
 -0.292869  0.055644  0.055565  0.052011  0.497826  0.011298 -0.164096  0.061145
  0.037131 -0.036179  0.333897 -0.082528 -0.005858  0.035647 -0.160819  0.019757
  0.044543 -0.430345  0.158854  0.474303  0.001578 -0.116027 -0.026946  0.067003
 -0.048425  0.093794 -0.021026 -0.030383 -0.218551  0.014464  0.025255  0.439171
  0.249656 -0.065804 -0.215946  0.063818  0.011783  0.021658 -0.000564  0.000678
 -0.090216 -0.017693 -0.469445  0.096153  0.098927  0.087142  0.273504 -0.060442
 -0.313697  0.060625  0.066956  0.064876 -0.227741  0.026585  0.057055  0.036759
 -0.312771 -0.433912  0.413246 -0.748570  0.413393 -0.093703 -0.000638  0.002817
  0.129404 -0.030467 -0.035089 -0.110734  0.000626  0.000669  0.424810 -0.086913
 -0.300295  0.056346  0.058325  0.053995 -0.292869  0.055644  0.055565  0.052011
  0.497826  0.011298 -0.164096  0.061145  0.037131 -0.036179  0.333897 -0.082528
 -0.005858  0.035647 -0.160819  0.019757  0.044543 -0.430345  0.158854  0.474303
  0.001578 -0.116027 -0.026946  0.067003 -0.048425  0.093794 -0.021026 -0.030383
 -0.218551  0.014464  0.025255  0.439171  0.249656 -0.065804 -0.215946  0.063818
  0.011783  0.021658 -0.000564  0.000678 -0.090216 -0.017693 -0.469445  0.096153
  0.098927  0.087142  0.273504 -0.060442 -0.313697  0.060625  0.066956  0.064876
 -0.227741  0.026585  0.057055  0.036759 -0.312771 -0.433912  0.413246 -0.748570
  0.413393 -0.093703 -0.000638  0.002817  0.129404 -0.030467 -0.035089 -0.110734
  0.000626  0.000669  0.424810 -0.086913 -0.300295  0.056346  0.058325  0.053995
 -0.292869  0.055644  0.055565  0.052011  0.497826  0.011298 -0.164096  0.061145
  0.037131 -0.036179  0.333897 -0.082528 -0.005858  0.035647 -0.160819  0.019757
  0.044543 -0.430345  0.158854  0.474303  0.001578 -0.116027 -0.026946  0.067003
 -0.048425  0.093794 -0.021026 -0.030383 -0.218551  0.014464  0.025255  0.439171
  0.249656 -0.065804 -0.215946  0.063818  0.011783  0.021658 -0.000564  0.000678
 -0.090216 -0.017693 -0.469445  0.096153  0.098927  0.087142  0.273504 -0.060442
 -0.313697  0.060625  0.066956  0.064876 -0.227741  0.026585  0.057055  0.036759
 -0.312771 -0.433912  0.413246 -0.748570  0.413393 -0.093703 -0.000638  0.002817
  0.129404 -0.030467 -0.035089 -0.110734  0.000626  0.000669  0.424810 -0.086913
 -0.300295  0.056346  0.058325  0.053995 -0.292869  0.055644  0.055565  0.052011
  0.497826  0.011298 -0.164096  0.061145  0.037131 -0.036179  0.333897 -0.082528
 -0.005858  0.035647 -0.160819  0.019757  0.044543 -0.430345  0.158854  0.474303
  0.001578 -0.116027 -0.026946  0.067003 -0.048425  0.093794 -0.021026 -0.030383
 -0.218551  0.014464  0.025255  0.439171  0.249656 -0.065804 -0.215946  0.063818
  0.011783  0.021658 -0.000564  0.000678 -0.090216 -0.017693 -0.469445  0.096153
  0.098927  0.087142  0.273504 -0.060442 -0.313697  0.060625  0.066956  0.064876
 -0.227741  0.026585  0.057055  0.036759 -0.312771 -0.433912  0.413246 -0.748570
  0.413393 -0.093703 -0.000638  0.002817  0.129404 -0.030467 -0.035089 -0.110734
  0.000626  0.000669  0.424810 -0.086913 -0.300295  0.056346  0.058325  0.053995
 -0.292869  0.055644  0.055565  0.052011  0.497826  0.011298 -0.164096  0.061145
  0.037131 -0.036179  0.333897 -0.082528 -0.005858  0.035647 -0.160819  0.019757
  0.044543 -0.430345  0.158854  0.474303  0.001578 -0.116027 -0.026946  0.067003
 -0.048425  0.093794 -0.021026 -0.030383 -0.218551  0.014464  0.025255  0.439171
  0.249656 -0.065804 -0.215946  0.063818  0.011783  0.021658 -0.000564  0.000678
 -0.090216 -0.017693 -0.469445  0.096153  0.098927  0.087142  0.273504 -0.060442
 -0.313697  0.060625  0.066956  0.064876 -0.227741  0.026585  0.057055  0.036759
 -0.312771 -0.433912  0.413246 -0.748570  0.413393 -0.093703 -0.000638  0.002817
  0.129404 -0.030467 -0.035089 -0.110734  0.000626  0.000669  0.424810 -0.086913
 -0.300295  0.056346  0.058325  0.053995 -0.292869  0.055644  0.055565  0.052011
  0.497826  0.011298 -0.164096  0.061145  0.037131 -0.036179  0.333897 -0.082528
 -0.005858  0.035647 -0.160819  0.019757  0.044543 -0.430345  0.158854  0.474303
  0.001578 -0.116027 -0.026946  0.067003 -0.048425  0.093794 -0.021026 -0.030383
 -0.218551  0.014464  0.025255  0.439171  0.249656 -0.065804 -0.215946  0.063818
  0.011783  0.021658 -0.000564  0.000678 -0.090216 -0.017693 -0.469445  0.096153
  0.098927  0.087142  0.273504 -0.060442 -0.313697  0.060625  0.066956  0.064876
 -0.227741  0.026585  0.057055  0.036759 -0.312771 -0.433912  0.413246 -0.748570
  0.413393 -0.093703 -0.000638  0.002817  0.129404 -0.030467 -0.035089 -0.110734
  0.000626  0.000669  0.424810 -0.086913 -0.300295  0.056346  0.058325  0.053995
 -0.292869  0.055644  0.055565  0.052011  0.497826  0.011298 -0.164096  0.061145
  0.037131 -0.036179  0.333897 -0.082528 -0.005858  0.035647 -0.160819  0.019757
  0.044543 -0.430345  0.158854  0.474303  0.001578 -0.116027 -0.026946  0.067003
 -0.048425  0.093794 -0.021026 -0.030383 -0.218551  0.014464  0.025255  0.439171
  0.249656 -0.065804 -0.215946  0.063818  0.011783  0.021658 -0.000564  0.000678
 -0.090216 -0.017693 -0.469445  0.096153  0.098927  0.087142  0.273504 -0.060442
 -0.313697  0.060625  0.066956  0.064876 -0.227741  0.026585  0.057055  0.036759
 -0.312771 -0.433912  0.413246 -0.748570  0.413393 -0.093703 -0.000638  0.002817
  0.129404 -0.030467 -0.035089 -0.110734  0.000626  0.000669  0.424810 -0.086913
 -0.300295  0.056346  0.058325  0.053995 -0.292869  0.055644  0.055565  0.052011
  0.497826  0.011298 -0.164096  0.061145  0.037131 -0.036179  0.333897 -0.082528
 -0.005858  0.035647 -0.160819  0.019757  0.044543 -0.430345  0.158854  0.474303
  0.001578 -0.116027 -0.026946  0.067003 -0.048425  0.093794 -0.021026 -0.030383
 -0.218551  0.014464  0.025255  0.439171  0.249656 -0.065804 -0.215946  0.063818
  0.011783  0.021658 -0.000564  0.000678 -0.090216 -0.017693 -0.469445  0.096153
  0.098927  0.087142  0.273504 -0.060442 -0.313697  0.060625  0.066956  0.064876
 -0.227741  0.026585  0.057055  0.036759 -0.312771 -0.433912  0.413246 -0.748570
  0.413393 -0.093703 -0.000638  0.002817  0.129404 -0.030467 -0.035089 -0.110734
  0.000626  0.000669  0.424810 -0.086913 -0.300295  0.056346  0.058325  0.053995
 -0.292869  0.055644  0.055565  0.052011  0.497826  0.011298 -0.164096  0.061145
  0.037131 -0.036179  0.333897 -0.082528 -0.005858  0.035647 -0.160819  0.019757
  0.044543 -0.430345  0.158854  0.474303  0.001578 -0.116027 -0.026946  0.067003
 -0.048425  0.093794 -0.021026 -0.030383 -0.218551  0.014464  0.025255  0.439171
  0.249656 -0.065804 -0.215946  0.063818  0.011783  0.021658 -0.000564  0.000678
 -0.090216 -0.017693 -0.469445  0.096153  0.098927  0.087142  0.273504 -0.060442
 -0.313697  0.060625  0.066956  0.064876 -0.227741  0.026585  0.057055  0.036759
 -0.312771 -0.433912  0.413246 -0.748570  0.413393 -0.093703 -0.000638  0.002817
  0.129404 -0.030467 -0.035089 -0.110734  0.000626  0.000669  0.424810 -0.086913
 -0.300295  0.056346  0.058325  0.053995 -0.292869  0.055644  0.055565  0.052011
  0.497826  0.011298 -0.164096  0.061145  0.037131 -0.036179  0.333897 -0.082528
 -0.005858  0.035647 -0.160819  0.019757  0.044543 -0.430345  0.158854  0.474303
  0.001578 -0.116027 -0.026946  0.067003 -0.048425  0.093794 -0.021026 -0.030383
 -0.218551  0.014464  0.025255  0.439171  0.249656 -0.065804 -0.215946  0.063818
  0.011783  0.021658 -0.000564  0.000678 -0.090216 -0.017693 -0.469445  0.096153
  0.098927  0.087142  0.273504 -0.060442 -0.313697  0.060625  0.066956  0.064876
 -0.227741  0.026585  0.057055  0.036759 -0.312771 -0.433912  0.413246 -0.748570
  0.413393 -0.093703 -0.000638  0.002817  0.129404 -0.030467 -0.035089 -0.110734
  0.000626  0.000669  0.424810 -0.086913 -0.300295  0.056346  0.058325  0.053995
 -0.292869  0.055644  0.055565  0.052011  0.497826  0.011298 -0.164096  0.061145
  0.037131 -0.036179  0.333897 -0.082528 -0.005858  0.035647 -0.160819  0.019757
  0.044543 -0.430345  0.158854  0.474303  0.001578 -0.116027 -0.026946  0.067003
 -0.048425  0.093794 -0.021026 -0.030383 -0.218551  0.014464  0.025255  0.439171
  0.249656 -0.065804 -0.215946  0.063818  0.011783  0.021658 -0.000564  0.000678
 -0.090216 -0.017693 -0.469445  0.096153  0.098927  0.087142  0.273504 -0.060442
 -0.313697  0.060625  0.066956  0.064876 -0.227741  0.026585  0.057055  0.036759
 -0.312771 -0.433912  0.413246 -0.748570  0.413393 -0.093703 -0.000638  0.002817
  0.129404 -0.030467 -0.035089 -0.110734  0.000626  0.000669  0.424810 -0.086913
 -0.300295  0.056346  0.058325  0.053995 -0.292869  0.055644  0.055565  0.052011
  0.497826  0.011298 -0.164096  0.061145  0.037131 -0.036179  0.333897 -0.082528
 -0.005858  0.035647 -0.160819  0.019757  0.044543 -0.430345  0.158854  0.474303
  0.001578 -0.116027 -0.026946  0.067003 -0.048425  0.093794 -0.021026 -0.030383
 -0.218551  0.014464  0.025255  0.439171  0.249656 -0.065804 -0.215946  0.063818
  0.011783  0.021658 -0.000564  0.000678 -0.090216 -0.017693 -0.469445  0.096153
  0.098927  0.087142  0.273504 -0.060442 -0.313697  0.060625  0.066956  0.064876
 -0.227741  0.026585  0.057055  0.036759 -0.312771 -0.433912  0.413246 -0.748570
  0.413393 -0.093703 -0.000638  0.002817  0.129404 -0.030467 -0.035089 -0.110734
  0.000626  0.000669  0.424810 -0.086913 -0.300295  0.056346  0.058325  0.053995
 -0.292869  0.055644  0.055565  0.052011  0.497826  0.011298 -0.164096  0.061145
  0.037131 -0.036179  0.333897 -0.082528 -0.005858  0.035647 -0.160819  0.019757
  0.044543 -0.430345  0.158854  0.474303  0.001578 -0.116027 -0.026946  0.067003
 -0.048425  0.093794 -0.021026 -0.030383 -0.218551  0.014464  0.025255  0.439171
  0.249656 -0.065804 -0.215946  0.063818  0.011783  0.021658 -0.000564  0.000678
 -0.090216 -0.017693 -0.469445  0.096153  0.098927  0.087142  0.273504 -0.060442
 -0.313697  0.060625  0.066956  0.064876 -0.227741  0.026585  0.057055  0.036759
 -0.312771 -0.433912  0.413246 -0.748570  0.413393 -0.093703 -0.000638  0.002817
  0.129404 -0.030467 -0.035089 -0.110734  0.000626  0.000669  0.424810 -0.086913
 -0.300295  0.056346  0.058325  0.053995 -0.292869  0.055644  0.055565  0.052011
  0.497826  0.011298 -0.164096  0.061145  0.037131 -0.036179  0.333897 -0.082528
 -0.005858  0.035647 -0.160819  0.019757  0.044543 -0.430345  0.158854  0.474303
  0.001578 -0.116027 -0.026946  0.067003 -0.048425  0.093794 -0.021026 -0.030383
 -0.218551  0.014464  0.025255  0.439171  0.249656 -0.065804 -0.215946  0.063818
  0.011783  0.021658 -0.000564  0.000678 -0.090216 -0.017693 -0.469445  0.096153
  0.098927  0.087142  0.273504 -0.060442 -0.313697  0.060625  0.066956  0.064876
 -0.227741  0.026585  0.057055  0.036759 -0.312771 -0.433912  0.413246 -0.748570
  0.413393 -0.093703 -0.000638  0.002817  0.129404 -0.030467 -0.035089 -0.110734
  0.000626  0.000669  0.424810 -0.086913 -0.300295  0.056346  0.058325  0.053995
 -0.292869  0.055644  0.055565  0.052011  0.497826  0.011298 -0.164096  0.061145
  0.037131 -0.036179  0.333897 -0.082528 -0.005858  0.035647 -0.160819  0.019757
  0.044543 -0.430345  0.158854  0.474303  0.001578 -0.116027 -0.026946  0.067003
 -0.048425  0.093794 -0.021026 -0.030383 -0.218551  0.014464  0.025255  0.439171
  0.249656 -0.065804 -0.215946  0.063818  0.011783  0.021658 -0.000564  0.000678
 -0.090216 -0.017693 -0.469445  0.096153  0.098927  0.087142  0.273504 -0.060442
 -0.313697  0.060625  0.066956  0.064876 -0.227741  0.026585  0.057055  0.036759
 -0.312771 -0.433912  0.413246 -0.748570  0.413393 -0.093703 -0.000638  0.002817
  0.129404 -0.030467 -0.035089 -0.110734  0.000626  0.000669  0.424810 -0.086913
 -0.300295  0.056346  0.058325  0.053995 -0.292869  0.055644  0.055565  0.052011
  0.497826  0.011298 -0.164096  0.061145  0.037131 -0.036179  0.333897 -0.082528
 -0.005858  0.035647 -0.160819  0.019757  0.044543 -0.430345  0.158854  0.474303
  0.001578 -0.116027 -0.026946  0.067003 -0.048425  0.093794 -0.021026 -0.030383
 -0.218551  0.014464  0.025255  0.439171  0.249656 -0.065804 -0.215946  0.063818
  0.011783  0.021658 -0.000564  0.000678 -0.090216 -0.017693 -0.469445  0.096153
  0.098927  0.087142  0.273504 -0.060442 -0.313697  0.060625  0.066956  0.064876
 -0.227741  0.026585  0.057055  0.036759 -0.312771 -0.433912  0.413246 -0.748570
  0.413393 -0.093703 -0.000638  0.002817  0.129404 -0.030467 -0.035089 -0.110734
  0.000626  0.000669  0.424810 -0.086913 -0.300295  0.056346  0.058325  0.053995
 -0.292869  0.055644  0.055565  0.052011  0.497826  0.011298 -0.164096  0.061145
  0.037131 -0.036179  0.333897 -0.082528 -0.005858  0.035647 -0.160819  0.019757
  0.044543 -0.430345  0.158854  0.474303  0.001578 -0.116027 -0.026946  0.067003
 -0.048425  0.093794 -0.021026 -0.030383 -0.218551  0.014464  0.025255  0.439171
  0.249656 -0.065804 -0.215946  0.063818  0.011783  0.021658 -0.000564  0.000678
 -0.090216 -0.017693 -0.469445  0.096153  0.098927  0.087142  0.273504 -0.060442
 -0.313697  0.060625  0.066956  0.064876 -0.227741  0.026585  0.057055  0.036759
 -0.312771 -0.433912  0.413246 -0.748570  0.413393 -0.093703 -0.000638  0.002817
  0.129404 -0.030467 -0.035089 -0.110734  0.000626  0.000669  0.424810 -0.086913
 -0.300295  0.056346  0.058325  0.053995 -0.292869  0.055644  0.055565  0.052011
  0.497826  0.011298 -0.164096  0.061145  0.037131 -0.036179  0.333897 -0.082528
 -0.005858  0.035647 -0.160819  0.019757  0.044543 -0.430345  0.158854  0.474303
  0.001578 -0.116027 -0.026946  0.067003 -0.048425  0.093794 -0.021026 -0.030383
 -0.218551  0.014464  0.025255  0.439171  0.249656 -0.065804 -0.215946  0.063818
  0.011783  0.021658 -0.000564  0.000678 -0.090216 -0.017693 -0.469445  0.096153
  0.098927  0.087142  0.273504 -0.060442 -0.313697  0.060625  0.066956  0.064876
 -0.227741  0.026585  0.057055  0.036759 -0.312771 -0.433912  0.413246 -0.748570
  0.413393 -0.093703 -0.000638  0.002817  0.129404 -0.030467 -0.035089 -0.110734
  0.000626  0.000669  0.424810 -0.086913 -0.300295  0.056346  0.058325  0.053995
 -0.292869  0.055644  0.055565  0.052011  0.497826  0.011298 -0.164096  0.061145
  0.037131 -0.036179  0.333897 -0.082528 -0.005858  0.035647 -0.160819  0.019757
  0.044543 -0.430345  0.158854  0.474303  0.001578 -0.116027 -0.026946  0.067003
 -0.048425  0.093794 -0.021026 -0.030383 -0.218551  0.014464  0.025255  0.439171
  0.249656 -0.065804 -0.215946  0.063818  0.011783  0.021658 -0.000564  0.000678
 -0.090216 -0.017693 -0.469445  0.096153  0.098927  0.087142  0.273504 -0.060442
 -0.313697  0.060625  0.066956  0.064876 -0.227741  0.026585  0.057055  0.036759
 -0.312771 -0.433912  0.413246 -0.748570  0.413393 -0.093703 -0.000638  0.002817
  0.129404 -0.030467 -0.035089 -0.110734  0.000626  0.000669  0.424810 -0.086913
 -0.300295  0.056346  0.058325  0.053995 -0.292869  0.055644  0.055565  0.052011
  0.497826  0.011298 -0.164096  0.061145  0.037131 -0.036179  0.333897 -0.082528
 -0.005858  0.035647 -0.160819  0.019757  0.044543 -0.430345  0.158854  0.474303
  0.001578 -0.116027 -0.026946  0.067003 -0.048425  0.093794 -0.021026 -0.030383
 -0.218551  0.014464  0.025255  0.439171  0.249656 -0.065804 -0.215946  0.063818
  0.011783  0.021658 -0.000564  0.000678 -0.090216 -0.017693 -0.469445  0.096153
  0.098927  0.087142  0.273504 -0.060442 -0.313697  0.060625  0.066956  0.064876
 -0.227741  0.026585  0.057055  0.036759 -0.312771 -0.433912  0.413246 -0.748570
  0.413393 -0.093703 -0.000638  0.002817  0.129404 -0.030467 -0.035089 -0.110734
  0.000626  0.000669  0.424810 -0.086913 -0.300295  0.056346  0.058325  0.053995
 -0.292869  0.055644  0.055565  0.052011  0.497826  0.011298 -0.164096  0.061145
  0.037131 -0.036179  0.333897 -0.082528 -0.005858  0.035647 -0.160819  0.019757
  0.044543 -0.430345  0.158854  0.474303  0.001578 -0.116027 -0.026946  0.067003
 -0.048425  0.093794 -0.021026 -0.030383 -0.218551  0.014464  0.025255  0.439171
  0.249656 -0.065804 -0.215946  0.063818  0.011783  0.021658 -0.000564  0.000678
 -0.090216 -0.017693 -0.469445  0.096153  0.098927  0.087142  0.273504 -0.060442
 -0.313697  0.060625  0.066956  0.064876 -0.227741  0.026585  0.057055  0.036759
 -0.312771 -0.433912  0.413246 -0.748570  0.413393 -0.093703 -0.000638  0.002817
  0.129404 -0.030467 -0.035089 -0.110734  0.000626  0.000669  0.424810 -0.086913
 -0.300295  0.056346  0.058325  0.053995 -0.292869  0.055644  0.055565  0.052011
  0.497826  0.011298 -0.164096  0.061145  0.037131 -0.036179  0.333897 -0.082528
 -0.005858  0.035647 -0.160819  0.019757  0.044543 -0.430345  0.158854  0.474303
  0.001578 -0.116027 -0.026946  0.067003 -0.048425  0.093794 -0.021026 -0.030383
 -0.218551  0.014464  0.025255  0.439171  0.249656 -0.065804 -0.215946  0.063818
  0.011783  0.021658 -0.000564  0.000678 -0.090216 -0.017693 -0.469445  0.096153
  0.098927  0.087142  0.273504 -0.060442 -0.313697  0.060625  0.066956  0.064876
 -0.227741  0.026585  0.057055  0.036759 -0.312771 -0.433912  0.413246 -0.748570
  0.413393 -0.093703 -0.000638  0.002817  0.129404 -0.030467 -0.035089 -0.110734
  0.000626  0.000669  0.424810 -0.086913 -0.300295  0.056346  0.058325  0.053995
 -0.292869  0.055644  0.055565  0.052011  0.497826  0.011298 -0.164096  0.061145
  0.037131 -0.036179  0.333897 -0.082528 -0.005858  0.035647 -0.160819  0.019757
  0.044543 -0.430345  0.158854  0.474303  0.001578 -0.116027 -0.026946  0.067003
 -0.048425  0.093794 -0.021026 -0.030383 -0.218551  0.014464  0.025255  0.439171
  0.249656 -0.065804 -0.215946  0.063818  0.011783  0.021658 -0.000564  0.000678
 -0.090216 -0.017693 -0.469445  0.096153  0.098927  0.087142  0.273504 -0.060442
 -0.313697  0.060625  0.066956  0.064876 -0.227741  0.026585  0.057055  0.036759
 -0.312771 -0.433912  0.413246 -0.748570  0.413393 -0.093703 -0.000638  0.002817
  0.129404 -0.030467 -0.035089 -0.110734  0.000626  0.000669  0.424810 -0.086913
 -0.300295  0.056346  0.058325  0.053995 -0.292869  0.055644  0.055565  0.052011
  0.497826  0.011298 -0.164096  0.061145  0.037131 -0.036179  0.333897 -0.082528
 -0.005858  0.035647 -0.160819  0.019757  0.044543 -0.430345  0.158854  0.474303
  0.001578 -0.116027 -0.026946  0.067003 -0.048425  0.093794 -0.021026 -0.030383
 -0.218551  0.014464  0.025255  0.439171  0.249656 -0.065804 -0.215946  0.063818
  0.011783  0.021658 -0.000564  0.000678 -0.090216 -0.017693 -0.469445  0.096153
  0.098927  0.087142  0.273504 -0.060442 -0.313697  0.060625  0.066956  0.064876
 -0.227741  0.026585  0.057055  0.036759 -0.312771 -0.433912  0.413246 -0.748570
  0.413393 -0.093703 -0.000638  0.002817  0.129404 -0.030467 -0.035089 -0.110734
  0.000626  0.000669  0.424810 -0.086913 -0.300295  0.056346  0.058325  0.053995
 -0.292869  0.055644  0.055565  0.052011  0.497826  0.011298 -0.164096  0.061145
  0.037131 -0.036179  0.333897 -0.082528 -0.005858  0.035647 -0.160819  0.019757
  0.044543 -0.430345  0.158854  0.474303  0.001578 -0.116027 -0.026946  0.067003
 -0.048425  0.093794 -0.021026 -0.030383 -0.218551  0.014464  0.025255  0.439171
  0.249656 -0.065804 -0.215946  0.063818  0.011783  0.021658 -0.000564  0.000678
 -0.090216 -0.017693 -0.469445  0.096153  0.098927  0.087142  0.273504 -0.060442
 -0.313697  0.060625  0.066956  0.064876 -0.227741  0.026585  0.057055  0.036759
 -0.312771 -0.433912  0.413246 -0.748570  0.413393 -0.093703 -0.000638  0.002817
  0.129404 -0.030467 -0.035089 -0.110734  0.000626  0.000669  0.424810 -0.086913
 -0.300295  0.056346  0.058325  0.053995 -0.292869  0.055644  0.055565  0.052011
  0.497826  0.011298 -0.164096  0.061145  0.037131 -0.036179  0.333897 -0.082528
 -0.005858  0.035647 -0.160819  0.019757  0.044543 -0.430345  0.158854  0.474303
  0.001578 -0.116027 -0.026946  0.067003 -0.048425  0.093794 -0.021026 -0.030383
 -0.218551  0.014464  0.025255  0.439171  0.249656 -0.065804 -0.215946  0.063818
  0.011783  0.021658 -0.000564  0.000678 -0.090216 -0.017693 -0.469445  0.096153
  0.098927  0.087142  0.273504 -0.060442 -0.313697  0.060625  0.066956  0.064876
 -0.227741  0.026585  0.057055  0.036759 -0.312771 -0.433912  0.413246 -0.748570
  0.413393 -0.093703 -0.000638  0.002817  0.129404 -0.030467 -0.035089 -0.110734
  0.000626  0.000669  0.424810 -0.086913 -0.300295  0.056346  0.058325  0.053995
 -0.292869  0.055644  0.055565  0.052011  0.497826  0.011298 -0.164096  0.061145
  0.037131 -0.036179  0.333897 -0.082528 -0.005858  0.035647 -0.160819  0.019757
  0.044543 -0.430345  0.158854  0.474303  0.001578 -0.116027 -0.026946  0.067003
 -0.048425  0.093794 -0.021026 -0.030383 -0.218551  0.014464  0.025255  0.439171
  0.249656 -0.065804 -0.215946  0.063818  0.011783  0.021658 -0.000564  0.000678
 -0.090216 -0.017693 -0.469445  0.096153  0.098927  0.087142  0.273504 -0.060442
 -0.313697  0.060625  0.066956  0.064876 -0.227741  0.026585  0.057055  0.036759
 -0.312771 -0.433912  0.413246 -0.748570  0.413393 -0.093703 -0.000638  0.002817
  0.129404 -0.030467 -0.035089 -0.110734  0.000626  0.000669  0.424810 -0.086913
 -0.300295  0.056346  0.058325  0.053995 -0.292869  0.055644  0.055565  0.052011
  0.497826  0.011298 -0.164096  0.061145  0.037131 -0.036179  0.333897 -0.082528
 -0.005858  0.035647 -0.160819  0.019757  0.044543 -0.430345  0.158854  0.474303
  0.001578 -0.116027 -0.026946  0.067003 -0.048425  0.093794 -0.021026 -0.030383
 -0.218551  0.014464  0.025255  0.439171  0.249656 -0.065804 -0.215946  0.063818
  0.011783  0.021658 -0.000564  0.000678 -0.090216 -0.017693 -0.469445  0.096153
  0.098927  0.087142  0.273504 -0.060442 -0.313697  0.060625  0.066956  0.064876
 -0.227741  0.026585  0.057055  0.036759 -0.312771 -0.433912  0.413246 -0.748570
  0.413393 -0.093703 -0.000638  0.002817  0.129404 -0.030467 -0.035089 -0.110734
  0.000626  0.000669  0.424810 -0.086913 -0.300295  0.056346  0.058325  0.053995
 -0.292869  0.055644  0.055565  0.052011  0.497826  0.011298 -0.164096  0.061145
  0.037131 -0.036179  0.333897 -0.082528 -0.005858  0.035647 -0.160819  0.019757
  0.044543 -0.430345  0.158854  0.474303  0.001578 -0.116027 -0.026946  0.067003
 -0.048425  0.093794 -0.021026 -0.030383 -0.218551  0.014464  0.025255  0.439171
  0.249656 -0.065804 -0.215946  0.063818  0.011783  0.021658 -0.000564  0.000678
 -0.090216 -0.017693 -0.469445  0.096153  0.098927  0.087142  0.273504 -0.060442
 -0.313697  0.060625  0.066956  0.064876 -0.227741  0.026585  0.057055  0.036759
 -0.312771 -0.433912  0.413246 -0.748570  0.413393 -0.093703 -0.000638  0.002817
  0.129404 -0.030467 -0.035089 -0.110734  0.000626  0.000669  0.424810 -0.086913
 -0.300295  0.056346  0.058325  0.053995 -0.292869  0.055644  0.055565  0.052011
  0.497826  0.011298 -0.164096  0.061145  0.037131 -0.036179  0.333897 -0.082528
 -0.005858  0.035647 -0.160819  0.019757  0.044543 -0.430345  0.158854  0.474303
  0.001578 -0.116027 -0.026946  0.067003 -0.048425  0.093794 -0.021026 -0.030383
 -0.218551  0.014464  0.025255  0.439171  0.249656 -0.065804 -0.215946  0.063818
  0.011783  0.021658 -0.000564  0.000678 -0.090216 -0.017693 -0.469445  0.096153
  0.098927  0.087142  0.273504 -0.060442 -0.313697  0.060625  0.066956  0.064876
 -0.227741  0.026585  0.057055  0.036759 -0.312771 -0.433912  0.413246 -0.748570
  0.413393 -0.093703 -0.000638  0.002817  0.129404 -0.030467 -0.035089 -0.110734
  0.000626  0.000669  0.424810 -0.086913 -0.300295  0.056346  0.058325  0.053995
 -0.292869  0.055644  0.055565  0.052011  0.497826  0.011298 -0.164096  0.061145
  0.037131 -0.036179  0.333897 -0.082528 -0.005858  0.035647 -0.160819  0.019757
  0.044543 -0.430345  0.158854  0.474303  0.001578 -0.116027 -0.026946  0.067003
 -0.048425  0.093794 -0.021026 -0.030383 -0.218551  0.014464  0.025255  0.439171
  0.249656 -0.065804 -0.215946  0.063818  0.011783  0.021658 -0.000564  0.000678
 -0.090216 -0.017693 -0.469445  0.096153  0.098927  0.087142  0.273504 -0.060442
 -0.313697  0.060625  0.066956  0.064876 -0.227741  0.026585  0.057055  0.036759
 -0.312771 -0.433912  0.413246 -0.748570  0.413393 -0.093703 -0.000638  0.002817
  0.129404 -0.030467 -0.035089 -0.110734  0.000626  0.000669  0.424810 -0.086913
 -0.300295  0.056346  0.058325  0.053995 -0.292869  0.055644  0.055565  0.052011
  0.497826  0.011298 -0.164096  0.061145  0.037131 -0.036179  0.333897 -0.082528
 -0.005858  0.035647 -0.160819  0.019757  0.044543 -0.430345  0.158854  0.474303
  0.001578 -0.116027 -0.026946  0.067003 -0.048425  0.093794 -0.021026 -0.030383
 -0.218551  0.014464  0.025255  0.439171  0.249656 -0.065804 -0.215946  0.063818
  0.011783  0.021658 -0.000564  0.000678 -0.090216 -0.017693 -0.469445  0.096153
  0.098927  0.087142  0.273504 -0.060442 -0.313697  0.060625  0.066956  0.064876
 -0.227741  0.026585  0.057055  0.036759 -0.312771 -0.433912  0.413246 -0.748570
  0.413393 -0.093703 -0.000638  0.002817  0.129404 -0.030467 -0.035089 -0.110734
  0.000626  0.000669  0.424810 -0.086913 -0.300295  0.056346  0.058325  0.053995
 -0.292869  0.055644  0.055565  0.052011  0.497826  0.011298 -0.164096  0.061145
  0.037131 -0.036179  0.333897 -0.082528 -0.005858  0.035647 -0.160819  0.019757
  0.044543 -0.430345  0.158854  0.474303  0.001578 -0.116027 -0.026946  0.067003
 -0.048425  0.093794 -0.021026 -0.030383 -0.218551  0.014464  0.025255  0.439171
  0.249656 -0.065804 -0.215946  0.063818  0.011783  0.021658 -0.000564  0.000678
 -0.090216 -0.017693 -0.469445  0.096153  0.098927  0.087142  0.273504 -0.060442
 -0.313697  0.060625  0.066956  0.064876 -0.227741  0.026585  0.057055  0.036759
 -0.312771 -0.433912  0.413246 -0.748570  0.413393 -0.093703 -0.000638  0.002817
  0.129404 -0.030467 -0.035089 -0.110734  0.000626  0.000669  0.424810 -0.086913
 -0.300295  0.056346  0.058325  0.053995 -0.292869  0.055644  0.055565  0.052011
  0.497826  0.011298 -0.164096  0.061145  0.037131 -0.036179  0.333897 -0.082528
 -0.005858  0.035647 -0.160819  0.019757  0.044543 -0.430345  0.158854  0.474303
  0.001578 -0.116027 -0.026946  0.067003 -0.048425  0.093794 -0.021026 -0.030383
 -0.218551  0.014464  0.025255  0.439171  0.249656 -0.065804 -0.215946  0.063818
  0.011783  0.021658 -0.000564  0.000678 -0.090216 -0.017693 -0.469445  0.096153
  0.098927  0.087142  0.273504 -0.060442 -0.313697  0.060625  0.066956  0.064876
 -0.227741  0.026585  0.057055  0.036759 -0.312771 -0.433912  0.413246 -0.748570
  0.413393 -0.093703 -0.000638  0.002817  0.129404 -0.030467 -0.035089 -0.110734
  0.000626  0.000669  0.424810 -0.086913 -0.300295  0.056346  0.058325  0.053995
 -0.292869  0.055644  0.055565  0.052011  0.497826  0.011298 -0.164096  0.061145
  0.037131 -0.036179  0.333897 -0.082528 -0.005858  0.035647 -0.160819  0.019757
  0.044543 -0.430345  0.158854  0.474303  0.001578 -0.116027 -0.026946  0.067003
 -0.048425  0.093794 -0.021026 -0.030383 -0.218551  0.014464  0.025255  0.439171
  0.249656 -0.065804 -0.215946  0.063818  0.011783  0.021658 -0.000564  0.000678
 -0.090216 -0.017693 -0.469445  0.096153  0.098927  0.087142  0.273504 -0.060442
 -0.313697  0.060625  0.066956  0.064876 -0.227741  0.026585  0.057055  0.036759
 -0.312771 -0.433912  0.413246 -0.748570  0.413393 -0.093703 -0.000638  0.002817
  0.129404 -0.030467 -0.035089 -0.110734  0.000626  0.000669  0.424810 -0.086913
 -0.300295  0.056346  0.058325  0.053995 -0.292869  0.055644  0.055565  0.052011
