 -0.755974  0.412601 -0.739060  0.407624  0.465110  0.116610 -0.054074 -0.072563
 -0.008177 -0.043433 -0.053966 -0.069764 -0.026040 -0.237563  0.018847  0.020748
  0.334622 -0.181307  0.060046  0.015596  0.173406 -0.037294 -0.040019  0.017344
 -0.001386 -0.002452  0.647546 -0.022705  0.266477 -0.062090 -0.449725  0.085111
  0.097349  0.082983 -0.041434 -0.104758  0.006995  0.040335 -0.543245  0.190396
 -0.174894  0.016256  0.041487  0.019718 -0.099405  0.043669  0.024731 -0.145750
  0.016317  0.043680 -0.072598 -0.004844 -0.001811  0.472593  0.006863 -0.320128
  0.061227  0.070604  0.065915  0.115623 -0.031573 -0.032438 -0.092359 -0.004228
 -0.003749  0.419543 -0.086813 -0.295457  0.055605  0.057282  0.052130 -0.296884
  0.056811  0.057296  0.052867 -0.755974  0.412601 -0.739060  0.407624  0.465110
  0.116610 -0.054074 -0.072563 -0.008177 -0.043433 -0.053966 -0.069764 -0.026040
 -0.237563  0.018847  0.020748  0.334622 -0.181307  0.060046  0.015596  0.173406
 -0.037294 -0.040019  0.017344 -0.001386 -0.002452  0.647546 -0.022705  0.266477
 -0.062090 -0.449725  0.085111  0.097349  0.082983 -0.041434 -0.104758  0.006995
  0.040335 -0.543245  0.190396 -0.174894  0.016256  0.041487  0.019718 -0.099405
  0.043669  0.024731 -0.145750  0.016317  0.043680 -0.072598 -0.004844 -0.001811
  0.472593  0.006863 -0.320128  0.061227  0.070604  0.065915  0.115623 -0.031573
 -0.032438 -0.092359 -0.004228 -0.003749  0.419543 -0.086813 -0.295457  0.055605
  0.057282  0.052130 -0.296884  0.056811  0.057296  0.052867 -0.755974  0.412601
 -0.739060  0.407624  0.465110  0.116610 -0.054074 -0.072563 -0.008177 -0.043433
 -0.053966 -0.069764 -0.026040 -0.237563  0.018847  0.020748  0.334622 -0.181307
  0.060046  0.015596  0.173406 -0.037294 -0.040019  0.017344 -0.001386 -0.002452
  0.647546 -0.022705  0.266477 -0.062090 -0.449725  0.085111  0.097349  0.082983
 -0.041434 -0.104758  0.006995  0.040335 -0.543245  0.190396 -0.174894  0.016256
  0.041487  0.019718 -0.099405  0.043669  0.024731 -0.145750  0.016317  0.043680
 -0.072598 -0.004844 -0.001811  0.472593  0.006863 -0.320128  0.061227  0.070604
  0.065915  0.115623 -0.031573 -0.032438 -0.092359 -0.004228 -0.003749  0.419543
 -0.086813 -0.295457  0.055605  0.057282  0.052130 -0.296884  0.056811  0.057296
  0.052867 -0.755974  0.412601 -0.739060  0.407624  0.465110  0.116610 -0.054074
 -0.072563 -0.008177 -0.043433 -0.053966 -0.069764 -0.026040 -0.237563  0.018847
  0.020748  0.334622 -0.181307  0.060046  0.015596  0.173406 -0.037294 -0.040019
  0.017344 -0.001386 -0.002452  0.647546 -0.022705  0.266477 -0.062090 -0.449725
  0.085111  0.097349  0.082983 -0.041434 -0.104758  0.006995  0.040335 -0.543245
  0.190396 -0.174894  0.016256  0.041487  0.019718 -0.099405  0.043669  0.024731
 -0.145750  0.016317  0.043680 -0.072598 -0.004844 -0.001811  0.472593  0.006863
 -0.320128  0.061227  0.070604  0.065915  0.115623 -0.031573 -0.032438 -0.092359
 -0.004228 -0.003749  0.419543 -0.086813 -0.295457  0.055605  0.057282  0.052130
 -0.296884  0.056811  0.057296  0.052867 -0.755974  0.412601 -0.739060  0.407624
  0.465110  0.116610 -0.054074 -0.072563 -0.008177 -0.043433 -0.053966 -0.069764
 -0.026040 -0.237563  0.018847  0.020748  0.334622 -0.181307  0.060046  0.015596
  0.173406 -0.037294 -0.040019  0.017344 -0.001386 -0.002452  0.647546 -0.022705
  0.266477 -0.062090 -0.449725  0.085111  0.097349  0.082983 -0.041434 -0.104758
  0.006995  0.040335 -0.543245  0.190396 -0.174894  0.016256  0.041487  0.019718
 -0.099405  0.043669  0.024731 -0.145750  0.016317  0.043680 -0.072598 -0.004844
 -0.001811  0.472593  0.006863 -0.320128  0.061227  0.070604  0.065915  0.115623
 -0.031573 -0.032438 -0.092359 -0.004228 -0.003749  0.419543 -0.086813 -0.295457
  0.055605  0.057282  0.052130 -0.296884  0.056811  0.057296  0.052867 -0.755974
  0.412601 -0.739060  0.407624  0.465110  0.116610 -0.054074 -0.072563 -0.008177
 -0.043433 -0.053966 -0.069764 -0.026040 -0.237563  0.018847  0.020748  0.334622
 -0.181307  0.060046  0.015596  0.173406 -0.037294 -0.040019  0.017344 -0.001386
 -0.002452  0.647546 -0.022705  0.266477 -0.062090 -0.449725  0.085111  0.097349
  0.082983 -0.041434 -0.104758  0.006995  0.040335 -0.543245  0.190396 -0.174894
  0.016256  0.041487  0.019718 -0.099405  0.043669  0.024731 -0.145750  0.016317
  0.043680 -0.072598 -0.004844 -0.001811  0.472593  0.006863 -0.320128  0.061227
  0.070604  0.065915  0.115623 -0.031573 -0.032438 -0.092359 -0.004228 -0.003749
  0.419543 -0.086813 -0.295457  0.055605  0.057282  0.052130 -0.296884  0.056811
  0.057296  0.052867 -0.755974  0.412601 -0.739060  0.407624  0.465110  0.116610
 -0.054074 -0.072563 -0.008177 -0.043433 -0.053966 -0.069764 -0.026040 -0.237563
  0.018847  0.020748  0.334622 -0.181307  0.060046  0.015596  0.173406 -0.037294
 -0.040019  0.017344 -0.001386 -0.002452  0.647546 -0.022705  0.266477 -0.062090
 -0.449725  0.085111  0.097349  0.082983 -0.041434 -0.104758  0.006995  0.040335
 -0.543245  0.190396 -0.174894  0.016256  0.041487  0.019718 -0.099405  0.043669
  0.024731 -0.145750  0.016317  0.043680 -0.072598 -0.004844 -0.001811  0.472593
  0.006863 -0.320128  0.061227  0.070604  0.065915  0.115623 -0.031573 -0.032438
 -0.092359 -0.004228 -0.003749  0.419543 -0.086813 -0.295457  0.055605  0.057282
  0.052130 -0.296884  0.056811  0.057296  0.052867 -0.755974  0.412601 -0.739060
  0.407624  0.465110  0.116610 -0.054074 -0.072563 -0.008177 -0.043433 -0.053966
 -0.069764 -0.026040 -0.237563  0.018847  0.020748  0.334622 -0.181307  0.060046
  0.015596  0.173406 -0.037294 -0.040019  0.017344 -0.001386 -0.002452  0.647546
 -0.022705  0.266477 -0.062090 -0.449725  0.085111  0.097349  0.082983 -0.041434
 -0.104758  0.006995  0.040335 -0.543245  0.190396 -0.174894  0.016256  0.041487
  0.019718 -0.099405  0.043669  0.024731 -0.145750  0.016317  0.043680 -0.072598
 -0.004844 -0.001811  0.472593  0.006863 -0.320128  0.061227  0.070604  0.065915
  0.115623 -0.031573 -0.032438 -0.092359 -0.004228 -0.003749  0.419543 -0.086813
 -0.295457  0.055605  0.057282  0.052130 -0.296884  0.056811  0.057296  0.052867
 -0.755974  0.412601 -0.739060  0.407624  0.465110  0.116610 -0.054074 -0.072563
 -0.008177 -0.043433 -0.053966 -0.069764 -0.026040 -0.237563  0.018847  0.020748
  0.334622 -0.181307  0.060046  0.015596  0.173406 -0.037294 -0.040019  0.017344
 -0.001386 -0.002452  0.647546 -0.022705  0.266477 -0.062090 -0.449725  0.085111
  0.097349  0.082983 -0.041434 -0.104758  0.006995  0.040335 -0.543245  0.190396
 -0.174894  0.016256  0.041487  0.019718 -0.099405  0.043669  0.024731 -0.145750
  0.016317  0.043680 -0.072598 -0.004844 -0.001811  0.472593  0.006863 -0.320128
  0.061227  0.070604  0.065915  0.115623 -0.031573 -0.032438 -0.092359 -0.004228
 -0.003749  0.419543 -0.086813 -0.295457  0.055605  0.057282  0.052130 -0.296884
  0.056811  0.057296  0.052867 -0.755974  0.412601 -0.739060  0.407624  0.465110
  0.116610 -0.054074 -0.072563 -0.008177 -0.043433 -0.053966 -0.069764 -0.026040
 -0.237563  0.018847  0.020748  0.334622 -0.181307  0.060046  0.015596  0.173406
 -0.037294 -0.040019  0.017344 -0.001386 -0.002452  0.647546 -0.022705  0.266477
 -0.062090 -0.449725  0.085111  0.097349  0.082983 -0.041434 -0.104758  0.006995
  0.040335 -0.543245  0.190396 -0.174894  0.016256  0.041487  0.019718 -0.099405
  0.043669  0.024731 -0.145750  0.016317  0.043680 -0.072598 -0.004844 -0.001811
  0.472593  0.006863 -0.320128  0.061227  0.070604  0.065915  0.115623 -0.031573
 -0.032438 -0.092359 -0.004228 -0.003749  0.419543 -0.086813 -0.295457  0.055605
  0.057282  0.052130 -0.296884  0.056811  0.057296  0.052867 -0.755974  0.412601
 -0.739060  0.407624  0.465110  0.116610 -0.054074 -0.072563 -0.008177 -0.043433
 -0.053966 -0.069764 -0.026040 -0.237563  0.018847  0.020748  0.334622 -0.181307
  0.060046  0.015596  0.173406 -0.037294 -0.040019  0.017344 -0.001386 -0.002452
  0.647546 -0.022705  0.266477 -0.062090 -0.449725  0.085111  0.097349  0.082983
 -0.041434 -0.104758  0.006995  0.040335 -0.543245  0.190396 -0.174894  0.016256
  0.041487  0.019718 -0.099405  0.043669  0.024731 -0.145750  0.016317  0.043680
 -0.072598 -0.004844 -0.001811  0.472593  0.006863 -0.320128  0.061227  0.070604
  0.065915  0.115623 -0.031573 -0.032438 -0.092359 -0.004228 -0.003749  0.419543
 -0.086813 -0.295457  0.055605  0.057282  0.052130 -0.296884  0.056811  0.057296
  0.052867 -0.755974  0.412601 -0.739060  0.407624  0.465110  0.116610 -0.054074
 -0.072563 -0.008177 -0.043433 -0.053966 -0.069764 -0.026040 -0.237563  0.018847
  0.020748  0.334622 -0.181307  0.060046  0.015596  0.173406 -0.037294 -0.040019
  0.017344 -0.001386 -0.002452  0.647546 -0.022705  0.266477 -0.062090 -0.449725
  0.085111  0.097349  0.082983 -0.041434 -0.104758  0.006995  0.040335 -0.543245
  0.190396 -0.174894  0.016256  0.041487  0.019718 -0.099405  0.043669  0.024731
 -0.145750  0.016317  0.043680 -0.072598 -0.004844 -0.001811  0.472593  0.006863
 -0.320128  0.061227  0.070604  0.065915  0.115623 -0.031573 -0.032438 -0.092359
 -0.004228 -0.003749  0.419543 -0.086813 -0.295457  0.055605  0.057282  0.052130
 -0.296884  0.056811  0.057296  0.052867 -0.755974  0.412601 -0.739060  0.407624
  0.465110  0.116610 -0.054074 -0.072563 -0.008177 -0.043433 -0.053966 -0.069764
 -0.026040 -0.237563  0.018847  0.020748  0.334622 -0.181307  0.060046  0.015596
  0.173406 -0.037294 -0.040019  0.017344 -0.001386 -0.002452  0.647546 -0.022705
  0.266477 -0.062090 -0.449725  0.085111  0.097349  0.082983 -0.041434 -0.104758
  0.006995  0.040335 -0.543245  0.190396 -0.174894  0.016256  0.041487  0.019718
 -0.099405  0.043669  0.024731 -0.145750  0.016317  0.043680 -0.072598 -0.004844
 -0.001811  0.472593  0.006863 -0.320128  0.061227  0.070604  0.065915  0.115623
 -0.031573 -0.032438 -0.092359 -0.004228 -0.003749  0.419543 -0.086813 -0.295457
  0.055605  0.057282  0.052130 -0.296884  0.056811  0.057296  0.052867 -0.755974
  0.412601 -0.739060  0.407624  0.465110  0.116610 -0.054074 -0.072563 -0.008177
 -0.043433 -0.053966 -0.069764 -0.026040 -0.237563  0.018847  0.020748  0.334622
 -0.181307  0.060046  0.015596  0.173406 -0.037294 -0.040019  0.017344 -0.001386
 -0.002452  0.647546 -0.022705  0.266477 -0.062090 -0.449725  0.085111  0.097349
  0.082983 -0.041434 -0.104758  0.006995  0.040335 -0.543245  0.190396 -0.174894
  0.016256  0.041487  0.019718 -0.099405  0.043669  0.024731 -0.145750  0.016317
  0.043680 -0.072598 -0.004844 -0.001811  0.472593  0.006863 -0.320128  0.061227
  0.070604  0.065915  0.115623 -0.031573 -0.032438 -0.092359 -0.004228 -0.003749
  0.419543 -0.086813 -0.295457  0.055605  0.057282  0.052130 -0.296884  0.056811
  0.057296  0.052867 -0.755974  0.412601 -0.739060  0.407624  0.465110  0.116610
 -0.054074 -0.072563 -0.008177 -0.043433 -0.053966 -0.069764 -0.026040 -0.237563
  0.018847  0.020748  0.334622 -0.181307  0.060046  0.015596  0.173406 -0.037294
 -0.040019  0.017344 -0.001386 -0.002452  0.647546 -0.022705  0.266477 -0.062090
 -0.449725  0.085111  0.097349  0.082983 -0.041434 -0.104758  0.006995  0.040335
 -0.543245  0.190396 -0.174894  0.016256  0.041487  0.019718 -0.099405  0.043669
  0.024731 -0.145750  0.016317  0.043680 -0.072598 -0.004844 -0.001811  0.472593
  0.006863 -0.320128  0.061227  0.070604  0.065915  0.115623 -0.031573 -0.032438
 -0.092359 -0.004228 -0.003749  0.419543 -0.086813 -0.295457  0.055605  0.057282
  0.052130 -0.296884  0.056811  0.057296  0.052867 -0.755974  0.412601 -0.739060
  0.407624  0.465110  0.116610 -0.054074 -0.072563 -0.008177 -0.043433 -0.053966
 -0.069764 -0.026040 -0.237563  0.018847  0.020748  0.334622 -0.181307  0.060046
  0.015596  0.173406 -0.037294 -0.040019  0.017344 -0.001386 -0.002452  0.647546
 -0.022705  0.266477 -0.062090 -0.449725  0.085111  0.097349  0.082983 -0.041434
 -0.104758  0.006995  0.040335 -0.543245  0.190396 -0.174894  0.016256  0.041487
  0.019718 -0.099405  0.043669  0.024731 -0.145750  0.016317  0.043680 -0.072598
 -0.004844 -0.001811  0.472593  0.006863 -0.320128  0.061227  0.070604  0.065915
  0.115623 -0.031573 -0.032438 -0.092359 -0.004228 -0.003749  0.419543 -0.086813
 -0.295457  0.055605  0.057282  0.052130 -0.296884  0.056811  0.057296  0.052867
 -0.755974  0.412601 -0.739060  0.407624  0.465110  0.116610 -0.054074 -0.072563
 -0.008177 -0.043433 -0.053966 -0.069764 -0.026040 -0.237563  0.018847  0.020748
  0.334622 -0.181307  0.060046  0.015596  0.173406 -0.037294 -0.040019  0.017344
 -0.001386 -0.002452  0.647546 -0.022705  0.266477 -0.062090 -0.449725  0.085111
  0.097349  0.082983 -0.041434 -0.104758  0.006995  0.040335 -0.543245  0.190396
 -0.174894  0.016256  0.041487  0.019718 -0.099405  0.043669  0.024731 -0.145750
  0.016317  0.043680 -0.072598 -0.004844 -0.001811  0.472593  0.006863 -0.320128
  0.061227  0.070604  0.065915  0.115623 -0.031573 -0.032438 -0.092359 -0.004228
 -0.003749  0.419543 -0.086813 -0.295457  0.055605  0.057282  0.052130 -0.296884
  0.056811  0.057296  0.052867 -0.755974  0.412601 -0.739060  0.407624  0.465110
  0.116610 -0.054074 -0.072563 -0.008177 -0.043433 -0.053966 -0.069764 -0.026040
 -0.237563  0.018847  0.020748  0.334622 -0.181307  0.060046  0.015596  0.173406
 -0.037294 -0.040019  0.017344 -0.001386 -0.002452  0.647546 -0.022705  0.266477
 -0.062090 -0.449725  0.085111  0.097349  0.082983 -0.041434 -0.104758  0.006995
  0.040335 -0.543245  0.190396 -0.174894  0.016256  0.041487  0.019718 -0.099405
  0.043669  0.024731 -0.145750  0.016317  0.043680 -0.072598 -0.004844 -0.001811
  0.472593  0.006863 -0.320128  0.061227  0.070604  0.065915  0.115623 -0.031573
 -0.032438 -0.092359 -0.004228 -0.003749  0.419543 -0.086813 -0.295457  0.055605
  0.057282  0.052130 -0.296884  0.056811  0.057296  0.052867 -0.755974  0.412601
 -0.739060  0.407624  0.465110  0.116610 -0.054074 -0.072563 -0.008177 -0.043433
 -0.053966 -0.069764 -0.026040 -0.237563  0.018847  0.020748  0.334622 -0.181307
  0.060046  0.015596  0.173406 -0.037294 -0.040019  0.017344 -0.001386 -0.002452
  0.647546 -0.022705  0.266477 -0.062090 -0.449725  0.085111  0.097349  0.082983
 -0.041434 -0.104758  0.006995  0.040335 -0.543245  0.190396 -0.174894  0.016256
  0.041487  0.019718 -0.099405  0.043669  0.024731 -0.145750  0.016317  0.043680
 -0.072598 -0.004844 -0.001811  0.472593  0.006863 -0.320128  0.061227  0.070604
  0.065915  0.115623 -0.031573 -0.032438 -0.092359 -0.004228 -0.003749  0.419543
 -0.086813 -0.295457  0.055605  0.057282  0.052130 -0.296884  0.056811  0.057296
  0.052867 -0.755974  0.412601 -0.739060  0.407624  0.465110  0.116610 -0.054074
 -0.072563 -0.008177 -0.043433 -0.053966 -0.069764 -0.026040 -0.237563  0.018847
  0.020748  0.334622 -0.181307  0.060046  0.015596  0.173406 -0.037294 -0.040019
  0.017344 -0.001386 -0.002452  0.647546 -0.022705  0.266477 -0.062090 -0.449725
  0.085111  0.097349  0.082983 -0.041434 -0.104758  0.006995  0.040335 -0.543245
  0.190396 -0.174894  0.016256  0.041487  0.019718 -0.099405  0.043669  0.024731
 -0.145750  0.016317  0.043680 -0.072598 -0.004844 -0.001811  0.472593  0.006863
 -0.320128  0.061227  0.070604  0.065915  0.115623 -0.031573 -0.032438 -0.092359
 -0.004228 -0.003749  0.419543 -0.086813 -0.295457  0.055605  0.057282  0.052130
 -0.296884  0.056811  0.057296  0.052867 -0.755974  0.412601 -0.739060  0.407624
  0.465110  0.116610 -0.054074 -0.072563 -0.008177 -0.043433 -0.053966 -0.069764
 -0.026040 -0.237563  0.018847  0.020748  0.334622 -0.181307  0.060046  0.015596
  0.173406 -0.037294 -0.040019  0.017344 -0.001386 -0.002452  0.647546 -0.022705
  0.266477 -0.062090 -0.449725  0.085111  0.097349  0.082983 -0.041434 -0.104758
  0.006995  0.040335 -0.543245  0.190396 -0.174894  0.016256  0.041487  0.019718
 -0.099405  0.043669  0.024731 -0.145750  0.016317  0.043680 -0.072598 -0.004844
 -0.001811  0.472593  0.006863 -0.320128  0.061227  0.070604  0.065915  0.115623
 -0.031573 -0.032438 -0.092359 -0.004228 -0.003749  0.419543 -0.086813 -0.295457
  0.055605  0.057282  0.052130 -0.296884  0.056811  0.057296  0.052867 -0.755974
  0.412601 -0.739060  0.407624  0.465110  0.116610 -0.054074 -0.072563 -0.008177
 -0.043433 -0.053966 -0.069764 -0.026040 -0.237563  0.018847  0.020748  0.334622
 -0.181307  0.060046  0.015596  0.173406 -0.037294 -0.040019  0.017344 -0.001386
 -0.002452  0.647546 -0.022705  0.266477 -0.062090 -0.449725  0.085111  0.097349
  0.082983 -0.041434 -0.104758  0.006995  0.040335 -0.543245  0.190396 -0.174894
  0.016256  0.041487  0.019718 -0.099405  0.043669  0.024731 -0.145750  0.016317
  0.043680 -0.072598 -0.004844 -0.001811  0.472593  0.006863 -0.320128  0.061227
  0.070604  0.065915  0.115623 -0.031573 -0.032438 -0.092359 -0.004228 -0.003749
  0.419543 -0.086813 -0.295457  0.055605  0.057282  0.052130 -0.296884  0.056811
  0.057296  0.052867 -0.755974  0.412601 -0.739060  0.407624  0.465110  0.116610
 -0.054074 -0.072563 -0.008177 -0.043433 -0.053966 -0.069764 -0.026040 -0.237563
  0.018847  0.020748  0.334622 -0.181307  0.060046  0.015596  0.173406 -0.037294
 -0.040019  0.017344 -0.001386 -0.002452  0.647546 -0.022705  0.266477 -0.062090
 -0.449725  0.085111  0.097349  0.082983 -0.041434 -0.104758  0.006995  0.040335
 -0.543245  0.190396 -0.174894  0.016256  0.041487  0.019718 -0.099405  0.043669
  0.024731 -0.145750  0.016317  0.043680 -0.072598 -0.004844 -0.001811  0.472593
  0.006863 -0.320128  0.061227  0.070604  0.065915  0.115623 -0.031573 -0.032438
 -0.092359 -0.004228 -0.003749  0.419543 -0.086813 -0.295457  0.055605  0.057282
  0.052130 -0.296884  0.056811  0.057296  0.052867 -0.755974  0.412601 -0.739060
  0.407624  0.465110  0.116610 -0.054074 -0.072563 -0.008177 -0.043433 -0.053966
 -0.069764 -0.026040 -0.237563  0.018847  0.020748  0.334622 -0.181307  0.060046
  0.015596  0.173406 -0.037294 -0.040019  0.017344 -0.001386 -0.002452  0.647546
 -0.022705  0.266477 -0.062090 -0.449725  0.085111  0.097349  0.082983 -0.041434
 -0.104758  0.006995  0.040335 -0.543245  0.190396 -0.174894  0.016256  0.041487
  0.019718 -0.099405  0.043669  0.024731 -0.145750  0.016317  0.043680 -0.072598
 -0.004844 -0.001811  0.472593  0.006863 -0.320128  0.061227  0.070604  0.065915
  0.115623 -0.031573 -0.032438 -0.092359 -0.004228 -0.003749  0.419543 -0.086813
 -0.295457  0.055605  0.057282  0.052130 -0.296884  0.056811  0.057296  0.052867
 -0.755974  0.412601 -0.739060  0.407624  0.465110  0.116610 -0.054074 -0.072563
 -0.008177 -0.043433 -0.053966 -0.069764 -0.026040 -0.237563  0.018847  0.020748
  0.334622 -0.181307  0.060046  0.015596  0.173406 -0.037294 -0.040019  0.017344
 -0.001386 -0.002452  0.647546 -0.022705  0.266477 -0.062090 -0.449725  0.085111
  0.097349  0.082983 -0.041434 -0.104758  0.006995  0.040335 -0.543245  0.190396
 -0.174894  0.016256  0.041487  0.019718 -0.099405  0.043669  0.024731 -0.145750
  0.016317  0.043680 -0.072598 -0.004844 -0.001811  0.472593  0.006863 -0.320128
  0.061227  0.070604  0.065915  0.115623 -0.031573 -0.032438 -0.092359 -0.004228
 -0.003749  0.419543 -0.086813 -0.295457  0.055605  0.057282  0.052130 -0.296884
  0.056811  0.057296  0.052867 -0.755974  0.412601 -0.739060  0.407624  0.465110
  0.116610 -0.054074 -0.072563 -0.008177 -0.043433 -0.053966 -0.069764 -0.026040
 -0.237563  0.018847  0.020748  0.334622 -0.181307  0.060046  0.015596  0.173406
 -0.037294 -0.040019  0.017344 -0.001386 -0.002452  0.647546 -0.022705  0.266477
 -0.062090 -0.449725  0.085111  0.097349  0.082983 -0.041434 -0.104758  0.006995
  0.040335 -0.543245  0.190396 -0.174894  0.016256  0.041487  0.019718 -0.099405
  0.043669  0.024731 -0.145750  0.016317  0.043680 -0.072598 -0.004844 -0.001811
  0.472593  0.006863 -0.320128  0.061227  0.070604  0.065915  0.115623 -0.031573
 -0.032438 -0.092359 -0.004228 -0.003749  0.419543 -0.086813 -0.295457  0.055605
  0.057282  0.052130 -0.296884  0.056811  0.057296  0.052867 -0.755974  0.412601
 -0.739060  0.407624  0.465110  0.116610 -0.054074 -0.072563 -0.008177 -0.043433
 -0.053966 -0.069764 -0.026040 -0.237563  0.018847  0.020748  0.334622 -0.181307
  0.060046  0.015596  0.173406 -0.037294 -0.040019  0.017344 -0.001386 -0.002452
  0.647546 -0.022705  0.266477 -0.062090 -0.449725  0.085111  0.097349  0.082983
 -0.041434 -0.104758  0.006995  0.040335 -0.543245  0.190396 -0.174894  0.016256
  0.041487  0.019718 -0.099405  0.043669  0.024731 -0.145750  0.016317  0.043680
 -0.072598 -0.004844 -0.001811  0.472593  0.006863 -0.320128  0.061227  0.070604
  0.065915  0.115623 -0.031573 -0.032438 -0.092359 -0.004228 -0.003749  0.419543
 -0.086813 -0.295457  0.055605  0.057282  0.052130 -0.296884  0.056811  0.057296
  0.052867 -0.755974  0.412601 -0.739060  0.407624  0.465110  0.116610 -0.054074
 -0.072563 -0.008177 -0.043433 -0.053966 -0.069764 -0.026040 -0.237563  0.018847
  0.020748  0.334622 -0.181307  0.060046  0.015596  0.173406 -0.037294 -0.040019
  0.017344 -0.001386 -0.002452  0.647546 -0.022705  0.266477 -0.062090 -0.449725
  0.085111  0.097349  0.082983 -0.041434 -0.104758  0.006995  0.040335 -0.543245
  0.190396 -0.174894  0.016256  0.041487  0.019718 -0.099405  0.043669  0.024731
 -0.145750  0.016317  0.043680 -0.072598 -0.004844 -0.001811  0.472593  0.006863
 -0.320128  0.061227  0.070604  0.065915  0.115623 -0.031573 -0.032438 -0.092359
 -0.004228 -0.003749  0.419543 -0.086813 -0.295457  0.055605  0.057282  0.052130
 -0.296884  0.056811  0.057296  0.052867 -0.755974  0.412601 -0.739060  0.407624
  0.465110  0.116610 -0.054074 -0.072563 -0.008177 -0.043433 -0.053966 -0.069764
 -0.026040 -0.237563  0.018847  0.020748  0.334622 -0.181307  0.060046  0.015596
  0.173406 -0.037294 -0.040019  0.017344 -0.001386 -0.002452  0.647546 -0.022705
  0.266477 -0.062090 -0.449725  0.085111  0.097349  0.082983 -0.041434 -0.104758
  0.006995  0.040335 -0.543245  0.190396 -0.174894  0.016256  0.041487  0.019718
 -0.099405  0.043669  0.024731 -0.145750  0.016317  0.043680 -0.072598 -0.004844
 -0.001811  0.472593  0.006863 -0.320128  0.061227  0.070604  0.065915  0.115623
 -0.031573 -0.032438 -0.092359 -0.004228 -0.003749  0.419543 -0.086813 -0.295457
  0.055605  0.057282  0.052130 -0.296884  0.056811  0.057296  0.052867 -0.755974
  0.412601 -0.739060  0.407624  0.465110  0.116610 -0.054074 -0.072563 -0.008177
 -0.043433 -0.053966 -0.069764 -0.026040 -0.237563  0.018847  0.020748  0.334622
 -0.181307  0.060046  0.015596  0.173406 -0.037294 -0.040019  0.017344 -0.001386
 -0.002452  0.647546 -0.022705  0.266477 -0.062090 -0.449725  0.085111  0.097349
  0.082983 -0.041434 -0.104758  0.006995  0.040335 -0.543245  0.190396 -0.174894
  0.016256  0.041487  0.019718 -0.099405  0.043669  0.024731 -0.145750  0.016317
  0.043680 -0.072598 -0.004844 -0.001811  0.472593  0.006863 -0.320128  0.061227
  0.070604  0.065915  0.115623 -0.031573 -0.032438 -0.092359 -0.004228 -0.003749
  0.419543 -0.086813 -0.295457  0.055605  0.057282  0.052130 -0.296884  0.056811
  0.057296  0.052867 -0.755974  0.412601 -0.739060  0.407624  0.465110  0.116610
 -0.054074 -0.072563 -0.008177 -0.043433 -0.053966 -0.069764 -0.026040 -0.237563
  0.018847  0.020748  0.334622 -0.181307  0.060046  0.015596  0.173406 -0.037294
 -0.040019  0.017344 -0.001386 -0.002452  0.647546 -0.022705  0.266477 -0.062090
 -0.449725  0.085111  0.097349  0.082983 -0.041434 -0.104758  0.006995  0.040335
 -0.543245  0.190396 -0.174894  0.016256  0.041487  0.019718 -0.099405  0.043669
  0.024731 -0.145750  0.016317  0.043680 -0.072598 -0.004844 -0.001811  0.472593
  0.006863 -0.320128  0.061227  0.070604  0.065915  0.115623 -0.031573 -0.032438
 -0.092359 -0.004228 -0.003749  0.419543 -0.086813 -0.295457  0.055605  0.057282
  0.052130 -0.296884  0.056811  0.057296  0.052867 -0.755974  0.412601 -0.739060
  0.407624  0.465110  0.116610 -0.054074 -0.072563 -0.008177 -0.043433 -0.053966
 -0.069764 -0.026040 -0.237563  0.018847  0.020748  0.334622 -0.181307  0.060046
  0.015596  0.173406 -0.037294 -0.040019  0.017344 -0.001386 -0.002452  0.647546
 -0.022705  0.266477 -0.062090 -0.449725  0.085111  0.097349  0.082983 -0.041434
 -0.104758  0.006995  0.040335 -0.543245  0.190396 -0.174894  0.016256  0.041487
  0.019718 -0.099405  0.043669  0.024731 -0.145750  0.016317  0.043680 -0.072598
 -0.004844 -0.001811  0.472593  0.006863 -0.320128  0.061227  0.070604  0.065915
  0.115623 -0.031573 -0.032438 -0.092359 -0.004228 -0.003749  0.419543 -0.086813
 -0.295457  0.055605  0.057282  0.052130 -0.296884  0.056811  0.057296  0.052867
 -0.755974  0.412601 -0.739060  0.407624  0.465110  0.116610 -0.054074 -0.072563
 -0.008177 -0.043433 -0.053966 -0.069764 -0.026040 -0.237563  0.018847  0.020748
  0.334622 -0.181307  0.060046  0.015596  0.173406 -0.037294 -0.040019  0.017344
 -0.001386 -0.002452  0.647546 -0.022705  0.266477 -0.062090 -0.449725  0.085111
  0.097349  0.082983 -0.041434 -0.104758  0.006995  0.040335 -0.543245  0.190396
 -0.174894  0.016256  0.041487  0.019718 -0.099405  0.043669  0.024731 -0.145750
  0.016317  0.043680 -0.072598 -0.004844 -0.001811  0.472593  0.006863 -0.320128
  0.061227  0.070604  0.065915  0.115623 -0.031573 -0.032438 -0.092359 -0.004228
 -0.003749  0.419543 -0.086813 -0.295457  0.055605  0.057282  0.052130 -0.296884
  0.056811  0.057296  0.052867 -0.755974  0.412601 -0.739060  0.407624  0.465110
  0.116610 -0.054074 -0.072563 -0.008177 -0.043433 -0.053966 -0.069764 -0.026040
 -0.237563  0.018847  0.020748  0.334622 -0.181307  0.060046  0.015596  0.173406
 -0.037294 -0.040019  0.017344 -0.001386 -0.002452  0.647546 -0.022705  0.266477
 -0.062090 -0.449725  0.085111  0.097349  0.082983 -0.041434 -0.104758  0.006995
  0.040335 -0.543245  0.190396 -0.174894  0.016256  0.041487  0.019718 -0.099405
  0.043669  0.024731 -0.145750  0.016317  0.043680 -0.072598 -0.004844 -0.001811
  0.472593  0.006863 -0.320128  0.061227  0.070604  0.065915  0.115623 -0.031573
 -0.032438 -0.092359 -0.004228 -0.003749  0.419543 -0.086813 -0.295457  0.055605
  0.057282  0.052130 -0.296884  0.056811  0.057296  0.052867 -0.755974  0.412601
 -0.739060  0.407624  0.465110  0.116610 -0.054074 -0.072563 -0.008177 -0.043433
 -0.053966 -0.069764 -0.026040 -0.237563  0.018847  0.020748  0.334622 -0.181307
  0.060046  0.015596  0.173406 -0.037294 -0.040019  0.017344 -0.001386 -0.002452
  0.647546 -0.022705  0.266477 -0.062090 -0.449725  0.085111  0.097349  0.082983
 -0.041434 -0.104758  0.006995  0.040335 -0.543245  0.190396 -0.174894  0.016256
  0.041487  0.019718 -0.099405  0.043669  0.024731 -0.145750  0.016317  0.043680
 -0.072598 -0.004844 -0.001811  0.472593  0.006863 -0.320128  0.061227  0.070604
  0.065915  0.115623 -0.031573 -0.032438 -0.092359 -0.004228 -0.003749  0.419543
 -0.086813 -0.295457  0.055605  0.057282  0.052130 -0.296884  0.056811  0.057296
  0.052867 -0.755974  0.412601 -0.739060  0.407624  0.465110  0.116610 -0.054074
 -0.072563 -0.008177 -0.043433 -0.053966 -0.069764 -0.026040 -0.237563  0.018847
  0.020748  0.334622 -0.181307  0.060046  0.015596  0.173406 -0.037294 -0.040019
  0.017344 -0.001386 -0.002452  0.647546 -0.022705  0.266477 -0.062090 -0.449725
  0.085111  0.097349  0.082983 -0.041434 -0.104758  0.006995  0.040335 -0.543245
  0.190396 -0.174894  0.016256  0.041487  0.019718 -0.099405  0.043669  0.024731
 -0.145750  0.016317  0.043680 -0.072598 -0.004844 -0.001811  0.472593  0.006863
 -0.320128  0.061227  0.070604  0.065915  0.115623 -0.031573 -0.032438 -0.092359
 -0.004228 -0.003749  0.419543 -0.086813 -0.295457  0.055605  0.057282  0.052130
 -0.296884  0.056811  0.057296  0.052867 -0.755974  0.412601 -0.739060  0.407624
  0.465110  0.116610 -0.054074 -0.072563 -0.008177 -0.043433 -0.053966 -0.069764
 -0.026040 -0.237563  0.018847  0.020748  0.334622 -0.181307  0.060046  0.015596
  0.173406 -0.037294 -0.040019  0.017344 -0.001386 -0.002452  0.647546 -0.022705
  0.266477 -0.062090 -0.449725  0.085111  0.097349  0.082983 -0.041434 -0.104758
  0.006995  0.040335 -0.543245  0.190396 -0.174894  0.016256  0.041487  0.019718
 -0.099405  0.043669  0.024731 -0.145750  0.016317  0.043680 -0.072598 -0.004844
 -0.001811  0.472593  0.006863 -0.320128  0.061227  0.070604  0.065915  0.115623
 -0.031573 -0.032438 -0.092359 -0.004228 -0.003749  0.419543 -0.086813 -0.295457
  0.055605  0.057282  0.052130 -0.296884  0.056811  0.057296  0.052867 -0.755974
  0.412601 -0.739060  0.407624  0.465110  0.116610 -0.054074 -0.072563 -0.008177
 -0.043433 -0.053966 -0.069764 -0.026040 -0.237563  0.018847  0.020748  0.334622
 -0.181307  0.060046  0.015596  0.173406 -0.037294 -0.040019  0.017344 -0.001386
 -0.002452  0.647546 -0.022705  0.266477 -0.062090 -0.449725  0.085111  0.097349
  0.082983 -0.041434 -0.104758  0.006995  0.040335 -0.543245  0.190396 -0.174894
  0.016256  0.041487  0.019718 -0.099405  0.043669  0.024731 -0.145750  0.016317
  0.043680 -0.072598 -0.004844 -0.001811  0.472593  0.006863 -0.320128  0.061227
  0.070604  0.065915  0.115623 -0.031573 -0.032438 -0.092359 -0.004228 -0.003749
  0.419543 -0.086813 -0.295457  0.055605  0.057282  0.052130 -0.296884  0.056811
  0.057296  0.052867 -0.755974  0.412601 -0.739060  0.407624  0.465110  0.116610
 -0.054074 -0.072563 -0.008177 -0.043433 -0.053966 -0.069764 -0.026040 -0.237563
  0.018847  0.020748  0.334622 -0.181307  0.060046  0.015596  0.173406 -0.037294
 -0.040019  0.017344 -0.001386 -0.002452  0.647546 -0.022705  0.266477 -0.062090
 -0.449725  0.085111  0.097349  0.082983 -0.041434 -0.104758  0.006995  0.040335
 -0.543245  0.190396 -0.174894  0.016256  0.041487  0.019718 -0.099405  0.043669
  0.024731 -0.145750  0.016317  0.043680 -0.072598 -0.004844 -0.001811  0.472593
  0.006863 -0.320128  0.061227  0.070604  0.065915  0.115623 -0.031573 -0.032438
 -0.092359 -0.004228 -0.003749  0.419543 -0.086813 -0.295457  0.055605  0.057282
  0.052130 -0.296884  0.056811  0.057296  0.052867 -0.755974  0.412601 -0.739060
  0.407624  0.465110  0.116610 -0.054074 -0.072563 -0.008177 -0.043433 -0.053966
 -0.069764 -0.026040 -0.237563  0.018847  0.020748  0.334622 -0.181307  0.060046
  0.015596  0.173406 -0.037294 -0.040019  0.017344 -0.001386 -0.002452  0.647546
 -0.022705  0.266477 -0.062090 -0.449725  0.085111  0.097349  0.082983 -0.041434
 -0.104758  0.006995  0.040335 -0.543245  0.190396 -0.174894  0.016256  0.041487
  0.019718 -0.099405  0.043669  0.024731 -0.145750  0.016317  0.043680 -0.072598
 -0.004844 -0.001811  0.472593  0.006863 -0.320128  0.061227  0.070604  0.065915
  0.115623 -0.031573 -0.032438 -0.092359 -0.004228 -0.003749  0.419543 -0.086813
 -0.295457  0.055605  0.057282  0.052130 -0.296884  0.056811  0.057296  0.052867
 -0.755974  0.412601 -0.739060  0.407624  0.465110  0.116610 -0.054074 -0.072563
 -0.008177 -0.043433 -0.053966 -0.069764 -0.026040 -0.237563  0.018847  0.020748
  0.334622 -0.181307  0.060046  0.015596  0.173406 -0.037294 -0.040019  0.017344
 -0.001386 -0.002452  0.647546 -0.022705  0.266477 -0.062090 -0.449725  0.085111
  0.097349  0.082983 -0.041434 -0.104758  0.006995  0.040335 -0.543245  0.190396
 -0.174894  0.016256  0.041487  0.019718 -0.099405  0.043669  0.024731 -0.145750
  0.016317  0.043680 -0.072598 -0.004844 -0.001811  0.472593  0.006863 -0.320128
  0.061227  0.070604  0.065915  0.115623 -0.031573 -0.032438 -0.092359 -0.004228
 -0.003749  0.419543 -0.086813 -0.295457  0.055605  0.057282  0.052130 -0.296884
  0.056811  0.057296  0.052867 -0.755974  0.412601 -0.739060  0.407624  0.465110
  0.116610 -0.054074 -0.072563 -0.008177 -0.043433 -0.053966 -0.069764 -0.026040
 -0.237563  0.018847  0.020748  0.334622 -0.181307  0.060046  0.015596  0.173406
 -0.037294 -0.040019  0.017344 -0.001386 -0.002452  0.647546 -0.022705  0.266477
 -0.062090 -0.449725  0.085111  0.097349  0.082983 -0.041434 -0.104758  0.006995
  0.040335 -0.543245  0.190396 -0.174894  0.016256  0.041487  0.019718 -0.099405
  0.043669  0.024731 -0.145750  0.016317  0.043680 -0.072598 -0.004844 -0.001811
  0.472593  0.006863 -0.320128  0.061227  0.070604  0.065915  0.115623 -0.031573
 -0.032438 -0.092359 -0.004228 -0.003749  0.419543 -0.086813 -0.295457  0.055605
  0.057282  0.052130 -0.296884  0.056811  0.057296  0.052867 -0.755974  0.412601
 -0.739060  0.407624  0.465110  0.116610 -0.054074 -0.072563 -0.008177 -0.043433
 -0.053966 -0.069764 -0.026040 -0.237563  0.018847  0.020748  0.334622 -0.181307
  0.060046  0.015596  0.173406 -0.037294 -0.040019  0.017344 -0.001386 -0.002452
  0.647546 -0.022705  0.266477 -0.062090 -0.449725  0.085111  0.097349  0.082983
 -0.041434 -0.104758  0.006995  0.040335 -0.543245  0.190396 -0.174894  0.016256
  0.041487  0.019718 -0.099405  0.043669  0.024731 -0.145750  0.016317  0.043680
 -0.072598 -0.004844 -0.001811  0.472593  0.006863 -0.320128  0.061227  0.070604
  0.065915  0.115623 -0.031573 -0.032438 -0.092359 -0.004228 -0.003749  0.419543
 -0.086813 -0.295457  0.055605  0.057282  0.052130 -0.296884  0.056811  0.057296
  0.052867 -0.755974  0.412601 -0.739060  0.407624  0.465110  0.116610 -0.054074
 -0.072563 -0.008177 -0.043433 -0.053966 -0.069764 -0.026040 -0.237563  0.018847
  0.020748  0.334622 -0.181307  0.060046  0.015596  0.173406 -0.037294 -0.040019
  0.017344 -0.001386 -0.002452  0.647546 -0.022705  0.266477 -0.062090 -0.449725
  0.085111  0.097349  0.082983 -0.041434 -0.104758  0.006995  0.040335 -0.543245
  0.190396 -0.174894  0.016256  0.041487  0.019718 -0.099405  0.043669  0.024731
 -0.145750  0.016317  0.043680 -0.072598 -0.004844 -0.001811  0.472593  0.006863
 -0.320128  0.061227  0.070604  0.065915  0.115623 -0.031573 -0.032438 -0.092359
 -0.004228 -0.003749  0.419543 -0.086813 -0.295457  0.055605  0.057282  0.052130
 -0.296884  0.056811  0.057296  0.052867 -0.755974  0.412601 -0.739060  0.407624
  0.465110  0.116610 -0.054074 -0.072563 -0.008177 -0.043433 -0.053966 -0.069764
 -0.026040 -0.237563  0.018847  0.020748  0.334622 -0.181307  0.060046  0.015596
  0.173406 -0.037294 -0.040019  0.017344 -0.001386 -0.002452  0.647546 -0.022705
  0.266477 -0.062090 -0.449725  0.085111  0.097349  0.082983 -0.041434 -0.104758
  0.006995  0.040335 -0.543245  0.190396 -0.174894  0.016256  0.041487  0.019718
 -0.099405  0.043669  0.024731 -0.145750  0.016317  0.043680 -0.072598 -0.004844
 -0.001811  0.472593  0.006863 -0.320128  0.061227  0.070604  0.065915  0.115623
 -0.031573 -0.032438 -0.092359 -0.004228 -0.003749  0.419543 -0.086813 -0.295457
  0.055605  0.057282  0.052130 -0.296884  0.056811  0.057296  0.052867 -0.755974
  0.412601 -0.739060  0.407624  0.465110  0.116610 -0.054074 -0.072563 -0.008177
 -0.043433 -0.053966 -0.069764 -0.026040 -0.237563  0.018847  0.020748  0.334622
 -0.181307  0.060046  0.015596  0.173406 -0.037294 -0.040019  0.017344 -0.001386
 -0.002452  0.647546 -0.022705  0.266477 -0.062090 -0.449725  0.085111  0.097349
  0.082983 -0.041434 -0.104758  0.006995  0.040335 -0.543245  0.190396 -0.174894
  0.016256  0.041487  0.019718 -0.099405  0.043669  0.024731 -0.145750  0.016317
  0.043680 -0.072598 -0.004844 -0.001811  0.472593  0.006863 -0.320128  0.061227
  0.070604  0.065915  0.115623 -0.031573 -0.032438 -0.092359 -0.004228 -0.003749
  0.419543 -0.086813 -0.295457  0.055605  0.057282  0.052130 -0.296884  0.056811
  0.057296  0.052867 -0.755974  0.412601 -0.739060  0.407624  0.465110  0.116610
 -0.054074 -0.072563 -0.008177 -0.043433 -0.053966 -0.069764 -0.026040 -0.237563
  0.018847  0.020748  0.334622 -0.181307  0.060046  0.015596  0.173406 -0.037294
 -0.040019  0.017344 -0.001386 -0.002452  0.647546 -0.022705  0.266477 -0.062090
 -0.449725  0.085111  0.097349  0.082983 -0.041434 -0.104758  0.006995  0.040335
 -0.543245  0.190396 -0.174894  0.016256  0.041487  0.019718 -0.099405  0.043669
  0.024731 -0.145750  0.016317  0.043680 -0.072598 -0.004844 -0.001811  0.472593
  0.006863 -0.320128  0.061227  0.070604  0.065915  0.115623 -0.031573 -0.032438
 -0.092359 -0.004228 -0.003749  0.419543 -0.086813 -0.295457  0.055605  0.057282
  0.052130 -0.296884  0.056811  0.057296  0.052867 -0.755974  0.412601 -0.739060
  0.407624  0.465110  0.116610 -0.054074 -0.072563 -0.008177 -0.043433 -0.053966
 -0.069764 -0.026040 -0.237563  0.018847  0.020748  0.334622 -0.181307  0.060046
  0.015596  0.173406 -0.037294 -0.040019  0.017344 -0.001386 -0.002452  0.647546
 -0.022705  0.266477 -0.062090 -0.449725  0.085111  0.097349  0.082983 -0.041434
 -0.104758  0.006995  0.040335 -0.543245  0.190396 -0.174894  0.016256  0.041487
  0.019718 -0.099405  0.043669  0.024731 -0.145750  0.016317  0.043680 -0.072598
 -0.004844 -0.001811  0.472593  0.006863 -0.320128  0.061227  0.070604  0.065915
  0.115623 -0.031573 -0.032438 -0.092359 -0.004228 -0.003749  0.419543 -0.086813
 -0.295457  0.055605  0.057282  0.052130 -0.296884  0.056811  0.057296  0.052867
 -0.755974  0.412601 -0.739060  0.407624  0.465110  0.116610 -0.054074 -0.072563
 -0.008177 -0.043433 -0.053966 -0.069764 -0.026040 -0.237563  0.018847  0.020748
  0.334622 -0.181307  0.060046  0.015596  0.173406 -0.037294 -0.040019  0.017344
 -0.001386 -0.002452  0.647546 -0.022705  0.266477 -0.062090 -0.449725  0.085111
  0.097349  0.082983 -0.041434 -0.104758  0.006995  0.040335 -0.543245  0.190396
 -0.174894  0.016256  0.041487  0.019718 -0.099405  0.043669  0.024731 -0.145750
  0.016317  0.043680 -0.072598 -0.004844 -0.001811  0.472593  0.006863 -0.320128
  0.061227  0.070604  0.065915  0.115623 -0.031573 -0.032438 -0.092359 -0.004228
 -0.003749  0.419543 -0.086813 -0.295457  0.055605  0.057282  0.052130 -0.296884
  0.056811  0.057296  0.052867 -0.755974  0.412601 -0.739060  0.407624  0.465110
  0.116610 -0.054074 -0.072563 -0.008177 -0.043433 -0.053966 -0.069764 -0.026040
 -0.237563  0.018847  0.020748  0.334622 -0.181307  0.060046  0.015596  0.173406
 -0.037294 -0.040019  0.017344 -0.001386 -0.002452  0.647546 -0.022705  0.266477
 -0.062090 -0.449725  0.085111  0.097349  0.082983 -0.041434 -0.104758  0.006995
  0.040335 -0.543245  0.190396 -0.174894  0.016256  0.041487  0.019718 -0.099405
  0.043669  0.024731 -0.145750  0.016317  0.043680 -0.072598 -0.004844 -0.001811
  0.472593  0.006863 -0.320128  0.061227  0.070604  0.065915  0.115623 -0.031573
 -0.032438 -0.092359 -0.004228 -0.003749  0.419543 -0.086813 -0.295457  0.055605
  0.057282  0.052130 -0.296884  0.056811  0.057296  0.052867 -0.755974  0.412601
 -0.739060  0.407624  0.465110  0.116610 -0.054074 -0.072563 -0.008177 -0.043433
 -0.053966 -0.069764 -0.026040 -0.237563  0.018847  0.020748  0.334622 -0.181307
  0.060046  0.015596  0.173406 -0.037294 -0.040019  0.017344 -0.001386 -0.002452
  0.647546 -0.022705  0.266477 -0.062090 -0.449725  0.085111  0.097349  0.082983
 -0.041434 -0.104758  0.006995  0.040335 -0.543245  0.190396 -0.174894  0.016256
  0.041487  0.019718 -0.099405  0.043669  0.024731 -0.145750  0.016317  0.043680
 -0.072598 -0.004844 -0.001811  0.472593  0.006863 -0.320128  0.061227  0.070604
  0.065915  0.115623 -0.031573 -0.032438 -0.092359 -0.004228 -0.003749  0.419543
 -0.086813 -0.295457  0.055605  0.057282  0.052130 -0.296884  0.056811  0.057296
  0.052867 -0.755974  0.412601 -0.739060  0.407624  0.465110  0.116610 -0.054074
 -0.072563 -0.008177 -0.043433 -0.053966 -0.069764 -0.026040 -0.237563  0.018847
  0.020748  0.334622 -0.181307  0.060046  0.015596  0.173406 -0.037294 -0.040019
  0.017344 -0.001386 -0.002452  0.647546 -0.022705  0.266477 -0.062090 -0.449725
  0.085111  0.097349  0.082983 -0.041434 -0.104758  0.006995  0.040335 -0.543245
  0.190396 -0.174894  0.016256  0.041487  0.019718 -0.099405  0.043669  0.024731
 -0.145750  0.016317  0.043680 -0.072598 -0.004844 -0.001811  0.472593  0.006863
 -0.320128  0.061227  0.070604  0.065915  0.115623 -0.031573 -0.032438 -0.092359
 -0.004228 -0.003749  0.419543 -0.086813 -0.295457  0.055605  0.057282  0.052130
 -0.296884  0.056811  0.057296  0.052867 -0.755974  0.412601 -0.739060  0.407624
  0.465110  0.116610 -0.054074 -0.072563 -0.008177 -0.043433 -0.053966 -0.069764
 -0.026040 -0.237563  0.018847  0.020748  0.334622 -0.181307  0.060046  0.015596
  0.173406 -0.037294 -0.040019  0.017344 -0.001386 -0.002452  0.647546 -0.022705
  0.266477 -0.062090 -0.449725  0.085111  0.097349  0.082983 -0.041434 -0.104758
  0.006995  0.040335 -0.543245  0.190396 -0.174894  0.016256  0.041487  0.019718
 -0.099405  0.043669  0.024731 -0.145750  0.016317  0.043680 -0.072598 -0.004844
 -0.001811  0.472593  0.006863 -0.320128  0.061227  0.070604  0.065915  0.115623
 -0.031573 -0.032438 -0.092359 -0.004228 -0.003749  0.419543 -0.086813 -0.295457
  0.055605  0.057282  0.052130 -0.296884  0.056811  0.057296  0.052867 -0.755974
  0.412601 -0.739060  0.407624  0.465110  0.116610 -0.054074 -0.072563 -0.008177
 -0.043433 -0.053966 -0.069764 -0.026040 -0.237563  0.018847  0.020748  0.334622
 -0.181307  0.060046  0.015596  0.173406 -0.037294 -0.040019  0.017344 -0.001386
 -0.002452  0.647546 -0.022705  0.266477 -0.062090 -0.449725  0.085111  0.097349
  0.082983 -0.041434 -0.104758  0.006995  0.040335 -0.543245  0.190396 -0.174894
  0.016256  0.041487  0.019718 -0.099405  0.043669  0.024731 -0.145750  0.016317
  0.043680 -0.072598 -0.004844 -0.001811  0.472593  0.006863 -0.320128  0.061227
  0.070604  0.065915  0.115623 -0.031573 -0.032438 -0.092359 -0.004228 -0.003749
  0.419543 -0.086813 -0.295457  0.055605  0.057282  0.052130 -0.296884  0.056811
  0.057296  0.052867 -0.755974  0.412601 -0.739060  0.407624  0.465110  0.116610
 -0.054074 -0.072563 -0.008177 -0.043433 -0.053966 -0.069764 -0.026040 -0.237563
  0.018847  0.020748  0.334622 -0.181307  0.060046  0.015596  0.173406 -0.037294
 -0.040019  0.017344 -0.001386 -0.002452  0.647546 -0.022705  0.266477 -0.062090
 -0.449725  0.085111  0.097349  0.082983 -0.041434 -0.104758  0.006995  0.040335
 -0.543245  0.190396 -0.174894  0.016256  0.041487  0.019718 -0.099405  0.043669
  0.024731 -0.145750  0.016317  0.043680 -0.072598 -0.004844 -0.001811  0.472593
  0.006863 -0.320128  0.061227  0.070604  0.065915  0.115623 -0.031573 -0.032438
 -0.092359 -0.004228 -0.003749  0.419543 -0.086813 -0.295457  0.055605  0.057282
  0.052130 -0.296884  0.056811  0.057296  0.052867 -0.755974  0.412601 -0.739060
  0.407624  0.465110  0.116610 -0.054074 -0.072563 -0.008177 -0.043433 -0.053966
 -0.069764 -0.026040 -0.237563  0.018847  0.020748  0.334622 -0.181307  0.060046
  0.015596  0.173406 -0.037294 -0.040019  0.017344 -0.001386 -0.002452  0.647546
 -0.022705  0.266477 -0.062090 -0.449725  0.085111  0.097349  0.082983 -0.041434
 -0.104758  0.006995  0.040335 -0.543245  0.190396 -0.174894  0.016256  0.041487
  0.019718 -0.099405  0.043669  0.024731 -0.145750  0.016317  0.043680 -0.072598
 -0.004844 -0.001811  0.472593  0.006863 -0.320128  0.061227  0.070604  0.065915
  0.115623 -0.031573 -0.032438 -0.092359 -0.004228 -0.003749  0.419543 -0.086813
 -0.295457  0.055605  0.057282  0.052130 -0.296884  0.056811  0.057296  0.052867
 -0.755974  0.412601 -0.739060  0.407624  0.465110  0.116610 -0.054074 -0.072563
 -0.008177 -0.043433 -0.053966 -0.069764 -0.026040 -0.237563  0.018847  0.020748
  0.334622 -0.181307  0.060046  0.015596  0.173406 -0.037294 -0.040019  0.017344
 -0.001386 -0.002452  0.647546 -0.022705  0.266477 -0.062090 -0.449725  0.085111
  0.097349  0.082983 -0.041434 -0.104758  0.006995  0.040335 -0.543245  0.190396
 -0.174894  0.016256  0.041487  0.019718 -0.099405  0.043669  0.024731 -0.145750
  0.016317  0.043680 -0.072598 -0.004844 -0.001811  0.472593  0.006863 -0.320128
  0.061227  0.070604  0.065915  0.115623 -0.031573 -0.032438 -0.092359 -0.004228
 -0.003749  0.419543 -0.086813 -0.295457  0.055605  0.057282  0.052130 -0.296884
  0.056811  0.057296  0.052867 -0.755974  0.412601 -0.739060  0.407624  0.465110
  0.116610 -0.054074 -0.072563 -0.008177 -0.043433 -0.053966 -0.069764 -0.026040
 -0.237563  0.018847  0.020748  0.334622 -0.181307  0.060046  0.015596  0.173406
 -0.037294 -0.040019  0.017344 -0.001386 -0.002452  0.647546 -0.022705  0.266477
 -0.062090 -0.449725  0.085111  0.097349  0.082983 -0.041434 -0.104758  0.006995
  0.040335 -0.543245  0.190396 -0.174894  0.016256  0.041487  0.019718 -0.099405
  0.043669  0.024731 -0.145750  0.016317  0.043680 -0.072598 -0.004844 -0.001811
  0.472593  0.006863 -0.320128  0.061227  0.070604  0.065915  0.115623 -0.031573
 -0.032438 -0.092359 -0.004228 -0.003749  0.419543 -0.086813 -0.295457  0.055605
  0.057282  0.052130 -0.296884  0.056811  0.057296  0.052867 -0.755974  0.412601
 -0.739060  0.407624  0.465110  0.116610 -0.054074 -0.072563 -0.008177 -0.043433
 -0.053966 -0.069764 -0.026040 -0.237563  0.018847  0.020748  0.334622 -0.181307
  0.060046  0.015596  0.173406 -0.037294 -0.040019  0.017344 -0.001386 -0.002452
  0.647546 -0.022705  0.266477 -0.062090 -0.449725  0.085111  0.097349  0.082983
 -0.041434 -0.104758  0.006995  0.040335 -0.543245  0.190396 -0.174894  0.016256
  0.041487  0.019718 -0.099405  0.043669  0.024731 -0.145750  0.016317  0.043680
 -0.072598 -0.004844 -0.001811  0.472593  0.006863 -0.320128  0.061227  0.070604
  0.065915  0.115623 -0.031573 -0.032438 -0.092359 -0.004228 -0.003749  0.419543
 -0.086813 -0.295457  0.055605  0.057282  0.052130 -0.296884  0.056811  0.057296
  0.052867 -0.755974  0.412601 -0.739060  0.407624  0.465110  0.116610 -0.054074
 -0.072563 -0.008177 -0.043433 -0.053966 -0.069764 -0.026040 -0.237563  0.018847
  0.020748  0.334622 -0.181307  0.060046  0.015596  0.173406 -0.037294 -0.040019
  0.017344 -0.001386 -0.002452  0.647546 -0.022705  0.266477 -0.062090 -0.449725
  0.085111  0.097349  0.082983 -0.041434 -0.104758  0.006995  0.040335 -0.543245
  0.190396 -0.174894  0.016256  0.041487  0.019718 -0.099405  0.043669  0.024731
 -0.145750  0.016317  0.043680 -0.072598 -0.004844 -0.001811  0.472593  0.006863
 -0.320128  0.061227  0.070604  0.065915  0.115623 -0.031573 -0.032438 -0.092359
 -0.004228 -0.003749  0.419543 -0.086813 -0.295457  0.055605  0.057282  0.052130
 -0.296884  0.056811  0.057296  0.052867 -0.755974  0.412601 -0.739060  0.407624
  0.465110  0.116610 -0.054074 -0.072563 -0.008177 -0.043433 -0.053966 -0.069764
 -0.026040 -0.237563  0.018847  0.020748  0.334622 -0.181307  0.060046  0.015596
  0.173406 -0.037294 -0.040019  0.017344 -0.001386 -0.002452  0.647546 -0.022705
  0.266477 -0.062090 -0.449725  0.085111  0.097349  0.082983 -0.041434 -0.104758
  0.006995  0.040335 -0.543245  0.190396 -0.174894  0.016256  0.041487  0.019718
 -0.099405  0.043669  0.024731 -0.145750  0.016317  0.043680 -0.072598 -0.004844
 -0.001811  0.472593  0.006863 -0.320128  0.061227  0.070604  0.065915  0.115623
 -0.031573 -0.032438 -0.092359 -0.004228 -0.003749  0.419543 -0.086813 -0.295457
  0.055605  0.057282  0.052130 -0.296884  0.056811  0.057296  0.052867 -0.755974
  0.412601 -0.739060  0.407624  0.465110  0.116610 -0.054074 -0.072563 -0.008177
 -0.043433 -0.053966 -0.069764 -0.026040 -0.237563  0.018847  0.020748  0.334622
 -0.181307  0.060046  0.015596  0.173406 -0.037294 -0.040019  0.017344 -0.001386
 -0.002452  0.647546 -0.022705  0.266477 -0.062090 -0.449725  0.085111  0.097349
  0.082983 -0.041434 -0.104758  0.006995  0.040335 -0.543245  0.190396 -0.174894
  0.016256  0.041487  0.019718 -0.099405  0.043669  0.024731 -0.145750  0.016317
  0.043680 -0.072598 -0.004844 -0.001811  0.472593  0.006863 -0.320128  0.061227
  0.070604  0.065915  0.115623 -0.031573 -0.032438 -0.092359 -0.004228 -0.003749
  0.419543 -0.086813 -0.295457  0.055605  0.057282  0.052130 -0.296884  0.056811
  0.057296  0.052867 -0.755974  0.412601 -0.739060  0.407624  0.465110  0.116610
 -0.054074 -0.072563 -0.008177 -0.043433 -0.053966 -0.069764 -0.026040 -0.237563
  0.018847  0.020748  0.334622 -0.181307  0.060046  0.015596  0.173406 -0.037294
 -0.040019  0.017344 -0.001386 -0.002452  0.647546 -0.022705  0.266477 -0.062090
 -0.449725  0.085111  0.097349  0.082983 -0.041434 -0.104758  0.006995  0.040335
 -0.543245  0.190396 -0.174894  0.016256  0.041487  0.019718 -0.099405  0.043669
  0.024731 -0.145750  0.016317  0.043680 -0.072598 -0.004844 -0.001811  0.472593
  0.006863 -0.320128  0.061227  0.070604  0.065915  0.115623 -0.031573 -0.032438
 -0.092359 -0.004228 -0.003749  0.419543 -0.086813 -0.295457  0.055605  0.057282
  0.052130 -0.296884  0.056811  0.057296  0.052867 -0.755974  0.412601 -0.739060
  0.407624  0.465110  0.116610 -0.054074 -0.072563 -0.008177 -0.043433 -0.053966
 -0.069764 -0.026040 -0.237563  0.018847  0.020748  0.334622 -0.181307  0.060046
  0.015596  0.173406 -0.037294 -0.040019  0.017344 -0.001386 -0.002452  0.647546
 -0.022705  0.266477 -0.062090 -0.449725  0.085111  0.097349  0.082983 -0.041434
 -0.104758  0.006995  0.040335 -0.543245  0.190396 -0.174894  0.016256  0.041487
  0.019718 -0.099405  0.043669  0.024731 -0.145750  0.016317  0.043680 -0.072598
 -0.004844 -0.001811  0.472593  0.006863 -0.320128  0.061227  0.070604  0.065915
  0.115623 -0.031573 -0.032438 -0.092359 -0.004228 -0.003749  0.419543 -0.086813
 -0.295457  0.055605  0.057282  0.052130 -0.296884  0.056811  0.057296  0.052867
 -0.755974  0.412601 -0.739060  0.407624  0.465110  0.116610 -0.054074 -0.072563
 -0.008177 -0.043433 -0.053966 -0.069764 -0.026040 -0.237563  0.018847  0.020748
  0.334622 -0.181307  0.060046  0.015596  0.173406 -0.037294 -0.040019  0.017344
 -0.001386 -0.002452  0.647546 -0.022705  0.266477 -0.062090 -0.449725  0.085111
  0.097349  0.082983 -0.041434 -0.104758  0.006995  0.040335 -0.543245  0.190396
 -0.174894  0.016256  0.041487  0.019718 -0.099405  0.043669  0.024731 -0.145750
  0.016317  0.043680 -0.072598 -0.004844 -0.001811  0.472593  0.006863 -0.320128
  0.061227  0.070604  0.065915  0.115623 -0.031573 -0.032438 -0.092359 -0.004228
 -0.003749  0.419543 -0.086813 -0.295457  0.055605  0.057282  0.052130 -0.296884
  0.056811  0.057296  0.052867 -0.755974  0.412601 -0.739060  0.407624  0.465110
  0.116610 -0.054074 -0.072563 -0.008177 -0.043433 -0.053966 -0.069764 -0.026040
 -0.237563  0.018847  0.020748  0.334622 -0.181307  0.060046  0.015596  0.173406
 -0.037294 -0.040019  0.017344 -0.001386 -0.002452  0.647546 -0.022705  0.266477
 -0.062090 -0.449725  0.085111  0.097349  0.082983 -0.041434 -0.104758  0.006995
  0.040335 -0.543245  0.190396 -0.174894  0.016256  0.041487  0.019718 -0.099405
  0.043669  0.024731 -0.145750  0.016317  0.043680 -0.072598 -0.004844 -0.001811
  0.472593  0.006863 -0.320128  0.061227  0.070604  0.065915  0.115623 -0.031573
 -0.032438 -0.092359 -0.004228 -0.003749  0.419543 -0.086813 -0.295457  0.055605
  0.057282  0.052130 -0.296884  0.056811  0.057296  0.052867 -0.755974  0.412601
 -0.739060  0.407624  0.465110  0.116610 -0.054074 -0.072563 -0.008177 -0.043433
 -0.053966 -0.069764 -0.026040 -0.237563  0.018847  0.020748  0.334622 -0.181307
  0.060046  0.015596  0.173406 -0.037294 -0.040019  0.017344 -0.001386 -0.002452
  0.647546 -0.022705  0.266477 -0.062090 -0.449725  0.085111  0.097349  0.082983
 -0.041434 -0.104758  0.006995  0.040335 -0.543245  0.190396 -0.174894  0.016256
  0.041487  0.019718 -0.099405  0.043669  0.024731 -0.145750  0.016317  0.043680
 -0.072598 -0.004844 -0.001811  0.472593  0.006863 -0.320128  0.061227  0.070604
  0.065915  0.115623 -0.031573 -0.032438 -0.092359 -0.004228 -0.003749  0.419543
 -0.086813 -0.295457  0.055605  0.057282  0.052130 -0.296884  0.056811  0.057296
  0.052867 -0.755974  0.412601 -0.739060  0.407624  0.465110  0.116610 -0.054074
 -0.072563 -0.008177 -0.043433 -0.053966 -0.069764 -0.026040 -0.237563  0.018847
  0.020748  0.334622 -0.181307  0.060046  0.015596  0.173406 -0.037294 -0.040019
  0.017344 -0.001386 -0.002452  0.647546 -0.022705  0.266477 -0.062090 -0.449725
  0.085111  0.097349  0.082983 -0.041434 -0.104758  0.006995  0.040335 -0.543245
  0.190396 -0.174894  0.016256  0.041487  0.019718 -0.099405  0.043669  0.024731
 -0.145750  0.016317  0.043680 -0.072598 -0.004844 -0.001811  0.472593  0.006863
 -0.320128  0.061227  0.070604  0.065915  0.115623 -0.031573 -0.032438 -0.092359
 -0.004228 -0.003749  0.419543 -0.086813 -0.295457  0.055605  0.057282  0.052130
 -0.296884  0.056811  0.057296  0.052867 -0.755974  0.412601 -0.739060  0.407624
  0.465110  0.116610 -0.054074 -0.072563 -0.008177 -0.043433 -0.053966 -0.069764
 -0.026040 -0.237563  0.018847  0.020748  0.334622 -0.181307  0.060046  0.015596
  0.173406 -0.037294 -0.040019  0.017344 -0.001386 -0.002452  0.647546 -0.022705
  0.266477 -0.062090 -0.449725  0.085111  0.097349  0.082983 -0.041434 -0.104758
  0.006995  0.040335 -0.543245  0.190396 -0.174894  0.016256  0.041487  0.019718
 -0.099405  0.043669  0.024731 -0.145750  0.016317  0.043680 -0.072598 -0.004844
 -0.001811  0.472593  0.006863 -0.320128  0.061227  0.070604  0.065915  0.115623
 -0.031573 -0.032438 -0.092359 -0.004228 -0.003749  0.419543 -0.086813 -0.295457
  0.055605  0.057282  0.052130 -0.296884  0.056811  0.057296  0.052867 -0.755974
  0.412601 -0.739060  0.407624  0.465110  0.116610 -0.054074 -0.072563 -0.008177
 -0.043433 -0.053966 -0.069764 -0.026040 -0.237563  0.018847  0.020748  0.334622
 -0.181307  0.060046  0.015596  0.173406 -0.037294 -0.040019  0.017344 -0.001386
 -0.002452  0.647546 -0.022705  0.266477 -0.062090 -0.449725  0.085111  0.097349
  0.082983 -0.041434 -0.104758  0.006995  0.040335 -0.543245  0.190396 -0.174894
  0.016256  0.041487  0.019718 -0.099405  0.043669  0.024731 -0.145750  0.016317
  0.043680 -0.072598 -0.004844 -0.001811  0.472593  0.006863 -0.320128  0.061227
  0.070604  0.065915  0.115623 -0.031573 -0.032438 -0.092359 -0.004228 -0.003749
  0.419543 -0.086813 -0.295457  0.055605  0.057282  0.052130 -0.296884  0.056811
  0.057296  0.052867 -0.755974  0.412601 -0.739060  0.407624  0.465110  0.116610
 -0.054074 -0.072563 -0.008177 -0.043433 -0.053966 -0.069764 -0.026040 -0.237563
  0.018847  0.020748  0.334622 -0.181307  0.060046  0.015596  0.173406 -0.037294
 -0.040019  0.017344 -0.001386 -0.002452  0.647546 -0.022705  0.266477 -0.062090
 -0.449725  0.085111  0.097349  0.082983 -0.041434 -0.104758  0.006995  0.040335
 -0.543245  0.190396 -0.174894  0.016256  0.041487  0.019718 -0.099405  0.043669
  0.024731 -0.145750  0.016317  0.043680 -0.072598 -0.004844 -0.001811  0.472593
  0.006863 -0.320128  0.061227  0.070604  0.065915  0.115623 -0.031573 -0.032438
 -0.092359 -0.004228 -0.003749  0.419543 -0.086813 -0.295457  0.055605  0.057282
  0.052130 -0.296884  0.056811  0.057296  0.052867 -0.755974  0.412601 -0.739060
  0.407624  0.465110  0.116610 -0.054074 -0.072563 -0.008177 -0.043433 -0.053966
 -0.069764 -0.026040 -0.237563  0.018847  0.020748  0.334622 -0.181307  0.060046
  0.015596  0.173406 -0.037294 -0.040019  0.017344 -0.001386 -0.002452  0.647546
 -0.022705  0.266477 -0.062090 -0.449725  0.085111  0.097349  0.082983 -0.041434
 -0.104758  0.006995  0.040335 -0.543245  0.190396 -0.174894  0.016256  0.041487
  0.019718 -0.099405  0.043669  0.024731 -0.145750  0.016317  0.043680 -0.072598
 -0.004844 -0.001811  0.472593  0.006863 -0.320128  0.061227  0.070604  0.065915
  0.115623 -0.031573 -0.032438 -0.092359 -0.004228 -0.003749  0.419543 -0.086813
 -0.295457  0.055605  0.057282  0.052130 -0.296884  0.056811  0.057296  0.052867
 -0.755974  0.412601 -0.739060  0.407624  0.465110  0.116610 -0.054074 -0.072563
 -0.008177 -0.043433 -0.053966 -0.069764 -0.026040 -0.237563  0.018847  0.020748
  0.334622 -0.181307  0.060046  0.015596  0.173406 -0.037294 -0.040019  0.017344
 -0.001386 -0.002452  0.647546 -0.022705  0.266477 -0.062090 -0.449725  0.085111
  0.097349  0.082983 -0.041434 -0.104758  0.006995  0.040335 -0.543245  0.190396
 -0.174894  0.016256  0.041487  0.019718 -0.099405  0.043669  0.024731 -0.145750
  0.016317  0.043680 -0.072598 -0.004844 -0.001811  0.472593  0.006863 -0.320128
  0.061227  0.070604  0.065915  0.115623 -0.031573 -0.032438 -0.092359 -0.004228
 -0.003749  0.419543 -0.086813 -0.295457  0.055605  0.057282  0.052130 -0.296884
  0.056811  0.057296  0.052867 -0.755974  0.412601 -0.739060  0.407624  0.465110
  0.116610 -0.054074 -0.072563 -0.008177 -0.043433 -0.053966 -0.069764 -0.026040
 -0.237563  0.018847  0.020748  0.334622 -0.181307  0.060046  0.015596  0.173406
 -0.037294 -0.040019  0.017344 -0.001386 -0.002452  0.647546 -0.022705  0.266477
 -0.062090 -0.449725  0.085111  0.097349  0.082983 -0.041434 -0.104758  0.006995
  0.040335 -0.543245  0.190396 -0.174894  0.016256  0.041487  0.019718 -0.099405
  0.043669  0.024731 -0.145750  0.016317  0.043680 -0.072598 -0.004844 -0.001811
  0.472593  0.006863 -0.320128  0.061227  0.070604  0.065915  0.115623 -0.031573
 -0.032438 -0.092359 -0.004228 -0.003749  0.419543 -0.086813 -0.295457  0.055605
  0.057282  0.052130 -0.296884  0.056811  0.057296  0.052867 -0.755974  0.412601
 -0.739060  0.407624  0.465110  0.116610 -0.054074 -0.072563 -0.008177 -0.043433
 -0.053966 -0.069764 -0.026040 -0.237563  0.018847  0.020748  0.334622 -0.181307
  0.060046  0.015596  0.173406 -0.037294 -0.040019  0.017344 -0.001386 -0.002452
  0.647546 -0.022705  0.266477 -0.062090 -0.449725  0.085111  0.097349  0.082983
 -0.041434 -0.104758  0.006995  0.040335 -0.543245  0.190396 -0.174894  0.016256
  0.041487  0.019718 -0.099405  0.043669  0.024731 -0.145750  0.016317  0.043680
 -0.072598 -0.004844 -0.001811  0.472593  0.006863 -0.320128  0.061227  0.070604
  0.065915  0.115623 -0.031573 -0.032438 -0.092359 -0.004228 -0.003749  0.419543
 -0.086813 -0.295457  0.055605  0.057282  0.052130 -0.296884  0.056811  0.057296
  0.052867 -0.755974  0.412601 -0.739060  0.407624  0.465110  0.116610 -0.054074
 -0.072563 -0.008177 -0.043433 -0.053966 -0.069764 -0.026040 -0.237563  0.018847
  0.020748  0.334622 -0.181307  0.060046  0.015596  0.173406 -0.037294 -0.040019
  0.017344 -0.001386 -0.002452  0.647546 -0.022705  0.266477 -0.062090 -0.449725
  0.085111  0.097349  0.082983 -0.041434 -0.104758  0.006995  0.040335 -0.543245
  0.190396 -0.174894  0.016256  0.041487  0.019718 -0.099405  0.043669  0.024731
 -0.145750  0.016317  0.043680 -0.072598 -0.004844 -0.001811  0.472593  0.006863
 -0.320128  0.061227  0.070604  0.065915  0.115623 -0.031573 -0.032438 -0.092359
 -0.004228 -0.003749  0.419543 -0.086813 -0.295457  0.055605  0.057282  0.052130
 -0.296884  0.056811  0.057296  0.052867 -0.755974  0.412601 -0.739060  0.407624
  0.465110  0.116610 -0.054074 -0.072563 -0.008177 -0.043433 -0.053966 -0.069764
 -0.026040 -0.237563  0.018847  0.020748  0.334622 -0.181307  0.060046  0.015596
  0.173406 -0.037294 -0.040019  0.017344 -0.001386 -0.002452  0.647546 -0.022705
  0.266477 -0.062090 -0.449725  0.085111  0.097349  0.082983 -0.041434 -0.104758
  0.006995  0.040335 -0.543245  0.190396 -0.174894  0.016256  0.041487  0.019718
 -0.099405  0.043669  0.024731 -0.145750  0.016317  0.043680 -0.072598 -0.004844
 -0.001811  0.472593  0.006863 -0.320128  0.061227  0.070604  0.065915  0.115623
 -0.031573 -0.032438 -0.092359 -0.004228 -0.003749  0.419543 -0.086813 -0.295457
  0.055605  0.057282  0.052130 -0.296884  0.056811  0.057296  0.052867 -0.755974
  0.412601 -0.739060  0.407624  0.465110  0.116610 -0.054074 -0.072563 -0.008177
 -0.043433 -0.053966 -0.069764 -0.026040 -0.237563  0.018847  0.020748  0.334622
 -0.181307  0.060046  0.015596  0.173406 -0.037294 -0.040019  0.017344 -0.001386
 -0.002452  0.647546 -0.022705  0.266477 -0.062090 -0.449725  0.085111  0.097349
  0.082983 -0.041434 -0.104758  0.006995  0.040335 -0.543245  0.190396 -0.174894
  0.016256  0.041487  0.019718 -0.099405  0.043669  0.024731 -0.145750  0.016317
  0.043680 -0.072598 -0.004844 -0.001811  0.472593  0.006863 -0.320128  0.061227
  0.070604  0.065915  0.115623 -0.031573 -0.032438 -0.092359 -0.004228 -0.003749
  0.419543 -0.086813 -0.295457  0.055605  0.057282  0.052130 -0.296884  0.056811
  0.057296  0.052867 -0.755974  0.412601 -0.739060  0.407624  0.465110  0.116610
 -0.054074 -0.072563 -0.008177 -0.043433 -0.053966 -0.069764 -0.026040 -0.237563
  0.018847  0.020748  0.334622 -0.181307  0.060046  0.015596  0.173406 -0.037294
 -0.040019  0.017344 -0.001386 -0.002452  0.647546 -0.022705  0.266477 -0.062090
 -0.449725  0.085111  0.097349  0.082983 -0.041434 -0.104758  0.006995  0.040335
 -0.543245  0.190396 -0.174894  0.016256  0.041487  0.019718 -0.099405  0.043669
  0.024731 -0.145750  0.016317  0.043680 -0.072598 -0.004844 -0.001811  0.472593
  0.006863 -0.320128  0.061227  0.070604  0.065915  0.115623 -0.031573 -0.032438
 -0.092359 -0.004228 -0.003749  0.419543 -0.086813 -0.295457  0.055605  0.057282
  0.052130 -0.296884  0.056811  0.057296  0.052867 -0.755974  0.412601 -0.739060
  0.407624  0.465110  0.116610 -0.054074 -0.072563 -0.008177 -0.043433 -0.053966
 -0.069764 -0.026040 -0.237563  0.018847  0.020748  0.334622 -0.181307  0.060046
  0.015596  0.173406 -0.037294 -0.040019  0.017344 -0.001386 -0.002452  0.647546
 -0.022705  0.266477 -0.062090 -0.449725  0.085111  0.097349  0.082983 -0.041434
 -0.104758  0.006995  0.040335 -0.543245  0.190396 -0.174894  0.016256  0.041487
  0.019718 -0.099405  0.043669  0.024731 -0.145750  0.016317  0.043680 -0.072598
 -0.004844 -0.001811  0.472593  0.006863 -0.320128  0.061227  0.070604  0.065915
  0.115623 -0.031573 -0.032438 -0.092359 -0.004228 -0.003749  0.419543 -0.086813
 -0.295457  0.055605  0.057282  0.052130 -0.296884  0.056811  0.057296  0.052867
 -0.755974  0.412601 -0.739060  0.407624  0.465110  0.116610 -0.054074 -0.072563
 -0.008177 -0.043433 -0.053966 -0.069764 -0.026040 -0.237563  0.018847  0.020748
  0.334622 -0.181307  0.060046  0.015596  0.173406 -0.037294 -0.040019  0.017344
 -0.001386 -0.002452  0.647546 -0.022705  0.266477 -0.062090 -0.449725  0.085111
  0.097349  0.082983 -0.041434 -0.104758  0.006995  0.040335 -0.543245  0.190396
 -0.174894  0.016256  0.041487  0.019718 -0.099405  0.043669  0.024731 -0.145750
  0.016317  0.043680 -0.072598 -0.004844 -0.001811  0.472593  0.006863 -0.320128
  0.061227  0.070604  0.065915  0.115623 -0.031573 -0.032438 -0.092359 -0.004228
 -0.003749  0.419543 -0.086813 -0.295457  0.055605  0.057282  0.052130 -0.296884
  0.056811  0.057296  0.052867 -0.755974  0.412601 -0.739060  0.407624  0.465110
  0.116610 -0.054074 -0.072563 -0.008177 -0.043433 -0.053966 -0.069764 -0.026040
 -0.237563  0.018847  0.020748  0.334622 -0.181307  0.060046  0.015596  0.173406
 -0.037294 -0.040019  0.017344 -0.001386 -0.002452  0.647546 -0.022705  0.266477
 -0.062090 -0.449725  0.085111  0.097349  0.082983 -0.041434 -0.104758  0.006995
  0.040335 -0.543245  0.190396 -0.174894  0.016256  0.041487  0.019718 -0.099405
  0.043669  0.024731 -0.145750  0.016317  0.043680 -0.072598 -0.004844 -0.001811
  0.472593  0.006863 -0.320128  0.061227  0.070604  0.065915  0.115623 -0.031573
 -0.032438 -0.092359 -0.004228 -0.003749  0.419543 -0.086813 -0.295457  0.055605
  0.057282  0.052130 -0.296884  0.056811  0.057296  0.052867 -0.755974  0.412601
 -0.739060  0.407624  0.465110  0.116610 -0.054074 -0.072563 -0.008177 -0.043433
 -0.053966 -0.069764 -0.026040 -0.237563  0.018847  0.020748  0.334622 -0.181307
  0.060046  0.015596  0.173406 -0.037294 -0.040019  0.017344 -0.001386 -0.002452
  0.647546 -0.022705  0.266477 -0.062090 -0.449725  0.085111  0.097349  0.082983
 -0.041434 -0.104758  0.006995  0.040335 -0.543245  0.190396 -0.174894  0.016256
  0.041487  0.019718 -0.099405  0.043669  0.024731 -0.145750  0.016317  0.043680
 -0.072598 -0.004844 -0.001811  0.472593  0.006863 -0.320128  0.061227  0.070604
  0.065915  0.115623 -0.031573 -0.032438 -0.092359 -0.004228 -0.003749  0.419543
 -0.086813 -0.295457  0.055605  0.057282  0.052130 -0.296884  0.056811  0.057296
  0.052867 -0.755974  0.412601 -0.739060  0.407624  0.465110  0.116610 -0.054074
 -0.072563 -0.008177 -0.043433 -0.053966 -0.069764 -0.026040 -0.237563  0.018847
  0.020748  0.334622 -0.181307  0.060046  0.015596  0.173406 -0.037294 -0.040019
  0.017344 -0.001386 -0.002452  0.647546 -0.022705  0.266477 -0.062090 -0.449725
  0.085111  0.097349  0.082983 -0.041434 -0.104758  0.006995  0.040335 -0.543245
  0.190396 -0.174894  0.016256  0.041487  0.019718 -0.099405  0.043669  0.024731
 -0.145750  0.016317  0.043680 -0.072598 -0.004844 -0.001811  0.472593  0.006863
 -0.320128  0.061227  0.070604  0.065915  0.115623 -0.031573 -0.032438 -0.092359
 -0.004228 -0.003749  0.419543 -0.086813 -0.295457  0.055605  0.057282  0.052130
 -0.296884  0.056811  0.057296  0.052867 -0.755974  0.412601 -0.739060  0.407624
  0.465110  0.116610 -0.054074 -0.072563 -0.008177 -0.043433 -0.053966 -0.069764
 -0.026040 -0.237563  0.018847  0.020748  0.334622 -0.181307  0.060046  0.015596
  0.173406 -0.037294 -0.040019  0.017344 -0.001386 -0.002452  0.647546 -0.022705
  0.266477 -0.062090 -0.449725  0.085111  0.097349  0.082983 -0.041434 -0.104758
  0.006995  0.040335 -0.543245  0.190396 -0.174894  0.016256  0.041487  0.019718
 -0.099405  0.043669  0.024731 -0.145750  0.016317  0.043680 -0.072598 -0.004844
 -0.001811  0.472593  0.006863 -0.320128  0.061227  0.070604  0.065915  0.115623
 -0.031573 -0.032438 -0.092359 -0.004228 -0.003749  0.419543 -0.086813 -0.295457
  0.055605  0.057282  0.052130 -0.296884  0.056811  0.057296  0.052867 -0.755974
  0.412601 -0.739060  0.407624  0.465110  0.116610 -0.054074 -0.072563 -0.008177
 -0.043433 -0.053966 -0.069764 -0.026040 -0.237563  0.018847  0.020748  0.334622
 -0.181307  0.060046  0.015596  0.173406 -0.037294 -0.040019  0.017344 -0.001386
 -0.002452  0.647546 -0.022705  0.266477 -0.062090 -0.449725  0.085111  0.097349
  0.082983 -0.041434 -0.104758  0.006995  0.040335 -0.543245  0.190396 -0.174894
  0.016256  0.041487  0.019718 -0.099405  0.043669  0.024731 -0.145750  0.016317
  0.043680 -0.072598 -0.004844 -0.001811  0.472593  0.006863 -0.320128  0.061227
  0.070604  0.065915  0.115623 -0.031573 -0.032438 -0.092359 -0.004228 -0.003749
  0.419543 -0.086813 -0.295457  0.055605  0.057282  0.052130 -0.296884  0.056811
  0.057296  0.052867 -0.755974  0.412601 -0.739060  0.407624  0.465110  0.116610
 -0.054074 -0.072563 -0.008177 -0.043433 -0.053966 -0.069764 -0.026040 -0.237563
  0.018847  0.020748  0.334622 -0.181307  0.060046  0.015596  0.173406 -0.037294
 -0.040019  0.017344 -0.001386 -0.002452  0.647546 -0.022705  0.266477 -0.062090
 -0.449725  0.085111  0.097349  0.082983 -0.041434 -0.104758  0.006995  0.040335
 -0.543245  0.190396 -0.174894  0.016256  0.041487  0.019718 -0.099405  0.043669
  0.024731 -0.145750  0.016317  0.043680 -0.072598 -0.004844 -0.001811  0.472593
  0.006863 -0.320128  0.061227  0.070604  0.065915  0.115623 -0.031573 -0.032438
 -0.092359 -0.004228 -0.003749  0.419543 -0.086813 -0.295457  0.055605  0.057282
  0.052130 -0.296884  0.056811  0.057296  0.052867 -0.755974  0.412601 -0.739060
  0.407624  0.465110  0.116610 -0.054074 -0.072563 -0.008177 -0.043433 -0.053966
 -0.069764 -0.026040 -0.237563  0.018847  0.020748  0.334622 -0.181307  0.060046
  0.015596  0.173406 -0.037294 -0.040019  0.017344 -0.001386 -0.002452  0.647546
 -0.022705  0.266477 -0.062090 -0.449725  0.085111  0.097349  0.082983 -0.041434
 -0.104758  0.006995  0.040335 -0.543245  0.190396 -0.174894  0.016256  0.041487
  0.019718 -0.099405  0.043669  0.024731 -0.145750  0.016317  0.043680 -0.072598
 -0.004844 -0.001811  0.472593  0.006863 -0.320128  0.061227  0.070604  0.065915
  0.115623 -0.031573 -0.032438 -0.092359 -0.004228 -0.003749  0.419543 -0.086813
 -0.295457  0.055605  0.057282  0.052130 -0.296884  0.056811  0.057296  0.052867
 -0.755974  0.412601 -0.739060  0.407624  0.465110  0.116610 -0.054074 -0.072563
 -0.008177 -0.043433 -0.053966 -0.069764 -0.026040 -0.237563  0.018847  0.020748
  0.334622 -0.181307  0.060046  0.015596  0.173406 -0.037294 -0.040019  0.017344
 -0.001386 -0.002452  0.647546 -0.022705  0.266477 -0.062090 -0.449725  0.085111
  0.097349  0.082983 -0.041434 -0.104758  0.006995  0.040335 -0.543245  0.190396
 -0.174894  0.016256  0.041487  0.019718 -0.099405  0.043669  0.024731 -0.145750
  0.016317  0.043680 -0.072598 -0.004844 -0.001811  0.472593  0.006863 -0.320128
  0.061227  0.070604  0.065915  0.115623 -0.031573 -0.032438 -0.092359 -0.004228
 -0.003749  0.419543 -0.086813 -0.295457  0.055605  0.057282  0.052130 -0.296884
  0.056811  0.057296  0.052867 -0.755974  0.412601 -0.739060  0.407624  0.465110
  0.116610 -0.054074 -0.072563 -0.008177 -0.043433 -0.053966 -0.069764 -0.026040
 -0.237563  0.018847  0.020748  0.334622 -0.181307  0.060046  0.015596  0.173406
 -0.037294 -0.040019  0.017344 -0.001386 -0.002452  0.647546 -0.022705  0.266477
 -0.062090 -0.449725  0.085111  0.097349  0.082983 -0.041434 -0.104758  0.006995
  0.040335 -0.543245  0.190396 -0.174894  0.016256  0.041487  0.019718 -0.099405
  0.043669  0.024731 -0.145750  0.016317  0.043680 -0.072598 -0.004844 -0.001811
  0.472593  0.006863 -0.320128  0.061227  0.070604  0.065915  0.115623 -0.031573
 -0.032438 -0.092359 -0.004228 -0.003749  0.419543 -0.086813 -0.295457  0.055605
  0.057282  0.052130 -0.296884  0.056811  0.057296  0.052867 -0.755974  0.412601
 -0.739060  0.407624  0.465110  0.116610 -0.054074 -0.072563 -0.008177 -0.043433
 -0.053966 -0.069764 -0.026040 -0.237563  0.018847  0.020748  0.334622 -0.181307
  0.060046  0.015596  0.173406 -0.037294 -0.040019  0.017344 -0.001386 -0.002452
  0.647546 -0.022705  0.266477 -0.062090 -0.449725  0.085111  0.097349  0.082983
 -0.041434 -0.104758  0.006995  0.040335 -0.543245  0.190396 -0.174894  0.016256
  0.041487  0.019718 -0.099405  0.043669  0.024731 -0.145750  0.016317  0.043680
 -0.072598 -0.004844 -0.001811  0.472593  0.006863 -0.320128  0.061227  0.070604
  0.065915  0.115623 -0.031573 -0.032438 -0.092359 -0.004228 -0.003749  0.419543
 -0.086813 -0.295457  0.055605  0.057282  0.052130 -0.296884  0.056811  0.057296
  0.052867 -0.755974  0.412601 -0.739060  0.407624  0.465110  0.116610 -0.054074
 -0.072563 -0.008177 -0.043433 -0.053966 -0.069764 -0.026040 -0.237563  0.018847
  0.020748  0.334622 -0.181307  0.060046  0.015596  0.173406 -0.037294 -0.040019
  0.017344 -0.001386 -0.002452  0.647546 -0.022705  0.266477 -0.062090 -0.449725
  0.085111  0.097349  0.082983 -0.041434 -0.104758  0.006995  0.040335 -0.543245
  0.190396 -0.174894  0.016256  0.041487  0.019718 -0.099405  0.043669  0.024731
 -0.145750  0.016317  0.043680 -0.072598 -0.004844 -0.001811  0.472593  0.006863
 -0.320128  0.061227  0.070604  0.065915  0.115623 -0.031573 -0.032438 -0.092359
 -0.004228 -0.003749  0.419543 -0.086813 -0.295457  0.055605  0.057282  0.052130
 -0.296884  0.056811  0.057296  0.052867 -0.755974  0.412601 -0.739060  0.407624
  0.465110  0.116610 -0.054074 -0.072563 -0.008177 -0.043433 -0.053966 -0.069764
 -0.026040 -0.237563  0.018847  0.020748  0.334622 -0.181307  0.060046  0.015596
  0.173406 -0.037294 -0.040019  0.017344 -0.001386 -0.002452  0.647546 -0.022705
  0.266477 -0.062090 -0.449725  0.085111  0.097349  0.082983 -0.041434 -0.104758
  0.006995  0.040335 -0.543245  0.190396 -0.174894  0.016256  0.041487  0.019718
 -0.099405  0.043669  0.024731 -0.145750  0.016317  0.043680 -0.072598 -0.004844
 -0.001811  0.472593  0.006863 -0.320128  0.061227  0.070604  0.065915  0.115623
 -0.031573 -0.032438 -0.092359 -0.004228 -0.003749  0.419543 -0.086813 -0.295457
  0.055605  0.057282  0.052130 -0.296884  0.056811  0.057296  0.052867 -0.755974
  0.412601 -0.739060  0.407624  0.465110  0.116610 -0.054074 -0.072563 -0.008177
 -0.043433 -0.053966 -0.069764 -0.026040 -0.237563  0.018847  0.020748  0.334622
 -0.181307  0.060046  0.015596  0.173406 -0.037294 -0.040019  0.017344 -0.001386
 -0.002452  0.647546 -0.022705  0.266477 -0.062090 -0.449725  0.085111  0.097349
  0.082983 -0.041434 -0.104758  0.006995  0.040335 -0.543245  0.190396 -0.174894
  0.016256  0.041487  0.019718 -0.099405  0.043669  0.024731 -0.145750  0.016317
  0.043680 -0.072598 -0.004844 -0.001811  0.472593  0.006863 -0.320128  0.061227
  0.070604  0.065915  0.115623 -0.031573 -0.032438 -0.092359 -0.004228 -0.003749
  0.419543 -0.086813 -0.295457  0.055605  0.057282  0.052130 -0.296884  0.056811
  0.057296  0.052867 -0.755974  0.412601 -0.739060  0.407624  0.465110  0.116610
 -0.054074 -0.072563 -0.008177 -0.043433 -0.053966 -0.069764 -0.026040 -0.237563
  0.018847  0.020748  0.334622 -0.181307  0.060046  0.015596  0.173406 -0.037294
 -0.040019  0.017344 -0.001386 -0.002452  0.647546 -0.022705  0.266477 -0.062090
 -0.449725  0.085111  0.097349  0.082983 -0.041434 -0.104758  0.006995  0.040335
 -0.543245  0.190396 -0.174894  0.016256  0.041487  0.019718 -0.099405  0.043669
  0.024731 -0.145750  0.016317  0.043680 -0.072598 -0.004844 -0.001811  0.472593
  0.006863 -0.320128  0.061227  0.070604  0.065915  0.115623 -0.031573 -0.032438
 -0.092359 -0.004228 -0.003749  0.419543 -0.086813 -0.295457  0.055605  0.057282
  0.052130 -0.296884  0.056811  0.057296  0.052867 -0.755974  0.412601 -0.739060
  0.407624  0.465110  0.116610 -0.054074 -0.072563 -0.008177 -0.043433 -0.053966
 -0.069764 -0.026040 -0.237563  0.018847  0.020748  0.334622 -0.181307  0.060046
  0.015596  0.173406 -0.037294 -0.040019  0.017344 -0.001386 -0.002452  0.647546
 -0.022705  0.266477 -0.062090 -0.449725  0.085111  0.097349  0.082983 -0.041434
 -0.104758  0.006995  0.040335 -0.543245  0.190396 -0.174894  0.016256  0.041487
  0.019718 -0.099405  0.043669  0.024731 -0.145750  0.016317  0.043680 -0.072598
 -0.004844 -0.001811  0.472593  0.006863 -0.320128  0.061227  0.070604  0.065915
  0.115623 -0.031573 -0.032438 -0.092359 -0.004228 -0.003749  0.419543 -0.086813
 -0.295457  0.055605  0.057282  0.052130 -0.296884  0.056811  0.057296  0.052867
 -0.755974  0.412601 -0.739060  0.407624  0.465110  0.116610 -0.054074 -0.072563
 -0.008177 -0.043433 -0.053966 -0.069764 -0.026040 -0.237563  0.018847  0.020748
  0.334622 -0.181307  0.060046  0.015596  0.173406 -0.037294 -0.040019  0.017344
 -0.001386 -0.002452  0.647546 -0.022705  0.266477 -0.062090 -0.449725  0.085111
  0.097349  0.082983 -0.041434 -0.104758  0.006995  0.040335 -0.543245  0.190396
 -0.174894  0.016256  0.041487  0.019718 -0.099405  0.043669  0.024731 -0.145750
  0.016317  0.043680 -0.072598 -0.004844 -0.001811  0.472593  0.006863 -0.320128
  0.061227  0.070604  0.065915  0.115623 -0.031573 -0.032438 -0.092359 -0.004228
 -0.003749  0.419543 -0.086813 -0.295457  0.055605  0.057282  0.052130 -0.296884
  0.056811  0.057296  0.052867 -0.755974  0.412601 -0.739060  0.407624  0.465110
  0.116610 -0.054074 -0.072563 -0.008177 -0.043433 -0.053966 -0.069764 -0.026040
 -0.237563  0.018847  0.020748  0.334622 -0.181307  0.060046  0.015596  0.173406
 -0.037294 -0.040019  0.017344 -0.001386 -0.002452  0.647546 -0.022705  0.266477
 -0.062090 -0.449725  0.085111  0.097349  0.082983 -0.041434 -0.104758  0.006995
  0.040335 -0.543245  0.190396 -0.174894  0.016256  0.041487  0.019718 -0.099405
  0.043669  0.024731 -0.145750  0.016317  0.043680 -0.072598 -0.004844 -0.001811
  0.472593  0.006863 -0.320128  0.061227  0.070604  0.065915  0.115623 -0.031573
 -0.032438 -0.092359 -0.004228 -0.003749  0.419543 -0.086813 -0.295457  0.055605
  0.057282  0.052130 -0.296884  0.056811  0.057296  0.052867 -0.755974  0.412601
 -0.739060  0.407624  0.465110  0.116610 -0.054074 -0.072563 -0.008177 -0.043433
 -0.053966 -0.069764 -0.026040 -0.237563  0.018847  0.020748  0.334622 -0.181307
  0.060046  0.015596  0.173406 -0.037294 -0.040019  0.017344 -0.001386 -0.002452
  0.647546 -0.022705  0.266477 -0.062090 -0.449725  0.085111  0.097349  0.082983
 -0.041434 -0.104758  0.006995  0.040335 -0.543245  0.190396 -0.174894  0.016256
  0.041487  0.019718 -0.099405  0.043669  0.024731 -0.145750  0.016317  0.043680
 -0.072598 -0.004844 -0.001811  0.472593  0.006863 -0.320128  0.061227  0.070604
  0.065915  0.115623 -0.031573 -0.032438 -0.092359 -0.004228 -0.003749  0.419543
 -0.086813 -0.295457  0.055605  0.057282  0.052130 -0.296884  0.056811  0.057296
  0.052867 -0.755974  0.412601 -0.739060  0.407624  0.465110  0.116610 -0.054074
 -0.072563 -0.008177 -0.043433 -0.053966 -0.069764 -0.026040 -0.237563  0.018847
  0.020748  0.334622 -0.181307  0.060046  0.015596  0.173406 -0.037294 -0.040019
  0.017344 -0.001386 -0.002452  0.647546 -0.022705  0.266477 -0.062090 -0.449725
  0.085111  0.097349  0.082983 -0.041434 -0.104758  0.006995  0.040335 -0.543245
  0.190396 -0.174894  0.016256  0.041487  0.019718 -0.099405  0.043669  0.024731
 -0.145750  0.016317  0.043680 -0.072598 -0.004844 -0.001811  0.472593  0.006863
 -0.320128  0.061227  0.070604  0.065915  0.115623 -0.031573 -0.032438 -0.092359
 -0.004228 -0.003749  0.419543 -0.086813 -0.295457  0.055605  0.057282  0.052130
 -0.296884  0.056811  0.057296  0.052867
