 -0.755974  0.412601 -0.739060  0.407624  0.465110  0.116610 -0.054074 -0.072563
 -0.008177 -0.043433 -0.053966 -0.069764 -0.026040 -0.216284  0.016442  0.016442
  0.334622 -0.107790  0.018744  0.018744  0.101607 -0.014707 -0.014707 -0.013450
  0.003218  0.003218  0.647546 -0.022705  0.266477 -0.062090 -0.472721  0.090587
  0.090587  0.090587 -0.041434 -0.093801  0.021805  0.021805 -0.543245  0.190396
 -0.154896  0.017474  0.017474  0.017474 -0.105085  0.038099  0.038099 -0.158415
  0.036620  0.036620 -0.065635 -0.005436 -0.005436  0.472593  0.006863 -0.297099
  0.059890  0.059890  0.059890  0.111468 -0.030084 -0.030084 -0.108341  0.000548
  0.000548  0.419543 -0.086813 -0.289688  0.053901  0.053901  0.053901 -0.291078
  0.054836  0.054836  0.054836 -0.755974  0.412601 -0.739060  0.407624  0.465110
  0.116610 -0.054074 -0.072563 -0.008177 -0.043433 -0.053966 -0.069764 -0.026040
 -0.216284  0.016442  0.016442  0.334622 -0.107790  0.018744  0.018744  0.101607
 -0.014707 -0.014707 -0.013450  0.003218  0.003218  0.647546 -0.022705  0.266477
 -0.062090 -0.472721  0.090587  0.090587  0.090587 -0.041434 -0.093801  0.021805
  0.021805 -0.543245  0.190396 -0.154896  0.017474  0.017474  0.017474 -0.105085
  0.038099  0.038099 -0.158415  0.036620  0.036620 -0.065635 -0.005436 -0.005436
  0.472593  0.006863 -0.297099  0.059890  0.059890  0.059890  0.111468 -0.030084
 -0.030084 -0.108341  0.000548  0.000548  0.419543 -0.086813 -0.289688  0.053901
  0.053901  0.053901 -0.291078  0.054836  0.054836  0.054836 -0.755974  0.412601
 -0.739060  0.407624  0.465110  0.116610 -0.054074 -0.072563 -0.008177 -0.043433
 -0.053966 -0.069764 -0.026040 -0.216284  0.016442  0.016442  0.334622 -0.107790
  0.018744  0.018744  0.101607 -0.014707 -0.014707 -0.013450  0.003218  0.003218
  0.647546 -0.022705  0.266477 -0.062090 -0.472721  0.090587  0.090587  0.090587
 -0.041434 -0.093801  0.021805  0.021805 -0.543245  0.190396 -0.154896  0.017474
  0.017474  0.017474 -0.105085  0.038099  0.038099 -0.158415  0.036620  0.036620
 -0.065635 -0.005436 -0.005436  0.472593  0.006863 -0.297099  0.059890  0.059890
  0.059890  0.111468 -0.030084 -0.030084 -0.108341  0.000548  0.000548  0.419543
 -0.086813 -0.289688  0.053901  0.053901  0.053901 -0.291078  0.054836  0.054836
  0.054836 -0.755974  0.412601 -0.739060  0.407624  0.465110  0.116610 -0.054074
 -0.072563 -0.008177 -0.043433 -0.053966 -0.069764 -0.026040 -0.216284  0.016442
  0.016442  0.334622 -0.107790  0.018744  0.018744  0.101607 -0.014707 -0.014707
 -0.013450  0.003218  0.003218  0.647546 -0.022705  0.266477 -0.062090 -0.472721
  0.090587  0.090587  0.090587 -0.041434 -0.093801  0.021805  0.021805 -0.543245
  0.190396 -0.154896  0.017474  0.017474  0.017474 -0.105085  0.038099  0.038099
 -0.158415  0.036620  0.036620 -0.065635 -0.005436 -0.005436  0.472593  0.006863
 -0.297099  0.059890  0.059890  0.059890  0.111468 -0.030084 -0.030084 -0.108341
  0.000548  0.000548  0.419543 -0.086813 -0.289688  0.053901  0.053901  0.053901
 -0.291078  0.054836  0.054836  0.054836 -0.755974  0.412601 -0.739060  0.407624
  0.465110  0.116610 -0.054074 -0.072563 -0.008177 -0.043433 -0.053966 -0.069764
 -0.026040 -0.216284  0.016442  0.016442  0.334622 -0.107790  0.018744  0.018744
  0.101607 -0.014707 -0.014707 -0.013450  0.003218  0.003218  0.647546 -0.022705
  0.266477 -0.062090 -0.472721  0.090587  0.090587  0.090587 -0.041434 -0.093801
  0.021805  0.021805 -0.543245  0.190396 -0.154896  0.017474  0.017474  0.017474
 -0.105085  0.038099  0.038099 -0.158415  0.036620  0.036620 -0.065635 -0.005436
 -0.005436  0.472593  0.006863 -0.297099  0.059890  0.059890  0.059890  0.111468
 -0.030084 -0.030084 -0.108341  0.000548  0.000548  0.419543 -0.086813 -0.289688
  0.053901  0.053901  0.053901 -0.291078  0.054836  0.054836  0.054836 -0.755974
  0.412601 -0.739060  0.407624  0.465110  0.116610 -0.054074 -0.072563 -0.008177
 -0.043433 -0.053966 -0.069764 -0.026040 -0.216284  0.016442  0.016442  0.334622
 -0.107790  0.018744  0.018744  0.101607 -0.014707 -0.014707 -0.013450  0.003218
  0.003218  0.647546 -0.022705  0.266477 -0.062090 -0.472721  0.090587  0.090587
  0.090587 -0.041434 -0.093801  0.021805  0.021805 -0.543245  0.190396 -0.154896
  0.017474  0.017474  0.017474 -0.105085  0.038099  0.038099 -0.158415  0.036620
  0.036620 -0.065635 -0.005436 -0.005436  0.472593  0.006863 -0.297099  0.059890
  0.059890  0.059890  0.111468 -0.030084 -0.030084 -0.108341  0.000548  0.000548
  0.419543 -0.086813 -0.289688  0.053901  0.053901  0.053901 -0.291078  0.054836
  0.054836  0.054836 -0.755974  0.412601 -0.739060  0.407624  0.465110  0.116610
 -0.054074 -0.072563 -0.008177 -0.043433 -0.053966 -0.069764 -0.026040 -0.216284
  0.016442  0.016442  0.334622 -0.107790  0.018744  0.018744  0.101607 -0.014707
 -0.014707 -0.013450  0.003218  0.003218  0.647546 -0.022705  0.266477 -0.062090
 -0.472721  0.090587  0.090587  0.090587 -0.041434 -0.093801  0.021805  0.021805
 -0.543245  0.190396 -0.154896  0.017474  0.017474  0.017474 -0.105085  0.038099
  0.038099 -0.158415  0.036620  0.036620 -0.065635 -0.005436 -0.005436  0.472593
  0.006863 -0.297099  0.059890  0.059890  0.059890  0.111468 -0.030084 -0.030084
 -0.108341  0.000548  0.000548  0.419543 -0.086813 -0.289688  0.053901  0.053901
  0.053901 -0.291078  0.054836  0.054836  0.054836 -0.755974  0.412601 -0.739060
  0.407624  0.465110  0.116610 -0.054074 -0.072563 -0.008177 -0.043433 -0.053966
 -0.069764 -0.026040 -0.216284  0.016442  0.016442  0.334622 -0.107790  0.018744
  0.018744  0.101607 -0.014707 -0.014707 -0.013450  0.003218  0.003218  0.647546
 -0.022705  0.266477 -0.062090 -0.472721  0.090587  0.090587  0.090587 -0.041434
 -0.093801  0.021805  0.021805 -0.543245  0.190396 -0.154896  0.017474  0.017474
  0.017474 -0.105085  0.038099  0.038099 -0.158415  0.036620  0.036620 -0.065635
 -0.005436 -0.005436  0.472593  0.006863 -0.297099  0.059890  0.059890  0.059890
  0.111468 -0.030084 -0.030084 -0.108341  0.000548  0.000548  0.419543 -0.086813
 -0.289688  0.053901  0.053901  0.053901 -0.291078  0.054836  0.054836  0.054836
 -0.755974  0.412601 -0.739060  0.407624  0.465110  0.116610 -0.054074 -0.072563
 -0.008177 -0.043433 -0.053966 -0.069764 -0.026040 -0.216284  0.016442  0.016442
  0.334622 -0.107790  0.018744  0.018744  0.101607 -0.014707 -0.014707 -0.013450
  0.003218  0.003218  0.647546 -0.022705  0.266477 -0.062090 -0.472721  0.090587
  0.090587  0.090587 -0.041434 -0.093801  0.021805  0.021805 -0.543245  0.190396
 -0.154896  0.017474  0.017474  0.017474 -0.105085  0.038099  0.038099 -0.158415
  0.036620  0.036620 -0.065635 -0.005436 -0.005436  0.472593  0.006863 -0.297099
  0.059890  0.059890  0.059890  0.111468 -0.030084 -0.030084 -0.108341  0.000548
  0.000548  0.419543 -0.086813 -0.289688  0.053901  0.053901  0.053901 -0.291078
  0.054836  0.054836  0.054836 -0.755974  0.412601 -0.739060  0.407624  0.465110
  0.116610 -0.054074 -0.072563 -0.008177 -0.043433 -0.053966 -0.069764 -0.026040
 -0.216284  0.016442  0.016442  0.334622 -0.107790  0.018744  0.018744  0.101607
 -0.014707 -0.014707 -0.013450  0.003218  0.003218  0.647546 -0.022705  0.266477
 -0.062090 -0.472721  0.090587  0.090587  0.090587 -0.041434 -0.093801  0.021805
  0.021805 -0.543245  0.190396 -0.154896  0.017474  0.017474  0.017474 -0.105085
  0.038099  0.038099 -0.158415  0.036620  0.036620 -0.065635 -0.005436 -0.005436
  0.472593  0.006863 -0.297099  0.059890  0.059890  0.059890  0.111468 -0.030084
 -0.030084 -0.108341  0.000548  0.000548  0.419543 -0.086813 -0.289688  0.053901
  0.053901  0.053901 -0.291078  0.054836  0.054836  0.054836 -0.755974  0.412601
 -0.739060  0.407624  0.465110  0.116610 -0.054074 -0.072563 -0.008177 -0.043433
 -0.053966 -0.069764 -0.026040 -0.216284  0.016442  0.016442  0.334622 -0.107790
  0.018744  0.018744  0.101607 -0.014707 -0.014707 -0.013450  0.003218  0.003218
  0.647546 -0.022705  0.266477 -0.062090 -0.472721  0.090587  0.090587  0.090587
 -0.041434 -0.093801  0.021805  0.021805 -0.543245  0.190396 -0.154896  0.017474
  0.017474  0.017474 -0.105085  0.038099  0.038099 -0.158415  0.036620  0.036620
 -0.065635 -0.005436 -0.005436  0.472593  0.006863 -0.297099  0.059890  0.059890
  0.059890  0.111468 -0.030084 -0.030084 -0.108341  0.000548  0.000548  0.419543
 -0.086813 -0.289688  0.053901  0.053901  0.053901 -0.291078  0.054836  0.054836
  0.054836 -0.755974  0.412601 -0.739060  0.407624  0.465110  0.116610 -0.054074
 -0.072563 -0.008177 -0.043433 -0.053966 -0.069764 -0.026040 -0.216284  0.016442
  0.016442  0.334622 -0.107790  0.018744  0.018744  0.101607 -0.014707 -0.014707
 -0.013450  0.003218  0.003218  0.647546 -0.022705  0.266477 -0.062090 -0.472721
  0.090587  0.090587  0.090587 -0.041434 -0.093801  0.021805  0.021805 -0.543245
  0.190396 -0.154896  0.017474  0.017474  0.017474 -0.105085  0.038099  0.038099
 -0.158415  0.036620  0.036620 -0.065635 -0.005436 -0.005436  0.472593  0.006863
 -0.297099  0.059890  0.059890  0.059890  0.111468 -0.030084 -0.030084 -0.108341
  0.000548  0.000548  0.419543 -0.086813 -0.289688  0.053901  0.053901  0.053901
 -0.291078  0.054836  0.054836  0.054836 -0.755974  0.412601 -0.739060  0.407624
  0.465110  0.116610 -0.054074 -0.072563 -0.008177 -0.043433 -0.053966 -0.069764
 -0.026040 -0.216284  0.016442  0.016442  0.334622 -0.107790  0.018744  0.018744
  0.101607 -0.014707 -0.014707 -0.013450  0.003218  0.003218  0.647546 -0.022705
  0.266477 -0.062090 -0.472721  0.090587  0.090587  0.090587 -0.041434 -0.093801
  0.021805  0.021805 -0.543245  0.190396 -0.154896  0.017474  0.017474  0.017474
 -0.105085  0.038099  0.038099 -0.158415  0.036620  0.036620 -0.065635 -0.005436
 -0.005436  0.472593  0.006863 -0.297099  0.059890  0.059890  0.059890  0.111468
 -0.030084 -0.030084 -0.108341  0.000548  0.000548  0.419543 -0.086813 -0.289688
  0.053901  0.053901  0.053901 -0.291078  0.054836  0.054836  0.054836 -0.755974
  0.412601 -0.739060  0.407624  0.465110  0.116610 -0.054074 -0.072563 -0.008177
 -0.043433 -0.053966 -0.069764 -0.026040 -0.216284  0.016442  0.016442  0.334622
 -0.107790  0.018744  0.018744  0.101607 -0.014707 -0.014707 -0.013450  0.003218
  0.003218  0.647546 -0.022705  0.266477 -0.062090 -0.472721  0.090587  0.090587
  0.090587 -0.041434 -0.093801  0.021805  0.021805 -0.543245  0.190396 -0.154896
  0.017474  0.017474  0.017474 -0.105085  0.038099  0.038099 -0.158415  0.036620
  0.036620 -0.065635 -0.005436 -0.005436  0.472593  0.006863 -0.297099  0.059890
  0.059890  0.059890  0.111468 -0.030084 -0.030084 -0.108341  0.000548  0.000548
  0.419543 -0.086813 -0.289688  0.053901  0.053901  0.053901 -0.291078  0.054836
  0.054836  0.054836 -0.755974  0.412601 -0.739060  0.407624  0.465110  0.116610
 -0.054074 -0.072563 -0.008177 -0.043433 -0.053966 -0.069764 -0.026040 -0.216284
  0.016442  0.016442  0.334622 -0.107790  0.018744  0.018744  0.101607 -0.014707
 -0.014707 -0.013450  0.003218  0.003218  0.647546 -0.022705  0.266477 -0.062090
 -0.472721  0.090587  0.090587  0.090587 -0.041434 -0.093801  0.021805  0.021805
 -0.543245  0.190396 -0.154896  0.017474  0.017474  0.017474 -0.105085  0.038099
  0.038099 -0.158415  0.036620  0.036620 -0.065635 -0.005436 -0.005436  0.472593
  0.006863 -0.297099  0.059890  0.059890  0.059890  0.111468 -0.030084 -0.030084
 -0.108341  0.000548  0.000548  0.419543 -0.086813 -0.289688  0.053901  0.053901
  0.053901 -0.291078  0.054836  0.054836  0.054836 -0.755974  0.412601 -0.739060
  0.407624  0.465110  0.116610 -0.054074 -0.072563 -0.008177 -0.043433 -0.053966
 -0.069764 -0.026040 -0.216284  0.016442  0.016442  0.334622 -0.107790  0.018744
  0.018744  0.101607 -0.014707 -0.014707 -0.013450  0.003218  0.003218  0.647546
 -0.022705  0.266477 -0.062090 -0.472721  0.090587  0.090587  0.090587 -0.041434
 -0.093801  0.021805  0.021805 -0.543245  0.190396 -0.154896  0.017474  0.017474
  0.017474 -0.105085  0.038099  0.038099 -0.158415  0.036620  0.036620 -0.065635
 -0.005436 -0.005436  0.472593  0.006863 -0.297099  0.059890  0.059890  0.059890
  0.111468 -0.030084 -0.030084 -0.108341  0.000548  0.000548  0.419543 -0.086813
 -0.289688  0.053901  0.053901  0.053901 -0.291078  0.054836  0.054836  0.054836
 -0.755974  0.412601 -0.739060  0.407624  0.465110  0.116610 -0.054074 -0.072563
 -0.008177 -0.043433 -0.053966 -0.069764 -0.026040 -0.216284  0.016442  0.016442
  0.334622 -0.107790  0.018744  0.018744  0.101607 -0.014707 -0.014707 -0.013450
  0.003218  0.003218  0.647546 -0.022705  0.266477 -0.062090 -0.472721  0.090587
  0.090587  0.090587 -0.041434 -0.093801  0.021805  0.021805 -0.543245  0.190396
 -0.154896  0.017474  0.017474  0.017474 -0.105085  0.038099  0.038099 -0.158415
  0.036620  0.036620 -0.065635 -0.005436 -0.005436  0.472593  0.006863 -0.297099
  0.059890  0.059890  0.059890  0.111468 -0.030084 -0.030084 -0.108341  0.000548
  0.000548  0.419543 -0.086813 -0.289688  0.053901  0.053901  0.053901 -0.291078
  0.054836  0.054836  0.054836 -0.755974  0.412601 -0.739060  0.407624  0.465110
  0.116610 -0.054074 -0.072563 -0.008177 -0.043433 -0.053966 -0.069764 -0.026040
 -0.216284  0.016442  0.016442  0.334622 -0.107790  0.018744  0.018744  0.101607
 -0.014707 -0.014707 -0.013450  0.003218  0.003218  0.647546 -0.022705  0.266477
 -0.062090 -0.472721  0.090587  0.090587  0.090587 -0.041434 -0.093801  0.021805
  0.021805 -0.543245  0.190396 -0.154896  0.017474  0.017474  0.017474 -0.105085
  0.038099  0.038099 -0.158415  0.036620  0.036620 -0.065635 -0.005436 -0.005436
  0.472593  0.006863 -0.297099  0.059890  0.059890  0.059890  0.111468 -0.030084
 -0.030084 -0.108341  0.000548  0.000548  0.419543 -0.086813 -0.289688  0.053901
  0.053901  0.053901 -0.291078  0.054836  0.054836  0.054836 -0.755974  0.412601
 -0.739060  0.407624  0.465110  0.116610 -0.054074 -0.072563 -0.008177 -0.043433
 -0.053966 -0.069764 -0.026040 -0.216284  0.016442  0.016442  0.334622 -0.107790
  0.018744  0.018744  0.101607 -0.014707 -0.014707 -0.013450  0.003218  0.003218
  0.647546 -0.022705  0.266477 -0.062090 -0.472721  0.090587  0.090587  0.090587
 -0.041434 -0.093801  0.021805  0.021805 -0.543245  0.190396 -0.154896  0.017474
  0.017474  0.017474 -0.105085  0.038099  0.038099 -0.158415  0.036620  0.036620
 -0.065635 -0.005436 -0.005436  0.472593  0.006863 -0.297099  0.059890  0.059890
  0.059890  0.111468 -0.030084 -0.030084 -0.108341  0.000548  0.000548  0.419543
 -0.086813 -0.289688  0.053901  0.053901  0.053901 -0.291078  0.054836  0.054836
  0.054836 -0.755974  0.412601 -0.739060  0.407624  0.465110  0.116610 -0.054074
 -0.072563 -0.008177 -0.043433 -0.053966 -0.069764 -0.026040 -0.216284  0.016442
  0.016442  0.334622 -0.107790  0.018744  0.018744  0.101607 -0.014707 -0.014707
 -0.013450  0.003218  0.003218  0.647546 -0.022705  0.266477 -0.062090 -0.472721
  0.090587  0.090587  0.090587 -0.041434 -0.093801  0.021805  0.021805 -0.543245
  0.190396 -0.154896  0.017474  0.017474  0.017474 -0.105085  0.038099  0.038099
 -0.158415  0.036620  0.036620 -0.065635 -0.005436 -0.005436  0.472593  0.006863
 -0.297099  0.059890  0.059890  0.059890  0.111468 -0.030084 -0.030084 -0.108341
  0.000548  0.000548  0.419543 -0.086813 -0.289688  0.053901  0.053901  0.053901
 -0.291078  0.054836  0.054836  0.054836 -0.755974  0.412601 -0.739060  0.407624
  0.465110  0.116610 -0.054074 -0.072563 -0.008177 -0.043433 -0.053966 -0.069764
 -0.026040 -0.216284  0.016442  0.016442  0.334622 -0.107790  0.018744  0.018744
  0.101607 -0.014707 -0.014707 -0.013450  0.003218  0.003218  0.647546 -0.022705
  0.266477 -0.062090 -0.472721  0.090587  0.090587  0.090587 -0.041434 -0.093801
  0.021805  0.021805 -0.543245  0.190396 -0.154896  0.017474  0.017474  0.017474
 -0.105085  0.038099  0.038099 -0.158415  0.036620  0.036620 -0.065635 -0.005436
 -0.005436  0.472593  0.006863 -0.297099  0.059890  0.059890  0.059890  0.111468
 -0.030084 -0.030084 -0.108341  0.000548  0.000548  0.419543 -0.086813 -0.289688
  0.053901  0.053901  0.053901 -0.291078  0.054836  0.054836  0.054836 -0.755974
  0.412601 -0.739060  0.407624  0.465110  0.116610 -0.054074 -0.072563 -0.008177
 -0.043433 -0.053966 -0.069764 -0.026040 -0.216284  0.016442  0.016442  0.334622
 -0.107790  0.018744  0.018744  0.101607 -0.014707 -0.014707 -0.013450  0.003218
  0.003218  0.647546 -0.022705  0.266477 -0.062090 -0.472721  0.090587  0.090587
  0.090587 -0.041434 -0.093801  0.021805  0.021805 -0.543245  0.190396 -0.154896
  0.017474  0.017474  0.017474 -0.105085  0.038099  0.038099 -0.158415  0.036620
  0.036620 -0.065635 -0.005436 -0.005436  0.472593  0.006863 -0.297099  0.059890
  0.059890  0.059890  0.111468 -0.030084 -0.030084 -0.108341  0.000548  0.000548
  0.419543 -0.086813 -0.289688  0.053901  0.053901  0.053901 -0.291078  0.054836
  0.054836  0.054836 -0.755974  0.412601 -0.739060  0.407624  0.465110  0.116610
 -0.054074 -0.072563 -0.008177 -0.043433 -0.053966 -0.069764 -0.026040 -0.216284
  0.016442  0.016442  0.334622 -0.107790  0.018744  0.018744  0.101607 -0.014707
 -0.014707 -0.013450  0.003218  0.003218  0.647546 -0.022705  0.266477 -0.062090
 -0.472721  0.090587  0.090587  0.090587 -0.041434 -0.093801  0.021805  0.021805
 -0.543245  0.190396 -0.154896  0.017474  0.017474  0.017474 -0.105085  0.038099
  0.038099 -0.158415  0.036620  0.036620 -0.065635 -0.005436 -0.005436  0.472593
  0.006863 -0.297099  0.059890  0.059890  0.059890  0.111468 -0.030084 -0.030084
 -0.108341  0.000548  0.000548  0.419543 -0.086813 -0.289688  0.053901  0.053901
  0.053901 -0.291078  0.054836  0.054836  0.054836 -0.755974  0.412601 -0.739060
  0.407624  0.465110  0.116610 -0.054074 -0.072563 -0.008177 -0.043433 -0.053966
 -0.069764 -0.026040 -0.216284  0.016442  0.016442  0.334622 -0.107790  0.018744
  0.018744  0.101607 -0.014707 -0.014707 -0.013450  0.003218  0.003218  0.647546
 -0.022705  0.266477 -0.062090 -0.472721  0.090587  0.090587  0.090587 -0.041434
 -0.093801  0.021805  0.021805 -0.543245  0.190396 -0.154896  0.017474  0.017474
  0.017474 -0.105085  0.038099  0.038099 -0.158415  0.036620  0.036620 -0.065635
 -0.005436 -0.005436  0.472593  0.006863 -0.297099  0.059890  0.059890  0.059890
  0.111468 -0.030084 -0.030084 -0.108341  0.000548  0.000548  0.419543 -0.086813
 -0.289688  0.053901  0.053901  0.053901 -0.291078  0.054836  0.054836  0.054836
 -0.755974  0.412601 -0.739060  0.407624  0.465110  0.116610 -0.054074 -0.072563
 -0.008177 -0.043433 -0.053966 -0.069764 -0.026040 -0.216284  0.016442  0.016442
  0.334622 -0.107790  0.018744  0.018744  0.101607 -0.014707 -0.014707 -0.013450
  0.003218  0.003218  0.647546 -0.022705  0.266477 -0.062090 -0.472721  0.090587
  0.090587  0.090587 -0.041434 -0.093801  0.021805  0.021805 -0.543245  0.190396
 -0.154896  0.017474  0.017474  0.017474 -0.105085  0.038099  0.038099 -0.158415
  0.036620  0.036620 -0.065635 -0.005436 -0.005436  0.472593  0.006863 -0.297099
  0.059890  0.059890  0.059890  0.111468 -0.030084 -0.030084 -0.108341  0.000548
  0.000548  0.419543 -0.086813 -0.289688  0.053901  0.053901  0.053901 -0.291078
  0.054836  0.054836  0.054836 -0.755974  0.412601 -0.739060  0.407624  0.465110
  0.116610 -0.054074 -0.072563 -0.008177 -0.043433 -0.053966 -0.069764 -0.026040
 -0.216284  0.016442  0.016442  0.334622 -0.107790  0.018744  0.018744  0.101607
 -0.014707 -0.014707 -0.013450  0.003218  0.003218  0.647546 -0.022705  0.266477
 -0.062090 -0.472721  0.090587  0.090587  0.090587 -0.041434 -0.093801  0.021805
  0.021805 -0.543245  0.190396 -0.154896  0.017474  0.017474  0.017474 -0.105085
  0.038099  0.038099 -0.158415  0.036620  0.036620 -0.065635 -0.005436 -0.005436
  0.472593  0.006863 -0.297099  0.059890  0.059890  0.059890  0.111468 -0.030084
 -0.030084 -0.108341  0.000548  0.000548  0.419543 -0.086813 -0.289688  0.053901
  0.053901  0.053901 -0.291078  0.054836  0.054836  0.054836 -0.755974  0.412601
 -0.739060  0.407624  0.465110  0.116610 -0.054074 -0.072563 -0.008177 -0.043433
 -0.053966 -0.069764 -0.026040 -0.216284  0.016442  0.016442  0.334622 -0.107790
  0.018744  0.018744  0.101607 -0.014707 -0.014707 -0.013450  0.003218  0.003218
  0.647546 -0.022705  0.266477 -0.062090 -0.472721  0.090587  0.090587  0.090587
 -0.041434 -0.093801  0.021805  0.021805 -0.543245  0.190396 -0.154896  0.017474
  0.017474  0.017474 -0.105085  0.038099  0.038099 -0.158415  0.036620  0.036620
 -0.065635 -0.005436 -0.005436  0.472593  0.006863 -0.297099  0.059890  0.059890
  0.059890  0.111468 -0.030084 -0.030084 -0.108341  0.000548  0.000548  0.419543
 -0.086813 -0.289688  0.053901  0.053901  0.053901 -0.291078  0.054836  0.054836
  0.054836 -0.755974  0.412601 -0.739060  0.407624  0.465110  0.116610 -0.054074
 -0.072563 -0.008177 -0.043433 -0.053966 -0.069764 -0.026040 -0.216284  0.016442
  0.016442  0.334622 -0.107790  0.018744  0.018744  0.101607 -0.014707 -0.014707
 -0.013450  0.003218  0.003218  0.647546 -0.022705  0.266477 -0.062090 -0.472721
  0.090587  0.090587  0.090587 -0.041434 -0.093801  0.021805  0.021805 -0.543245
  0.190396 -0.154896  0.017474  0.017474  0.017474 -0.105085  0.038099  0.038099
 -0.158415  0.036620  0.036620 -0.065635 -0.005436 -0.005436  0.472593  0.006863
 -0.297099  0.059890  0.059890  0.059890  0.111468 -0.030084 -0.030084 -0.108341
  0.000548  0.000548  0.419543 -0.086813 -0.289688  0.053901  0.053901  0.053901
 -0.291078  0.054836  0.054836  0.054836 -0.755974  0.412601 -0.739060  0.407624
  0.465110  0.116610 -0.054074 -0.072563 -0.008177 -0.043433 -0.053966 -0.069764
 -0.026040 -0.216284  0.016442  0.016442  0.334622 -0.107790  0.018744  0.018744
  0.101607 -0.014707 -0.014707 -0.013450  0.003218  0.003218  0.647546 -0.022705
  0.266477 -0.062090 -0.472721  0.090587  0.090587  0.090587 -0.041434 -0.093801
  0.021805  0.021805 -0.543245  0.190396 -0.154896  0.017474  0.017474  0.017474
 -0.105085  0.038099  0.038099 -0.158415  0.036620  0.036620 -0.065635 -0.005436
 -0.005436  0.472593  0.006863 -0.297099  0.059890  0.059890  0.059890  0.111468
 -0.030084 -0.030084 -0.108341  0.000548  0.000548  0.419543 -0.086813 -0.289688
  0.053901  0.053901  0.053901 -0.291078  0.054836  0.054836  0.054836 -0.755974
  0.412601 -0.739060  0.407624  0.465110  0.116610 -0.054074 -0.072563 -0.008177
 -0.043433 -0.053966 -0.069764 -0.026040 -0.216284  0.016442  0.016442  0.334622
 -0.107790  0.018744  0.018744  0.101607 -0.014707 -0.014707 -0.013450  0.003218
  0.003218  0.647546 -0.022705  0.266477 -0.062090 -0.472721  0.090587  0.090587
  0.090587 -0.041434 -0.093801  0.021805  0.021805 -0.543245  0.190396 -0.154896
  0.017474  0.017474  0.017474 -0.105085  0.038099  0.038099 -0.158415  0.036620
  0.036620 -0.065635 -0.005436 -0.005436  0.472593  0.006863 -0.297099  0.059890
  0.059890  0.059890  0.111468 -0.030084 -0.030084 -0.108341  0.000548  0.000548
  0.419543 -0.086813 -0.289688  0.053901  0.053901  0.053901 -0.291078  0.054836
  0.054836  0.054836 -0.755974  0.412601 -0.739060  0.407624  0.465110  0.116610
 -0.054074 -0.072563 -0.008177 -0.043433 -0.053966 -0.069764 -0.026040 -0.216284
  0.016442  0.016442  0.334622 -0.107790  0.018744  0.018744  0.101607 -0.014707
 -0.014707 -0.013450  0.003218  0.003218  0.647546 -0.022705  0.266477 -0.062090
 -0.472721  0.090587  0.090587  0.090587 -0.041434 -0.093801  0.021805  0.021805
 -0.543245  0.190396 -0.154896  0.017474  0.017474  0.017474 -0.105085  0.038099
  0.038099 -0.158415  0.036620  0.036620 -0.065635 -0.005436 -0.005436  0.472593
  0.006863 -0.297099  0.059890  0.059890  0.059890  0.111468 -0.030084 -0.030084
 -0.108341  0.000548  0.000548  0.419543 -0.086813 -0.289688  0.053901  0.053901
  0.053901 -0.291078  0.054836  0.054836  0.054836 -0.755974  0.412601 -0.739060
  0.407624  0.465110  0.116610 -0.054074 -0.072563 -0.008177 -0.043433 -0.053966
 -0.069764 -0.026040 -0.216284  0.016442  0.016442  0.334622 -0.107790  0.018744
  0.018744  0.101607 -0.014707 -0.014707 -0.013450  0.003218  0.003218  0.647546
 -0.022705  0.266477 -0.062090 -0.472721  0.090587  0.090587  0.090587 -0.041434
 -0.093801  0.021805  0.021805 -0.543245  0.190396 -0.154896  0.017474  0.017474
  0.017474 -0.105085  0.038099  0.038099 -0.158415  0.036620  0.036620 -0.065635
 -0.005436 -0.005436  0.472593  0.006863 -0.297099  0.059890  0.059890  0.059890
  0.111468 -0.030084 -0.030084 -0.108341  0.000548  0.000548  0.419543 -0.086813
 -0.289688  0.053901  0.053901  0.053901 -0.291078  0.054836  0.054836  0.054836
 -0.755974  0.412601 -0.739060  0.407624  0.465110  0.116610 -0.054074 -0.072563
 -0.008177 -0.043433 -0.053966 -0.069764 -0.026040 -0.216284  0.016442  0.016442
  0.334622 -0.107790  0.018744  0.018744  0.101607 -0.014707 -0.014707 -0.013450
  0.003218  0.003218  0.647546 -0.022705  0.266477 -0.062090 -0.472721  0.090587
  0.090587  0.090587 -0.041434 -0.093801  0.021805  0.021805 -0.543245  0.190396
 -0.154896  0.017474  0.017474  0.017474 -0.105085  0.038099  0.038099 -0.158415
  0.036620  0.036620 -0.065635 -0.005436 -0.005436  0.472593  0.006863 -0.297099
  0.059890  0.059890  0.059890  0.111468 -0.030084 -0.030084 -0.108341  0.000548
  0.000548  0.419543 -0.086813 -0.289688  0.053901  0.053901  0.053901 -0.291078
  0.054836  0.054836  0.054836 -0.755974  0.412601 -0.739060  0.407624  0.465110
  0.116610 -0.054074 -0.072563 -0.008177 -0.043433 -0.053966 -0.069764 -0.026040
 -0.216284  0.016442  0.016442  0.334622 -0.107790  0.018744  0.018744  0.101607
 -0.014707 -0.014707 -0.013450  0.003218  0.003218  0.647546 -0.022705  0.266477
 -0.062090 -0.472721  0.090587  0.090587  0.090587 -0.041434 -0.093801  0.021805
  0.021805 -0.543245  0.190396 -0.154896  0.017474  0.017474  0.017474 -0.105085
  0.038099  0.038099 -0.158415  0.036620  0.036620 -0.065635 -0.005436 -0.005436
  0.472593  0.006863 -0.297099  0.059890  0.059890  0.059890  0.111468 -0.030084
 -0.030084 -0.108341  0.000548  0.000548  0.419543 -0.086813 -0.289688  0.053901
  0.053901  0.053901 -0.291078  0.054836  0.054836  0.054836 -0.755974  0.412601
 -0.739060  0.407624  0.465110  0.116610 -0.054074 -0.072563 -0.008177 -0.043433
 -0.053966 -0.069764 -0.026040 -0.216284  0.016442  0.016442  0.334622 -0.107790
  0.018744  0.018744  0.101607 -0.014707 -0.014707 -0.013450  0.003218  0.003218
  0.647546 -0.022705  0.266477 -0.062090 -0.472721  0.090587  0.090587  0.090587
 -0.041434 -0.093801  0.021805  0.021805 -0.543245  0.190396 -0.154896  0.017474
  0.017474  0.017474 -0.105085  0.038099  0.038099 -0.158415  0.036620  0.036620
 -0.065635 -0.005436 -0.005436  0.472593  0.006863 -0.297099  0.059890  0.059890
  0.059890  0.111468 -0.030084 -0.030084 -0.108341  0.000548  0.000548  0.419543
 -0.086813 -0.289688  0.053901  0.053901  0.053901 -0.291078  0.054836  0.054836
  0.054836 -0.755974  0.412601 -0.739060  0.407624  0.465110  0.116610 -0.054074
 -0.072563 -0.008177 -0.043433 -0.053966 -0.069764 -0.026040 -0.216284  0.016442
  0.016442  0.334622 -0.107790  0.018744  0.018744  0.101607 -0.014707 -0.014707
 -0.013450  0.003218  0.003218  0.647546 -0.022705  0.266477 -0.062090 -0.472721
  0.090587  0.090587  0.090587 -0.041434 -0.093801  0.021805  0.021805 -0.543245
  0.190396 -0.154896  0.017474  0.017474  0.017474 -0.105085  0.038099  0.038099
 -0.158415  0.036620  0.036620 -0.065635 -0.005436 -0.005436  0.472593  0.006863
 -0.297099  0.059890  0.059890  0.059890  0.111468 -0.030084 -0.030084 -0.108341
  0.000548  0.000548  0.419543 -0.086813 -0.289688  0.053901  0.053901  0.053901
 -0.291078  0.054836  0.054836  0.054836 -0.755974  0.412601 -0.739060  0.407624
  0.465110  0.116610 -0.054074 -0.072563 -0.008177 -0.043433 -0.053966 -0.069764
 -0.026040 -0.216284  0.016442  0.016442  0.334622 -0.107790  0.018744  0.018744
  0.101607 -0.014707 -0.014707 -0.013450  0.003218  0.003218  0.647546 -0.022705
  0.266477 -0.062090 -0.472721  0.090587  0.090587  0.090587 -0.041434 -0.093801
  0.021805  0.021805 -0.543245  0.190396 -0.154896  0.017474  0.017474  0.017474
 -0.105085  0.038099  0.038099 -0.158415  0.036620  0.036620 -0.065635 -0.005436
 -0.005436  0.472593  0.006863 -0.297099  0.059890  0.059890  0.059890  0.111468
 -0.030084 -0.030084 -0.108341  0.000548  0.000548  0.419543 -0.086813 -0.289688
  0.053901  0.053901  0.053901 -0.291078  0.054836  0.054836  0.054836 -0.755974
  0.412601 -0.739060  0.407624  0.465110  0.116610 -0.054074 -0.072563 -0.008177
 -0.043433 -0.053966 -0.069764 -0.026040 -0.216284  0.016442  0.016442  0.334622
 -0.107790  0.018744  0.018744  0.101607 -0.014707 -0.014707 -0.013450  0.003218
  0.003218  0.647546 -0.022705  0.266477 -0.062090 -0.472721  0.090587  0.090587
  0.090587 -0.041434 -0.093801  0.021805  0.021805 -0.543245  0.190396 -0.154896
  0.017474  0.017474  0.017474 -0.105085  0.038099  0.038099 -0.158415  0.036620
  0.036620 -0.065635 -0.005436 -0.005436  0.472593  0.006863 -0.297099  0.059890
  0.059890  0.059890  0.111468 -0.030084 -0.030084 -0.108341  0.000548  0.000548
  0.419543 -0.086813 -0.289688  0.053901  0.053901  0.053901 -0.291078  0.054836
  0.054836  0.054836 -0.755974  0.412601 -0.739060  0.407624  0.465110  0.116610
 -0.054074 -0.072563 -0.008177 -0.043433 -0.053966 -0.069764 -0.026040 -0.216284
  0.016442  0.016442  0.334622 -0.107790  0.018744  0.018744  0.101607 -0.014707
 -0.014707 -0.013450  0.003218  0.003218  0.647546 -0.022705  0.266477 -0.062090
 -0.472721  0.090587  0.090587  0.090587 -0.041434 -0.093801  0.021805  0.021805
 -0.543245  0.190396 -0.154896  0.017474  0.017474  0.017474 -0.105085  0.038099
  0.038099 -0.158415  0.036620  0.036620 -0.065635 -0.005436 -0.005436  0.472593
  0.006863 -0.297099  0.059890  0.059890  0.059890  0.111468 -0.030084 -0.030084
 -0.108341  0.000548  0.000548  0.419543 -0.086813 -0.289688  0.053901  0.053901
  0.053901 -0.291078  0.054836  0.054836  0.054836 -0.755974  0.412601 -0.739060
  0.407624  0.465110  0.116610 -0.054074 -0.072563 -0.008177 -0.043433 -0.053966
 -0.069764 -0.026040 -0.216284  0.016442  0.016442  0.334622 -0.107790  0.018744
  0.018744  0.101607 -0.014707 -0.014707 -0.013450  0.003218  0.003218  0.647546
 -0.022705  0.266477 -0.062090 -0.472721  0.090587  0.090587  0.090587 -0.041434
 -0.093801  0.021805  0.021805 -0.543245  0.190396 -0.154896  0.017474  0.017474
  0.017474 -0.105085  0.038099  0.038099 -0.158415  0.036620  0.036620 -0.065635
 -0.005436 -0.005436  0.472593  0.006863 -0.297099  0.059890  0.059890  0.059890
  0.111468 -0.030084 -0.030084 -0.108341  0.000548  0.000548  0.419543 -0.086813
 -0.289688  0.053901  0.053901  0.053901 -0.291078  0.054836  0.054836  0.054836
 -0.755974  0.412601 -0.739060  0.407624  0.465110  0.116610 -0.054074 -0.072563
 -0.008177 -0.043433 -0.053966 -0.069764 -0.026040 -0.216284  0.016442  0.016442
  0.334622 -0.107790  0.018744  0.018744  0.101607 -0.014707 -0.014707 -0.013450
  0.003218  0.003218  0.647546 -0.022705  0.266477 -0.062090 -0.472721  0.090587
  0.090587  0.090587 -0.041434 -0.093801  0.021805  0.021805 -0.543245  0.190396
 -0.154896  0.017474  0.017474  0.017474 -0.105085  0.038099  0.038099 -0.158415
  0.036620  0.036620 -0.065635 -0.005436 -0.005436  0.472593  0.006863 -0.297099
  0.059890  0.059890  0.059890  0.111468 -0.030084 -0.030084 -0.108341  0.000548
  0.000548  0.419543 -0.086813 -0.289688  0.053901  0.053901  0.053901 -0.291078
  0.054836  0.054836  0.054836 -0.755974  0.412601 -0.739060  0.407624  0.465110
  0.116610 -0.054074 -0.072563 -0.008177 -0.043433 -0.053966 -0.069764 -0.026040
 -0.216284  0.016442  0.016442  0.334622 -0.107790  0.018744  0.018744  0.101607
 -0.014707 -0.014707 -0.013450  0.003218  0.003218  0.647546 -0.022705  0.266477
 -0.062090 -0.472721  0.090587  0.090587  0.090587 -0.041434 -0.093801  0.021805
  0.021805 -0.543245  0.190396 -0.154896  0.017474  0.017474  0.017474 -0.105085
  0.038099  0.038099 -0.158415  0.036620  0.036620 -0.065635 -0.005436 -0.005436
  0.472593  0.006863 -0.297099  0.059890  0.059890  0.059890  0.111468 -0.030084
 -0.030084 -0.108341  0.000548  0.000548  0.419543 -0.086813 -0.289688  0.053901
  0.053901  0.053901 -0.291078  0.054836  0.054836  0.054836 -0.755974  0.412601
 -0.739060  0.407624  0.465110  0.116610 -0.054074 -0.072563 -0.008177 -0.043433
 -0.053966 -0.069764 -0.026040 -0.216284  0.016442  0.016442  0.334622 -0.107790
  0.018744  0.018744  0.101607 -0.014707 -0.014707 -0.013450  0.003218  0.003218
  0.647546 -0.022705  0.266477 -0.062090 -0.472721  0.090587  0.090587  0.090587
 -0.041434 -0.093801  0.021805  0.021805 -0.543245  0.190396 -0.154896  0.017474
  0.017474  0.017474 -0.105085  0.038099  0.038099 -0.158415  0.036620  0.036620
 -0.065635 -0.005436 -0.005436  0.472593  0.006863 -0.297099  0.059890  0.059890
  0.059890  0.111468 -0.030084 -0.030084 -0.108341  0.000548  0.000548  0.419543
 -0.086813 -0.289688  0.053901  0.053901  0.053901 -0.291078  0.054836  0.054836
  0.054836 -0.755974  0.412601 -0.739060  0.407624  0.465110  0.116610 -0.054074
 -0.072563 -0.008177 -0.043433 -0.053966 -0.069764 -0.026040 -0.216284  0.016442
  0.016442  0.334622 -0.107790  0.018744  0.018744  0.101607 -0.014707 -0.014707
 -0.013450  0.003218  0.003218  0.647546 -0.022705  0.266477 -0.062090 -0.472721
  0.090587  0.090587  0.090587 -0.041434 -0.093801  0.021805  0.021805 -0.543245
  0.190396 -0.154896  0.017474  0.017474  0.017474 -0.105085  0.038099  0.038099
 -0.158415  0.036620  0.036620 -0.065635 -0.005436 -0.005436  0.472593  0.006863
 -0.297099  0.059890  0.059890  0.059890  0.111468 -0.030084 -0.030084 -0.108341
  0.000548  0.000548  0.419543 -0.086813 -0.289688  0.053901  0.053901  0.053901
 -0.291078  0.054836  0.054836  0.054836 -0.755974  0.412601 -0.739060  0.407624
  0.465110  0.116610 -0.054074 -0.072563 -0.008177 -0.043433 -0.053966 -0.069764
 -0.026040 -0.216284  0.016442  0.016442  0.334622 -0.107790  0.018744  0.018744
  0.101607 -0.014707 -0.014707 -0.013450  0.003218  0.003218  0.647546 -0.022705
  0.266477 -0.062090 -0.472721  0.090587  0.090587  0.090587 -0.041434 -0.093801
  0.021805  0.021805 -0.543245  0.190396 -0.154896  0.017474  0.017474  0.017474
 -0.105085  0.038099  0.038099 -0.158415  0.036620  0.036620 -0.065635 -0.005436
 -0.005436  0.472593  0.006863 -0.297099  0.059890  0.059890  0.059890  0.111468
 -0.030084 -0.030084 -0.108341  0.000548  0.000548  0.419543 -0.086813 -0.289688
  0.053901  0.053901  0.053901 -0.291078  0.054836  0.054836  0.054836 -0.755974
  0.412601 -0.739060  0.407624  0.465110  0.116610 -0.054074 -0.072563 -0.008177
 -0.043433 -0.053966 -0.069764 -0.026040 -0.216284  0.016442  0.016442  0.334622
 -0.107790  0.018744  0.018744  0.101607 -0.014707 -0.014707 -0.013450  0.003218
  0.003218  0.647546 -0.022705  0.266477 -0.062090 -0.472721  0.090587  0.090587
  0.090587 -0.041434 -0.093801  0.021805  0.021805 -0.543245  0.190396 -0.154896
  0.017474  0.017474  0.017474 -0.105085  0.038099  0.038099 -0.158415  0.036620
  0.036620 -0.065635 -0.005436 -0.005436  0.472593  0.006863 -0.297099  0.059890
  0.059890  0.059890  0.111468 -0.030084 -0.030084 -0.108341  0.000548  0.000548
  0.419543 -0.086813 -0.289688  0.053901  0.053901  0.053901 -0.291078  0.054836
  0.054836  0.054836 -0.755974  0.412601 -0.739060  0.407624  0.465110  0.116610
 -0.054074 -0.072563 -0.008177 -0.043433 -0.053966 -0.069764 -0.026040 -0.216284
  0.016442  0.016442  0.334622 -0.107790  0.018744  0.018744  0.101607 -0.014707
 -0.014707 -0.013450  0.003218  0.003218  0.647546 -0.022705  0.266477 -0.062090
 -0.472721  0.090587  0.090587  0.090587 -0.041434 -0.093801  0.021805  0.021805
 -0.543245  0.190396 -0.154896  0.017474  0.017474  0.017474 -0.105085  0.038099
  0.038099 -0.158415  0.036620  0.036620 -0.065635 -0.005436 -0.005436  0.472593
  0.006863 -0.297099  0.059890  0.059890  0.059890  0.111468 -0.030084 -0.030084
 -0.108341  0.000548  0.000548  0.419543 -0.086813 -0.289688  0.053901  0.053901
  0.053901 -0.291078  0.054836  0.054836  0.054836 -0.755974  0.412601 -0.739060
  0.407624  0.465110  0.116610 -0.054074 -0.072563 -0.008177 -0.043433 -0.053966
 -0.069764 -0.026040 -0.216284  0.016442  0.016442  0.334622 -0.107790  0.018744
  0.018744  0.101607 -0.014707 -0.014707 -0.013450  0.003218  0.003218  0.647546
 -0.022705  0.266477 -0.062090 -0.472721  0.090587  0.090587  0.090587 -0.041434
 -0.093801  0.021805  0.021805 -0.543245  0.190396 -0.154896  0.017474  0.017474
  0.017474 -0.105085  0.038099  0.038099 -0.158415  0.036620  0.036620 -0.065635
 -0.005436 -0.005436  0.472593  0.006863 -0.297099  0.059890  0.059890  0.059890
  0.111468 -0.030084 -0.030084 -0.108341  0.000548  0.000548  0.419543 -0.086813
 -0.289688  0.053901  0.053901  0.053901 -0.291078  0.054836  0.054836  0.054836
 -0.755974  0.412601 -0.739060  0.407624  0.465110  0.116610 -0.054074 -0.072563
 -0.008177 -0.043433 -0.053966 -0.069764 -0.026040 -0.216284  0.016442  0.016442
  0.334622 -0.107790  0.018744  0.018744  0.101607 -0.014707 -0.014707 -0.013450
  0.003218  0.003218  0.647546 -0.022705  0.266477 -0.062090 -0.472721  0.090587
  0.090587  0.090587 -0.041434 -0.093801  0.021805  0.021805 -0.543245  0.190396
 -0.154896  0.017474  0.017474  0.017474 -0.105085  0.038099  0.038099 -0.158415
  0.036620  0.036620 -0.065635 -0.005436 -0.005436  0.472593  0.006863 -0.297099
  0.059890  0.059890  0.059890  0.111468 -0.030084 -0.030084 -0.108341  0.000548
  0.000548  0.419543 -0.086813 -0.289688  0.053901  0.053901  0.053901 -0.291078
  0.054836  0.054836  0.054836 -0.755974  0.412601 -0.739060  0.407624  0.465110
  0.116610 -0.054074 -0.072563 -0.008177 -0.043433 -0.053966 -0.069764 -0.026040
 -0.216284  0.016442  0.016442  0.334622 -0.107790  0.018744  0.018744  0.101607
 -0.014707 -0.014707 -0.013450  0.003218  0.003218  0.647546 -0.022705  0.266477
 -0.062090 -0.472721  0.090587  0.090587  0.090587 -0.041434 -0.093801  0.021805
  0.021805 -0.543245  0.190396 -0.154896  0.017474  0.017474  0.017474 -0.105085
  0.038099  0.038099 -0.158415  0.036620  0.036620 -0.065635 -0.005436 -0.005436
  0.472593  0.006863 -0.297099  0.059890  0.059890  0.059890  0.111468 -0.030084
 -0.030084 -0.108341  0.000548  0.000548  0.419543 -0.086813 -0.289688  0.053901
  0.053901  0.053901 -0.291078  0.054836  0.054836  0.054836 -0.755974  0.412601
 -0.739060  0.407624  0.465110  0.116610 -0.054074 -0.072563 -0.008177 -0.043433
 -0.053966 -0.069764 -0.026040 -0.216284  0.016442  0.016442  0.334622 -0.107790
  0.018744  0.018744  0.101607 -0.014707 -0.014707 -0.013450  0.003218  0.003218
  0.647546 -0.022705  0.266477 -0.062090 -0.472721  0.090587  0.090587  0.090587
 -0.041434 -0.093801  0.021805  0.021805 -0.543245  0.190396 -0.154896  0.017474
  0.017474  0.017474 -0.105085  0.038099  0.038099 -0.158415  0.036620  0.036620
 -0.065635 -0.005436 -0.005436  0.472593  0.006863 -0.297099  0.059890  0.059890
  0.059890  0.111468 -0.030084 -0.030084 -0.108341  0.000548  0.000548  0.419543
 -0.086813 -0.289688  0.053901  0.053901  0.053901 -0.291078  0.054836  0.054836
  0.054836 -0.755974  0.412601 -0.739060  0.407624  0.465110  0.116610 -0.054074
 -0.072563 -0.008177 -0.043433 -0.053966 -0.069764 -0.026040 -0.216284  0.016442
  0.016442  0.334622 -0.107790  0.018744  0.018744  0.101607 -0.014707 -0.014707
 -0.013450  0.003218  0.003218  0.647546 -0.022705  0.266477 -0.062090 -0.472721
  0.090587  0.090587  0.090587 -0.041434 -0.093801  0.021805  0.021805 -0.543245
  0.190396 -0.154896  0.017474  0.017474  0.017474 -0.105085  0.038099  0.038099
 -0.158415  0.036620  0.036620 -0.065635 -0.005436 -0.005436  0.472593  0.006863
 -0.297099  0.059890  0.059890  0.059890  0.111468 -0.030084 -0.030084 -0.108341
  0.000548  0.000548  0.419543 -0.086813 -0.289688  0.053901  0.053901  0.053901
 -0.291078  0.054836  0.054836  0.054836 -0.755974  0.412601 -0.739060  0.407624
  0.465110  0.116610 -0.054074 -0.072563 -0.008177 -0.043433 -0.053966 -0.069764
 -0.026040 -0.216284  0.016442  0.016442  0.334622 -0.107790  0.018744  0.018744
  0.101607 -0.014707 -0.014707 -0.013450  0.003218  0.003218  0.647546 -0.022705
  0.266477 -0.062090 -0.472721  0.090587  0.090587  0.090587 -0.041434 -0.093801
  0.021805  0.021805 -0.543245  0.190396 -0.154896  0.017474  0.017474  0.017474
 -0.105085  0.038099  0.038099 -0.158415  0.036620  0.036620 -0.065635 -0.005436
 -0.005436  0.472593  0.006863 -0.297099  0.059890  0.059890  0.059890  0.111468
 -0.030084 -0.030084 -0.108341  0.000548  0.000548  0.419543 -0.086813 -0.289688
  0.053901  0.053901  0.053901 -0.291078  0.054836  0.054836  0.054836 -0.755974
  0.412601 -0.739060  0.407624  0.465110  0.116610 -0.054074 -0.072563 -0.008177
 -0.043433 -0.053966 -0.069764 -0.026040 -0.216284  0.016442  0.016442  0.334622
 -0.107790  0.018744  0.018744  0.101607 -0.014707 -0.014707 -0.013450  0.003218
  0.003218  0.647546 -0.022705  0.266477 -0.062090 -0.472721  0.090587  0.090587
  0.090587 -0.041434 -0.093801  0.021805  0.021805 -0.543245  0.190396 -0.154896
  0.017474  0.017474  0.017474 -0.105085  0.038099  0.038099 -0.158415  0.036620
  0.036620 -0.065635 -0.005436 -0.005436  0.472593  0.006863 -0.297099  0.059890
  0.059890  0.059890  0.111468 -0.030084 -0.030084 -0.108341  0.000548  0.000548
  0.419543 -0.086813 -0.289688  0.053901  0.053901  0.053901 -0.291078  0.054836
  0.054836  0.054836 -0.755974  0.412601 -0.739060  0.407624  0.465110  0.116610
 -0.054074 -0.072563 -0.008177 -0.043433 -0.053966 -0.069764 -0.026040 -0.216284
  0.016442  0.016442  0.334622 -0.107790  0.018744  0.018744  0.101607 -0.014707
 -0.014707 -0.013450  0.003218  0.003218  0.647546 -0.022705  0.266477 -0.062090
 -0.472721  0.090587  0.090587  0.090587 -0.041434 -0.093801  0.021805  0.021805
 -0.543245  0.190396 -0.154896  0.017474  0.017474  0.017474 -0.105085  0.038099
  0.038099 -0.158415  0.036620  0.036620 -0.065635 -0.005436 -0.005436  0.472593
  0.006863 -0.297099  0.059890  0.059890  0.059890  0.111468 -0.030084 -0.030084
 -0.108341  0.000548  0.000548  0.419543 -0.086813 -0.289688  0.053901  0.053901
  0.053901 -0.291078  0.054836  0.054836  0.054836 -0.755974  0.412601 -0.739060
  0.407624  0.465110  0.116610 -0.054074 -0.072563 -0.008177 -0.043433 -0.053966
 -0.069764 -0.026040 -0.216284  0.016442  0.016442  0.334622 -0.107790  0.018744
  0.018744  0.101607 -0.014707 -0.014707 -0.013450  0.003218  0.003218  0.647546
 -0.022705  0.266477 -0.062090 -0.472721  0.090587  0.090587  0.090587 -0.041434
 -0.093801  0.021805  0.021805 -0.543245  0.190396 -0.154896  0.017474  0.017474
  0.017474 -0.105085  0.038099  0.038099 -0.158415  0.036620  0.036620 -0.065635
 -0.005436 -0.005436  0.472593  0.006863 -0.297099  0.059890  0.059890  0.059890
  0.111468 -0.030084 -0.030084 -0.108341  0.000548  0.000548  0.419543 -0.086813
 -0.289688  0.053901  0.053901  0.053901 -0.291078  0.054836  0.054836  0.054836
 -0.755974  0.412601 -0.739060  0.407624  0.465110  0.116610 -0.054074 -0.072563
 -0.008177 -0.043433 -0.053966 -0.069764 -0.026040 -0.216284  0.016442  0.016442
  0.334622 -0.107790  0.018744  0.018744  0.101607 -0.014707 -0.014707 -0.013450
  0.003218  0.003218  0.647546 -0.022705  0.266477 -0.062090 -0.472721  0.090587
  0.090587  0.090587 -0.041434 -0.093801  0.021805  0.021805 -0.543245  0.190396
 -0.154896  0.017474  0.017474  0.017474 -0.105085  0.038099  0.038099 -0.158415
  0.036620  0.036620 -0.065635 -0.005436 -0.005436  0.472593  0.006863 -0.297099
  0.059890  0.059890  0.059890  0.111468 -0.030084 -0.030084 -0.108341  0.000548
  0.000548  0.419543 -0.086813 -0.289688  0.053901  0.053901  0.053901 -0.291078
  0.054836  0.054836  0.054836 -0.755974  0.412601 -0.739060  0.407624  0.465110
  0.116610 -0.054074 -0.072563 -0.008177 -0.043433 -0.053966 -0.069764 -0.026040
 -0.216284  0.016442  0.016442  0.334622 -0.107790  0.018744  0.018744  0.101607
 -0.014707 -0.014707 -0.013450  0.003218  0.003218  0.647546 -0.022705  0.266477
 -0.062090 -0.472721  0.090587  0.090587  0.090587 -0.041434 -0.093801  0.021805
  0.021805 -0.543245  0.190396 -0.154896  0.017474  0.017474  0.017474 -0.105085
  0.038099  0.038099 -0.158415  0.036620  0.036620 -0.065635 -0.005436 -0.005436
  0.472593  0.006863 -0.297099  0.059890  0.059890  0.059890  0.111468 -0.030084
 -0.030084 -0.108341  0.000548  0.000548  0.419543 -0.086813 -0.289688  0.053901
  0.053901  0.053901 -0.291078  0.054836  0.054836  0.054836 -0.755974  0.412601
 -0.739060  0.407624  0.465110  0.116610 -0.054074 -0.072563 -0.008177 -0.043433
 -0.053966 -0.069764 -0.026040 -0.216284  0.016442  0.016442  0.334622 -0.107790
  0.018744  0.018744  0.101607 -0.014707 -0.014707 -0.013450  0.003218  0.003218
  0.647546 -0.022705  0.266477 -0.062090 -0.472721  0.090587  0.090587  0.090587
 -0.041434 -0.093801  0.021805  0.021805 -0.543245  0.190396 -0.154896  0.017474
  0.017474  0.017474 -0.105085  0.038099  0.038099 -0.158415  0.036620  0.036620
 -0.065635 -0.005436 -0.005436  0.472593  0.006863 -0.297099  0.059890  0.059890
  0.059890  0.111468 -0.030084 -0.030084 -0.108341  0.000548  0.000548  0.419543
 -0.086813 -0.289688  0.053901  0.053901  0.053901 -0.291078  0.054836  0.054836
  0.054836 -0.755974  0.412601 -0.739060  0.407624  0.465110  0.116610 -0.054074
 -0.072563 -0.008177 -0.043433 -0.053966 -0.069764 -0.026040 -0.216284  0.016442
  0.016442  0.334622 -0.107790  0.018744  0.018744  0.101607 -0.014707 -0.014707
 -0.013450  0.003218  0.003218  0.647546 -0.022705  0.266477 -0.062090 -0.472721
  0.090587  0.090587  0.090587 -0.041434 -0.093801  0.021805  0.021805 -0.543245
  0.190396 -0.154896  0.017474  0.017474  0.017474 -0.105085  0.038099  0.038099
 -0.158415  0.036620  0.036620 -0.065635 -0.005436 -0.005436  0.472593  0.006863
 -0.297099  0.059890  0.059890  0.059890  0.111468 -0.030084 -0.030084 -0.108341
  0.000548  0.000548  0.419543 -0.086813 -0.289688  0.053901  0.053901  0.053901
 -0.291078  0.054836  0.054836  0.054836 -0.755974  0.412601 -0.739060  0.407624
  0.465110  0.116610 -0.054074 -0.072563 -0.008177 -0.043433 -0.053966 -0.069764
 -0.026040 -0.216284  0.016442  0.016442  0.334622 -0.107790  0.018744  0.018744
  0.101607 -0.014707 -0.014707 -0.013450  0.003218  0.003218  0.647546 -0.022705
  0.266477 -0.062090 -0.472721  0.090587  0.090587  0.090587 -0.041434 -0.093801
  0.021805  0.021805 -0.543245  0.190396 -0.154896  0.017474  0.017474  0.017474
 -0.105085  0.038099  0.038099 -0.158415  0.036620  0.036620 -0.065635 -0.005436
 -0.005436  0.472593  0.006863 -0.297099  0.059890  0.059890  0.059890  0.111468
 -0.030084 -0.030084 -0.108341  0.000548  0.000548  0.419543 -0.086813 -0.289688
  0.053901  0.053901  0.053901 -0.291078  0.054836  0.054836  0.054836 -0.755974
  0.412601 -0.739060  0.407624  0.465110  0.116610 -0.054074 -0.072563 -0.008177
 -0.043433 -0.053966 -0.069764 -0.026040 -0.216284  0.016442  0.016442  0.334622
 -0.107790  0.018744  0.018744  0.101607 -0.014707 -0.014707 -0.013450  0.003218
  0.003218  0.647546 -0.022705  0.266477 -0.062090 -0.472721  0.090587  0.090587
  0.090587 -0.041434 -0.093801  0.021805  0.021805 -0.543245  0.190396 -0.154896
  0.017474  0.017474  0.017474 -0.105085  0.038099  0.038099 -0.158415  0.036620
  0.036620 -0.065635 -0.005436 -0.005436  0.472593  0.006863 -0.297099  0.059890
  0.059890  0.059890  0.111468 -0.030084 -0.030084 -0.108341  0.000548  0.000548
  0.419543 -0.086813 -0.289688  0.053901  0.053901  0.053901 -0.291078  0.054836
  0.054836  0.054836 -0.755974  0.412601 -0.739060  0.407624  0.465110  0.116610
 -0.054074 -0.072563 -0.008177 -0.043433 -0.053966 -0.069764 -0.026040 -0.216284
  0.016442  0.016442  0.334622 -0.107790  0.018744  0.018744  0.101607 -0.014707
 -0.014707 -0.013450  0.003218  0.003218  0.647546 -0.022705  0.266477 -0.062090
 -0.472721  0.090587  0.090587  0.090587 -0.041434 -0.093801  0.021805  0.021805
 -0.543245  0.190396 -0.154896  0.017474  0.017474  0.017474 -0.105085  0.038099
  0.038099 -0.158415  0.036620  0.036620 -0.065635 -0.005436 -0.005436  0.472593
  0.006863 -0.297099  0.059890  0.059890  0.059890  0.111468 -0.030084 -0.030084
 -0.108341  0.000548  0.000548  0.419543 -0.086813 -0.289688  0.053901  0.053901
  0.053901 -0.291078  0.054836  0.054836  0.054836 -0.755974  0.412601 -0.739060
  0.407624  0.465110  0.116610 -0.054074 -0.072563 -0.008177 -0.043433 -0.053966
 -0.069764 -0.026040 -0.216284  0.016442  0.016442  0.334622 -0.107790  0.018744
  0.018744  0.101607 -0.014707 -0.014707 -0.013450  0.003218  0.003218  0.647546
 -0.022705  0.266477 -0.062090 -0.472721  0.090587  0.090587  0.090587 -0.041434
 -0.093801  0.021805  0.021805 -0.543245  0.190396 -0.154896  0.017474  0.017474
  0.017474 -0.105085  0.038099  0.038099 -0.158415  0.036620  0.036620 -0.065635
 -0.005436 -0.005436  0.472593  0.006863 -0.297099  0.059890  0.059890  0.059890
  0.111468 -0.030084 -0.030084 -0.108341  0.000548  0.000548  0.419543 -0.086813
 -0.289688  0.053901  0.053901  0.053901 -0.291078  0.054836  0.054836  0.054836
 -0.755974  0.412601 -0.739060  0.407624  0.465110  0.116610 -0.054074 -0.072563
 -0.008177 -0.043433 -0.053966 -0.069764 -0.026040 -0.216284  0.016442  0.016442
  0.334622 -0.107790  0.018744  0.018744  0.101607 -0.014707 -0.014707 -0.013450
  0.003218  0.003218  0.647546 -0.022705  0.266477 -0.062090 -0.472721  0.090587
  0.090587  0.090587 -0.041434 -0.093801  0.021805  0.021805 -0.543245  0.190396
 -0.154896  0.017474  0.017474  0.017474 -0.105085  0.038099  0.038099 -0.158415
  0.036620  0.036620 -0.065635 -0.005436 -0.005436  0.472593  0.006863 -0.297099
  0.059890  0.059890  0.059890  0.111468 -0.030084 -0.030084 -0.108341  0.000548
  0.000548  0.419543 -0.086813 -0.289688  0.053901  0.053901  0.053901 -0.291078
  0.054836  0.054836  0.054836 -0.755974  0.412601 -0.739060  0.407624  0.465110
  0.116610 -0.054074 -0.072563 -0.008177 -0.043433 -0.053966 -0.069764 -0.026040
 -0.216284  0.016442  0.016442  0.334622 -0.107790  0.018744  0.018744  0.101607
 -0.014707 -0.014707 -0.013450  0.003218  0.003218  0.647546 -0.022705  0.266477
 -0.062090 -0.472721  0.090587  0.090587  0.090587 -0.041434 -0.093801  0.021805
  0.021805 -0.543245  0.190396 -0.154896  0.017474  0.017474  0.017474 -0.105085
  0.038099  0.038099 -0.158415  0.036620  0.036620 -0.065635 -0.005436 -0.005436
  0.472593  0.006863 -0.297099  0.059890  0.059890  0.059890  0.111468 -0.030084
 -0.030084 -0.108341  0.000548  0.000548  0.419543 -0.086813 -0.289688  0.053901
  0.053901  0.053901 -0.291078  0.054836  0.054836  0.054836 -0.755974  0.412601
 -0.739060  0.407624  0.465110  0.116610 -0.054074 -0.072563 -0.008177 -0.043433
 -0.053966 -0.069764 -0.026040 -0.216284  0.016442  0.016442  0.334622 -0.107790
  0.018744  0.018744  0.101607 -0.014707 -0.014707 -0.013450  0.003218  0.003218
  0.647546 -0.022705  0.266477 -0.062090 -0.472721  0.090587  0.090587  0.090587
 -0.041434 -0.093801  0.021805  0.021805 -0.543245  0.190396 -0.154896  0.017474
  0.017474  0.017474 -0.105085  0.038099  0.038099 -0.158415  0.036620  0.036620
 -0.065635 -0.005436 -0.005436  0.472593  0.006863 -0.297099  0.059890  0.059890
  0.059890  0.111468 -0.030084 -0.030084 -0.108341  0.000548  0.000548  0.419543
 -0.086813 -0.289688  0.053901  0.053901  0.053901 -0.291078  0.054836  0.054836
  0.054836 -0.755974  0.412601 -0.739060  0.407624  0.465110  0.116610 -0.054074
 -0.072563 -0.008177 -0.043433 -0.053966 -0.069764 -0.026040 -0.216284  0.016442
  0.016442  0.334622 -0.107790  0.018744  0.018744  0.101607 -0.014707 -0.014707
 -0.013450  0.003218  0.003218  0.647546 -0.022705  0.266477 -0.062090 -0.472721
  0.090587  0.090587  0.090587 -0.041434 -0.093801  0.021805  0.021805 -0.543245
  0.190396 -0.154896  0.017474  0.017474  0.017474 -0.105085  0.038099  0.038099
 -0.158415  0.036620  0.036620 -0.065635 -0.005436 -0.005436  0.472593  0.006863
 -0.297099  0.059890  0.059890  0.059890  0.111468 -0.030084 -0.030084 -0.108341
  0.000548  0.000548  0.419543 -0.086813 -0.289688  0.053901  0.053901  0.053901
 -0.291078  0.054836  0.054836  0.054836 -0.755974  0.412601 -0.739060  0.407624
  0.465110  0.116610 -0.054074 -0.072563 -0.008177 -0.043433 -0.053966 -0.069764
 -0.026040 -0.216284  0.016442  0.016442  0.334622 -0.107790  0.018744  0.018744
  0.101607 -0.014707 -0.014707 -0.013450  0.003218  0.003218  0.647546 -0.022705
  0.266477 -0.062090 -0.472721  0.090587  0.090587  0.090587 -0.041434 -0.093801
  0.021805  0.021805 -0.543245  0.190396 -0.154896  0.017474  0.017474  0.017474
 -0.105085  0.038099  0.038099 -0.158415  0.036620  0.036620 -0.065635 -0.005436
 -0.005436  0.472593  0.006863 -0.297099  0.059890  0.059890  0.059890  0.111468
 -0.030084 -0.030084 -0.108341  0.000548  0.000548  0.419543 -0.086813 -0.289688
  0.053901  0.053901  0.053901 -0.291078  0.054836  0.054836  0.054836 -0.755974
  0.412601 -0.739060  0.407624  0.465110  0.116610 -0.054074 -0.072563 -0.008177
 -0.043433 -0.053966 -0.069764 -0.026040 -0.216284  0.016442  0.016442  0.334622
 -0.107790  0.018744  0.018744  0.101607 -0.014707 -0.014707 -0.013450  0.003218
  0.003218  0.647546 -0.022705  0.266477 -0.062090 -0.472721  0.090587  0.090587
  0.090587 -0.041434 -0.093801  0.021805  0.021805 -0.543245  0.190396 -0.154896
  0.017474  0.017474  0.017474 -0.105085  0.038099  0.038099 -0.158415  0.036620
  0.036620 -0.065635 -0.005436 -0.005436  0.472593  0.006863 -0.297099  0.059890
  0.059890  0.059890  0.111468 -0.030084 -0.030084 -0.108341  0.000548  0.000548
  0.419543 -0.086813 -0.289688  0.053901  0.053901  0.053901 -0.291078  0.054836
  0.054836  0.054836 -0.755974  0.412601 -0.739060  0.407624  0.465110  0.116610
 -0.054074 -0.072563 -0.008177 -0.043433 -0.053966 -0.069764 -0.026040 -0.216284
  0.016442  0.016442  0.334622 -0.107790  0.018744  0.018744  0.101607 -0.014707
 -0.014707 -0.013450  0.003218  0.003218  0.647546 -0.022705  0.266477 -0.062090
 -0.472721  0.090587  0.090587  0.090587 -0.041434 -0.093801  0.021805  0.021805
 -0.543245  0.190396 -0.154896  0.017474  0.017474  0.017474 -0.105085  0.038099
  0.038099 -0.158415  0.036620  0.036620 -0.065635 -0.005436 -0.005436  0.472593
  0.006863 -0.297099  0.059890  0.059890  0.059890  0.111468 -0.030084 -0.030084
 -0.108341  0.000548  0.000548  0.419543 -0.086813 -0.289688  0.053901  0.053901
  0.053901 -0.291078  0.054836  0.054836  0.054836 -0.755974  0.412601 -0.739060
  0.407624  0.465110  0.116610 -0.054074 -0.072563 -0.008177 -0.043433 -0.053966
 -0.069764 -0.026040 -0.216284  0.016442  0.016442  0.334622 -0.107790  0.018744
  0.018744  0.101607 -0.014707 -0.014707 -0.013450  0.003218  0.003218  0.647546
 -0.022705  0.266477 -0.062090 -0.472721  0.090587  0.090587  0.090587 -0.041434
 -0.093801  0.021805  0.021805 -0.543245  0.190396 -0.154896  0.017474  0.017474
  0.017474 -0.105085  0.038099  0.038099 -0.158415  0.036620  0.036620 -0.065635
 -0.005436 -0.005436  0.472593  0.006863 -0.297099  0.059890  0.059890  0.059890
  0.111468 -0.030084 -0.030084 -0.108341  0.000548  0.000548  0.419543 -0.086813
 -0.289688  0.053901  0.053901  0.053901 -0.291078  0.054836  0.054836  0.054836
 -0.755974  0.412601 -0.739060  0.407624  0.465110  0.116610 -0.054074 -0.072563
 -0.008177 -0.043433 -0.053966 -0.069764 -0.026040 -0.216284  0.016442  0.016442
  0.334622 -0.107790  0.018744  0.018744  0.101607 -0.014707 -0.014707 -0.013450
  0.003218  0.003218  0.647546 -0.022705  0.266477 -0.062090 -0.472721  0.090587
  0.090587  0.090587 -0.041434 -0.093801  0.021805  0.021805 -0.543245  0.190396
 -0.154896  0.017474  0.017474  0.017474 -0.105085  0.038099  0.038099 -0.158415
  0.036620  0.036620 -0.065635 -0.005436 -0.005436  0.472593  0.006863 -0.297099
  0.059890  0.059890  0.059890  0.111468 -0.030084 -0.030084 -0.108341  0.000548
  0.000548  0.419543 -0.086813 -0.289688  0.053901  0.053901  0.053901 -0.291078
  0.054836  0.054836  0.054836 -0.755974  0.412601 -0.739060  0.407624  0.465110
  0.116610 -0.054074 -0.072563 -0.008177 -0.043433 -0.053966 -0.069764 -0.026040
 -0.216284  0.016442  0.016442  0.334622 -0.107790  0.018744  0.018744  0.101607
 -0.014707 -0.014707 -0.013450  0.003218  0.003218  0.647546 -0.022705  0.266477
 -0.062090 -0.472721  0.090587  0.090587  0.090587 -0.041434 -0.093801  0.021805
  0.021805 -0.543245  0.190396 -0.154896  0.017474  0.017474  0.017474 -0.105085
  0.038099  0.038099 -0.158415  0.036620  0.036620 -0.065635 -0.005436 -0.005436
  0.472593  0.006863 -0.297099  0.059890  0.059890  0.059890  0.111468 -0.030084
 -0.030084 -0.108341  0.000548  0.000548  0.419543 -0.086813 -0.289688  0.053901
  0.053901  0.053901 -0.291078  0.054836  0.054836  0.054836 -0.755974  0.412601
 -0.739060  0.407624  0.465110  0.116610 -0.054074 -0.072563 -0.008177 -0.043433
 -0.053966 -0.069764 -0.026040 -0.216284  0.016442  0.016442  0.334622 -0.107790
  0.018744  0.018744  0.101607 -0.014707 -0.014707 -0.013450  0.003218  0.003218
  0.647546 -0.022705  0.266477 -0.062090 -0.472721  0.090587  0.090587  0.090587
 -0.041434 -0.093801  0.021805  0.021805 -0.543245  0.190396 -0.154896  0.017474
  0.017474  0.017474 -0.105085  0.038099  0.038099 -0.158415  0.036620  0.036620
 -0.065635 -0.005436 -0.005436  0.472593  0.006863 -0.297099  0.059890  0.059890
  0.059890  0.111468 -0.030084 -0.030084 -0.108341  0.000548  0.000548  0.419543
 -0.086813 -0.289688  0.053901  0.053901  0.053901 -0.291078  0.054836  0.054836
  0.054836 -0.755974  0.412601 -0.739060  0.407624  0.465110  0.116610 -0.054074
 -0.072563 -0.008177 -0.043433 -0.053966 -0.069764 -0.026040 -0.216284  0.016442
  0.016442  0.334622 -0.107790  0.018744  0.018744  0.101607 -0.014707 -0.014707
 -0.013450  0.003218  0.003218  0.647546 -0.022705  0.266477 -0.062090 -0.472721
  0.090587  0.090587  0.090587 -0.041434 -0.093801  0.021805  0.021805 -0.543245
  0.190396 -0.154896  0.017474  0.017474  0.017474 -0.105085  0.038099  0.038099
 -0.158415  0.036620  0.036620 -0.065635 -0.005436 -0.005436  0.472593  0.006863
 -0.297099  0.059890  0.059890  0.059890  0.111468 -0.030084 -0.030084 -0.108341
  0.000548  0.000548  0.419543 -0.086813 -0.289688  0.053901  0.053901  0.053901
 -0.291078  0.054836  0.054836  0.054836 -0.755974  0.412601 -0.739060  0.407624
  0.465110  0.116610 -0.054074 -0.072563 -0.008177 -0.043433 -0.053966 -0.069764
 -0.026040 -0.216284  0.016442  0.016442  0.334622 -0.107790  0.018744  0.018744
  0.101607 -0.014707 -0.014707 -0.013450  0.003218  0.003218  0.647546 -0.022705
  0.266477 -0.062090 -0.472721  0.090587  0.090587  0.090587 -0.041434 -0.093801
  0.021805  0.021805 -0.543245  0.190396 -0.154896  0.017474  0.017474  0.017474
 -0.105085  0.038099  0.038099 -0.158415  0.036620  0.036620 -0.065635 -0.005436
 -0.005436  0.472593  0.006863 -0.297099  0.059890  0.059890  0.059890  0.111468
 -0.030084 -0.030084 -0.108341  0.000548  0.000548  0.419543 -0.086813 -0.289688
  0.053901  0.053901  0.053901 -0.291078  0.054836  0.054836  0.054836 -0.755974
  0.412601 -0.739060  0.407624  0.465110  0.116610 -0.054074 -0.072563 -0.008177
 -0.043433 -0.053966 -0.069764 -0.026040 -0.216284  0.016442  0.016442  0.334622
 -0.107790  0.018744  0.018744  0.101607 -0.014707 -0.014707 -0.013450  0.003218
  0.003218  0.647546 -0.022705  0.266477 -0.062090 -0.472721  0.090587  0.090587
  0.090587 -0.041434 -0.093801  0.021805  0.021805 -0.543245  0.190396 -0.154896
  0.017474  0.017474  0.017474 -0.105085  0.038099  0.038099 -0.158415  0.036620
  0.036620 -0.065635 -0.005436 -0.005436  0.472593  0.006863 -0.297099  0.059890
  0.059890  0.059890  0.111468 -0.030084 -0.030084 -0.108341  0.000548  0.000548
  0.419543 -0.086813 -0.289688  0.053901  0.053901  0.053901 -0.291078  0.054836
  0.054836  0.054836 -0.755974  0.412601 -0.739060  0.407624  0.465110  0.116610
 -0.054074 -0.072563 -0.008177 -0.043433 -0.053966 -0.069764 -0.026040 -0.216284
  0.016442  0.016442  0.334622 -0.107790  0.018744  0.018744  0.101607 -0.014707
 -0.014707 -0.013450  0.003218  0.003218  0.647546 -0.022705  0.266477 -0.062090
 -0.472721  0.090587  0.090587  0.090587 -0.041434 -0.093801  0.021805  0.021805
 -0.543245  0.190396 -0.154896  0.017474  0.017474  0.017474 -0.105085  0.038099
  0.038099 -0.158415  0.036620  0.036620 -0.065635 -0.005436 -0.005436  0.472593
  0.006863 -0.297099  0.059890  0.059890  0.059890  0.111468 -0.030084 -0.030084
 -0.108341  0.000548  0.000548  0.419543 -0.086813 -0.289688  0.053901  0.053901
  0.053901 -0.291078  0.054836  0.054836  0.054836 -0.755974  0.412601 -0.739060
  0.407624  0.465110  0.116610 -0.054074 -0.072563 -0.008177 -0.043433 -0.053966
 -0.069764 -0.026040 -0.216284  0.016442  0.016442  0.334622 -0.107790  0.018744
  0.018744  0.101607 -0.014707 -0.014707 -0.013450  0.003218  0.003218  0.647546
 -0.022705  0.266477 -0.062090 -0.472721  0.090587  0.090587  0.090587 -0.041434
 -0.093801  0.021805  0.021805 -0.543245  0.190396 -0.154896  0.017474  0.017474
  0.017474 -0.105085  0.038099  0.038099 -0.158415  0.036620  0.036620 -0.065635
 -0.005436 -0.005436  0.472593  0.006863 -0.297099  0.059890  0.059890  0.059890
  0.111468 -0.030084 -0.030084 -0.108341  0.000548  0.000548  0.419543 -0.086813
 -0.289688  0.053901  0.053901  0.053901 -0.291078  0.054836  0.054836  0.054836
 -0.755974  0.412601 -0.739060  0.407624  0.465110  0.116610 -0.054074 -0.072563
 -0.008177 -0.043433 -0.053966 -0.069764 -0.026040 -0.216284  0.016442  0.016442
  0.334622 -0.107790  0.018744  0.018744  0.101607 -0.014707 -0.014707 -0.013450
  0.003218  0.003218  0.647546 -0.022705  0.266477 -0.062090 -0.472721  0.090587
  0.090587  0.090587 -0.041434 -0.093801  0.021805  0.021805 -0.543245  0.190396
 -0.154896  0.017474  0.017474  0.017474 -0.105085  0.038099  0.038099 -0.158415
  0.036620  0.036620 -0.065635 -0.005436 -0.005436  0.472593  0.006863 -0.297099
  0.059890  0.059890  0.059890  0.111468 -0.030084 -0.030084 -0.108341  0.000548
  0.000548  0.419543 -0.086813 -0.289688  0.053901  0.053901  0.053901 -0.291078
  0.054836  0.054836  0.054836 -0.755974  0.412601 -0.739060  0.407624  0.465110
  0.116610 -0.054074 -0.072563 -0.008177 -0.043433 -0.053966 -0.069764 -0.026040
 -0.216284  0.016442  0.016442  0.334622 -0.107790  0.018744  0.018744  0.101607
 -0.014707 -0.014707 -0.013450  0.003218  0.003218  0.647546 -0.022705  0.266477
 -0.062090 -0.472721  0.090587  0.090587  0.090587 -0.041434 -0.093801  0.021805
  0.021805 -0.543245  0.190396 -0.154896  0.017474  0.017474  0.017474 -0.105085
  0.038099  0.038099 -0.158415  0.036620  0.036620 -0.065635 -0.005436 -0.005436
  0.472593  0.006863 -0.297099  0.059890  0.059890  0.059890  0.111468 -0.030084
 -0.030084 -0.108341  0.000548  0.000548  0.419543 -0.086813 -0.289688  0.053901
  0.053901  0.053901 -0.291078  0.054836  0.054836  0.054836 -0.755974  0.412601
 -0.739060  0.407624  0.465110  0.116610 -0.054074 -0.072563 -0.008177 -0.043433
 -0.053966 -0.069764 -0.026040 -0.216284  0.016442  0.016442  0.334622 -0.107790
  0.018744  0.018744  0.101607 -0.014707 -0.014707 -0.013450  0.003218  0.003218
  0.647546 -0.022705  0.266477 -0.062090 -0.472721  0.090587  0.090587  0.090587
 -0.041434 -0.093801  0.021805  0.021805 -0.543245  0.190396 -0.154896  0.017474
  0.017474  0.017474 -0.105085  0.038099  0.038099 -0.158415  0.036620  0.036620
 -0.065635 -0.005436 -0.005436  0.472593  0.006863 -0.297099  0.059890  0.059890
  0.059890  0.111468 -0.030084 -0.030084 -0.108341  0.000548  0.000548  0.419543
 -0.086813 -0.289688  0.053901  0.053901  0.053901 -0.291078  0.054836  0.054836
  0.054836 -0.755974  0.412601 -0.739060  0.407624  0.465110  0.116610 -0.054074
 -0.072563 -0.008177 -0.043433 -0.053966 -0.069764 -0.026040 -0.216284  0.016442
  0.016442  0.334622 -0.107790  0.018744  0.018744  0.101607 -0.014707 -0.014707
 -0.013450  0.003218  0.003218  0.647546 -0.022705  0.266477 -0.062090 -0.472721
  0.090587  0.090587  0.090587 -0.041434 -0.093801  0.021805  0.021805 -0.543245
  0.190396 -0.154896  0.017474  0.017474  0.017474 -0.105085  0.038099  0.038099
 -0.158415  0.036620  0.036620 -0.065635 -0.005436 -0.005436  0.472593  0.006863
 -0.297099  0.059890  0.059890  0.059890  0.111468 -0.030084 -0.030084 -0.108341
  0.000548  0.000548  0.419543 -0.086813 -0.289688  0.053901  0.053901  0.053901
 -0.291078  0.054836  0.054836  0.054836 -0.755974  0.412601 -0.739060  0.407624
  0.465110  0.116610 -0.054074 -0.072563 -0.008177 -0.043433 -0.053966 -0.069764
 -0.026040 -0.216284  0.016442  0.016442  0.334622 -0.107790  0.018744  0.018744
  0.101607 -0.014707 -0.014707 -0.013450  0.003218  0.003218  0.647546 -0.022705
  0.266477 -0.062090 -0.472721  0.090587  0.090587  0.090587 -0.041434 -0.093801
  0.021805  0.021805 -0.543245  0.190396 -0.154896  0.017474  0.017474  0.017474
 -0.105085  0.038099  0.038099 -0.158415  0.036620  0.036620 -0.065635 -0.005436
 -0.005436  0.472593  0.006863 -0.297099  0.059890  0.059890  0.059890  0.111468
 -0.030084 -0.030084 -0.108341  0.000548  0.000548  0.419543 -0.086813 -0.289688
  0.053901  0.053901  0.053901 -0.291078  0.054836  0.054836  0.054836 -0.755974
  0.412601 -0.739060  0.407624  0.465110  0.116610 -0.054074 -0.072563 -0.008177
 -0.043433 -0.053966 -0.069764 -0.026040 -0.216284  0.016442  0.016442  0.334622
 -0.107790  0.018744  0.018744  0.101607 -0.014707 -0.014707 -0.013450  0.003218
  0.003218  0.647546 -0.022705  0.266477 -0.062090 -0.472721  0.090587  0.090587
  0.090587 -0.041434 -0.093801  0.021805  0.021805 -0.543245  0.190396 -0.154896
  0.017474  0.017474  0.017474 -0.105085  0.038099  0.038099 -0.158415  0.036620
  0.036620 -0.065635 -0.005436 -0.005436  0.472593  0.006863 -0.297099  0.059890
  0.059890  0.059890  0.111468 -0.030084 -0.030084 -0.108341  0.000548  0.000548
  0.419543 -0.086813 -0.289688  0.053901  0.053901  0.053901 -0.291078  0.054836
  0.054836  0.054836 -0.755974  0.412601 -0.739060  0.407624  0.465110  0.116610
 -0.054074 -0.072563 -0.008177 -0.043433 -0.053966 -0.069764 -0.026040 -0.216284
  0.016442  0.016442  0.334622 -0.107790  0.018744  0.018744  0.101607 -0.014707
 -0.014707 -0.013450  0.003218  0.003218  0.647546 -0.022705  0.266477 -0.062090
 -0.472721  0.090587  0.090587  0.090587 -0.041434 -0.093801  0.021805  0.021805
 -0.543245  0.190396 -0.154896  0.017474  0.017474  0.017474 -0.105085  0.038099
  0.038099 -0.158415  0.036620  0.036620 -0.065635 -0.005436 -0.005436  0.472593
  0.006863 -0.297099  0.059890  0.059890  0.059890  0.111468 -0.030084 -0.030084
 -0.108341  0.000548  0.000548  0.419543 -0.086813 -0.289688  0.053901  0.053901
  0.053901 -0.291078  0.054836  0.054836  0.054836 -0.755974  0.412601 -0.739060
  0.407624  0.465110  0.116610 -0.054074 -0.072563 -0.008177 -0.043433 -0.053966
 -0.069764 -0.026040 -0.216284  0.016442  0.016442  0.334622 -0.107790  0.018744
  0.018744  0.101607 -0.014707 -0.014707 -0.013450  0.003218  0.003218  0.647546
 -0.022705  0.266477 -0.062090 -0.472721  0.090587  0.090587  0.090587 -0.041434
 -0.093801  0.021805  0.021805 -0.543245  0.190396 -0.154896  0.017474  0.017474
  0.017474 -0.105085  0.038099  0.038099 -0.158415  0.036620  0.036620 -0.065635
 -0.005436 -0.005436  0.472593  0.006863 -0.297099  0.059890  0.059890  0.059890
  0.111468 -0.030084 -0.030084 -0.108341  0.000548  0.000548  0.419543 -0.086813
 -0.289688  0.053901  0.053901  0.053901 -0.291078  0.054836  0.054836  0.054836
 -0.755974  0.412601 -0.739060  0.407624  0.465110  0.116610 -0.054074 -0.072563
 -0.008177 -0.043433 -0.053966 -0.069764 -0.026040 -0.216284  0.016442  0.016442
  0.334622 -0.107790  0.018744  0.018744  0.101607 -0.014707 -0.014707 -0.013450
  0.003218  0.003218  0.647546 -0.022705  0.266477 -0.062090 -0.472721  0.090587
  0.090587  0.090587 -0.041434 -0.093801  0.021805  0.021805 -0.543245  0.190396
 -0.154896  0.017474  0.017474  0.017474 -0.105085  0.038099  0.038099 -0.158415
  0.036620  0.036620 -0.065635 -0.005436 -0.005436  0.472593  0.006863 -0.297099
  0.059890  0.059890  0.059890  0.111468 -0.030084 -0.030084 -0.108341  0.000548
  0.000548  0.419543 -0.086813 -0.289688  0.053901  0.053901  0.053901 -0.291078
  0.054836  0.054836  0.054836 -0.755974  0.412601 -0.739060  0.407624  0.465110
  0.116610 -0.054074 -0.072563 -0.008177 -0.043433 -0.053966 -0.069764 -0.026040
 -0.216284  0.016442  0.016442  0.334622 -0.107790  0.018744  0.018744  0.101607
 -0.014707 -0.014707 -0.013450  0.003218  0.003218  0.647546 -0.022705  0.266477
 -0.062090 -0.472721  0.090587  0.090587  0.090587 -0.041434 -0.093801  0.021805
  0.021805 -0.543245  0.190396 -0.154896  0.017474  0.017474  0.017474 -0.105085
  0.038099  0.038099 -0.158415  0.036620  0.036620 -0.065635 -0.005436 -0.005436
  0.472593  0.006863 -0.297099  0.059890  0.059890  0.059890  0.111468 -0.030084
 -0.030084 -0.108341  0.000548  0.000548  0.419543 -0.086813 -0.289688  0.053901
  0.053901  0.053901 -0.291078  0.054836  0.054836  0.054836 -0.755974  0.412601
 -0.739060  0.407624  0.465110  0.116610 -0.054074 -0.072563 -0.008177 -0.043433
 -0.053966 -0.069764 -0.026040 -0.216284  0.016442  0.016442  0.334622 -0.107790
  0.018744  0.018744  0.101607 -0.014707 -0.014707 -0.013450  0.003218  0.003218
  0.647546 -0.022705  0.266477 -0.062090 -0.472721  0.090587  0.090587  0.090587
 -0.041434 -0.093801  0.021805  0.021805 -0.543245  0.190396 -0.154896  0.017474
  0.017474  0.017474 -0.105085  0.038099  0.038099 -0.158415  0.036620  0.036620
 -0.065635 -0.005436 -0.005436  0.472593  0.006863 -0.297099  0.059890  0.059890
  0.059890  0.111468 -0.030084 -0.030084 -0.108341  0.000548  0.000548  0.419543
 -0.086813 -0.289688  0.053901  0.053901  0.053901 -0.291078  0.054836  0.054836
  0.054836 -0.755974  0.412601 -0.739060  0.407624  0.465110  0.116610 -0.054074
 -0.072563 -0.008177 -0.043433 -0.053966 -0.069764 -0.026040 -0.216284  0.016442
  0.016442  0.334622 -0.107790  0.018744  0.018744  0.101607 -0.014707 -0.014707
 -0.013450  0.003218  0.003218  0.647546 -0.022705  0.266477 -0.062090 -0.472721
  0.090587  0.090587  0.090587 -0.041434 -0.093801  0.021805  0.021805 -0.543245
  0.190396 -0.154896  0.017474  0.017474  0.017474 -0.105085  0.038099  0.038099
 -0.158415  0.036620  0.036620 -0.065635 -0.005436 -0.005436  0.472593  0.006863
 -0.297099  0.059890  0.059890  0.059890  0.111468 -0.030084 -0.030084 -0.108341
  0.000548  0.000548  0.419543 -0.086813 -0.289688  0.053901  0.053901  0.053901
 -0.291078  0.054836  0.054836  0.054836 -0.755974  0.412601 -0.739060  0.407624
  0.465110  0.116610 -0.054074 -0.072563 -0.008177 -0.043433 -0.053966 -0.069764
 -0.026040 -0.216284  0.016442  0.016442  0.334622 -0.107790  0.018744  0.018744
  0.101607 -0.014707 -0.014707 -0.013450  0.003218  0.003218  0.647546 -0.022705
  0.266477 -0.062090 -0.472721  0.090587  0.090587  0.090587 -0.041434 -0.093801
  0.021805  0.021805 -0.543245  0.190396 -0.154896  0.017474  0.017474  0.017474
 -0.105085  0.038099  0.038099 -0.158415  0.036620  0.036620 -0.065635 -0.005436
 -0.005436  0.472593  0.006863 -0.297099  0.059890  0.059890  0.059890  0.111468
 -0.030084 -0.030084 -0.108341  0.000548  0.000548  0.419543 -0.086813 -0.289688
  0.053901  0.053901  0.053901 -0.291078  0.054836  0.054836  0.054836 -0.755974
  0.412601 -0.739060  0.407624  0.465110  0.116610 -0.054074 -0.072563 -0.008177
 -0.043433 -0.053966 -0.069764 -0.026040 -0.216284  0.016442  0.016442  0.334622
 -0.107790  0.018744  0.018744  0.101607 -0.014707 -0.014707 -0.013450  0.003218
  0.003218  0.647546 -0.022705  0.266477 -0.062090 -0.472721  0.090587  0.090587
  0.090587 -0.041434 -0.093801  0.021805  0.021805 -0.543245  0.190396 -0.154896
  0.017474  0.017474  0.017474 -0.105085  0.038099  0.038099 -0.158415  0.036620
  0.036620 -0.065635 -0.005436 -0.005436  0.472593  0.006863 -0.297099  0.059890
  0.059890  0.059890  0.111468 -0.030084 -0.030084 -0.108341  0.000548  0.000548
  0.419543 -0.086813 -0.289688  0.053901  0.053901  0.053901 -0.291078  0.054836
  0.054836  0.054836 -0.755974  0.412601 -0.739060  0.407624  0.465110  0.116610
 -0.054074 -0.072563 -0.008177 -0.043433 -0.053966 -0.069764 -0.026040 -0.216284
  0.016442  0.016442  0.334622 -0.107790  0.018744  0.018744  0.101607 -0.014707
 -0.014707 -0.013450  0.003218  0.003218  0.647546 -0.022705  0.266477 -0.062090
 -0.472721  0.090587  0.090587  0.090587 -0.041434 -0.093801  0.021805  0.021805
 -0.543245  0.190396 -0.154896  0.017474  0.017474  0.017474 -0.105085  0.038099
  0.038099 -0.158415  0.036620  0.036620 -0.065635 -0.005436 -0.005436  0.472593
  0.006863 -0.297099  0.059890  0.059890  0.059890  0.111468 -0.030084 -0.030084
 -0.108341  0.000548  0.000548  0.419543 -0.086813 -0.289688  0.053901  0.053901
  0.053901 -0.291078  0.054836  0.054836  0.054836 -0.755974  0.412601 -0.739060
  0.407624  0.465110  0.116610 -0.054074 -0.072563 -0.008177 -0.043433 -0.053966
 -0.069764 -0.026040 -0.216284  0.016442  0.016442  0.334622 -0.107790  0.018744
  0.018744  0.101607 -0.014707 -0.014707 -0.013450  0.003218  0.003218  0.647546
 -0.022705  0.266477 -0.062090 -0.472721  0.090587  0.090587  0.090587 -0.041434
 -0.093801  0.021805  0.021805 -0.543245  0.190396 -0.154896  0.017474  0.017474
  0.017474 -0.105085  0.038099  0.038099 -0.158415  0.036620  0.036620 -0.065635
 -0.005436 -0.005436  0.472593  0.006863 -0.297099  0.059890  0.059890  0.059890
  0.111468 -0.030084 -0.030084 -0.108341  0.000548  0.000548  0.419543 -0.086813
 -0.289688  0.053901  0.053901  0.053901 -0.291078  0.054836  0.054836  0.054836
 -0.755974  0.412601 -0.739060  0.407624  0.465110  0.116610 -0.054074 -0.072563
 -0.008177 -0.043433 -0.053966 -0.069764 -0.026040 -0.216284  0.016442  0.016442
  0.334622 -0.107790  0.018744  0.018744  0.101607 -0.014707 -0.014707 -0.013450
  0.003218  0.003218  0.647546 -0.022705  0.266477 -0.062090 -0.472721  0.090587
  0.090587  0.090587 -0.041434 -0.093801  0.021805  0.021805 -0.543245  0.190396
 -0.154896  0.017474  0.017474  0.017474 -0.105085  0.038099  0.038099 -0.158415
  0.036620  0.036620 -0.065635 -0.005436 -0.005436  0.472593  0.006863 -0.297099
  0.059890  0.059890  0.059890  0.111468 -0.030084 -0.030084 -0.108341  0.000548
  0.000548  0.419543 -0.086813 -0.289688  0.053901  0.053901  0.053901 -0.291078
  0.054836  0.054836  0.054836 -0.755974  0.412601 -0.739060  0.407624  0.465110
  0.116610 -0.054074 -0.072563 -0.008177 -0.043433 -0.053966 -0.069764 -0.026040
 -0.216284  0.016442  0.016442  0.334622 -0.107790  0.018744  0.018744  0.101607
 -0.014707 -0.014707 -0.013450  0.003218  0.003218  0.647546 -0.022705  0.266477
 -0.062090 -0.472721  0.090587  0.090587  0.090587 -0.041434 -0.093801  0.021805
  0.021805 -0.543245  0.190396 -0.154896  0.017474  0.017474  0.017474 -0.105085
  0.038099  0.038099 -0.158415  0.036620  0.036620 -0.065635 -0.005436 -0.005436
  0.472593  0.006863 -0.297099  0.059890  0.059890  0.059890  0.111468 -0.030084
 -0.030084 -0.108341  0.000548  0.000548  0.419543 -0.086813 -0.289688  0.053901
  0.053901  0.053901 -0.291078  0.054836  0.054836  0.054836 -0.755974  0.412601
 -0.739060  0.407624  0.465110  0.116610 -0.054074 -0.072563 -0.008177 -0.043433
 -0.053966 -0.069764 -0.026040 -0.216284  0.016442  0.016442  0.334622 -0.107790
  0.018744  0.018744  0.101607 -0.014707 -0.014707 -0.013450  0.003218  0.003218
  0.647546 -0.022705  0.266477 -0.062090 -0.472721  0.090587  0.090587  0.090587
 -0.041434 -0.093801  0.021805  0.021805 -0.543245  0.190396 -0.154896  0.017474
  0.017474  0.017474 -0.105085  0.038099  0.038099 -0.158415  0.036620  0.036620
 -0.065635 -0.005436 -0.005436  0.472593  0.006863 -0.297099  0.059890  0.059890
  0.059890  0.111468 -0.030084 -0.030084 -0.108341  0.000548  0.000548  0.419543
 -0.086813 -0.289688  0.053901  0.053901  0.053901 -0.291078  0.054836  0.054836
  0.054836 -0.755974  0.412601 -0.739060  0.407624  0.465110  0.116610 -0.054074
 -0.072563 -0.008177 -0.043433 -0.053966 -0.069764 -0.026040 -0.216284  0.016442
  0.016442  0.334622 -0.107790  0.018744  0.018744  0.101607 -0.014707 -0.014707
 -0.013450  0.003218  0.003218  0.647546 -0.022705  0.266477 -0.062090 -0.472721
  0.090587  0.090587  0.090587 -0.041434 -0.093801  0.021805  0.021805 -0.543245
  0.190396 -0.154896  0.017474  0.017474  0.017474 -0.105085  0.038099  0.038099
 -0.158415  0.036620  0.036620 -0.065635 -0.005436 -0.005436  0.472593  0.006863
 -0.297099  0.059890  0.059890  0.059890  0.111468 -0.030084 -0.030084 -0.108341
  0.000548  0.000548  0.419543 -0.086813 -0.289688  0.053901  0.053901  0.053901
 -0.291078  0.054836  0.054836  0.054836
