 -0.765182  0.425768  0.449027  0.050420 -0.026930  0.062994 -0.040190  0.008989
 -0.050791 -0.076517 -0.027393 -0.202797  0.018321  0.018321  0.491912 -0.118293
  0.014469  0.014469  0.024592 -0.005987 -0.005987 -0.016643  0.007296  0.007296
  0.157564 -0.020918 -0.020918  0.284961 -0.066183 -0.395284  0.073981  0.073981
  0.073981 -0.197577 -0.269773  0.037910  0.037910 -0.325821  0.144004 -0.235571
  0.036971  0.036971  0.036971 -0.048012  0.023253  0.023253  0.054011  0.016217
  0.016217 -0.071564 -0.004856 -0.004856  0.443651 -0.067824 -0.316046  0.064237
  0.064237  0.064237  0.113713 -0.030645 -0.030645 -0.103133 -0.001417 -0.001417
  0.418327 -0.087129 -0.286313  0.052882  0.052882  0.052882 -0.285824  0.053118
  0.053118  0.053118 -0.765182  0.425768  0.449027  0.050420 -0.026930  0.062994
 -0.040190  0.008989 -0.050791 -0.076517 -0.027393 -0.202797  0.018321  0.018321
  0.491912 -0.118293  0.014469  0.014469  0.024592 -0.005987 -0.005987 -0.016643
  0.007296  0.007296  0.157564 -0.020918 -0.020918  0.284961 -0.066183 -0.395284
  0.073981  0.073981  0.073981 -0.197577 -0.269773  0.037910  0.037910 -0.325821
  0.144004 -0.235571  0.036971  0.036971  0.036971 -0.048012  0.023253  0.023253
  0.054011  0.016217  0.016217 -0.071564 -0.004856 -0.004856  0.443651 -0.067824
 -0.316046  0.064237  0.064237  0.064237  0.113713 -0.030645 -0.030645 -0.103133
 -0.001417 -0.001417  0.418327 -0.087129 -0.286313  0.052882  0.052882  0.052882
 -0.285824  0.053118  0.053118  0.053118 -0.765182  0.425768  0.449027  0.050420
 -0.026930  0.062994 -0.040190  0.008989 -0.050791 -0.076517 -0.027393 -0.202797
  0.018321  0.018321  0.491912 -0.118293  0.014469  0.014469  0.024592 -0.005987
 -0.005987 -0.016643  0.007296  0.007296  0.157564 -0.020918 -0.020918  0.284961
 -0.066183 -0.395284  0.073981  0.073981  0.073981 -0.197577 -0.269773  0.037910
  0.037910 -0.325821  0.144004 -0.235571  0.036971  0.036971  0.036971 -0.048012
  0.023253  0.023253  0.054011  0.016217  0.016217 -0.071564 -0.004856 -0.004856
  0.443651 -0.067824 -0.316046  0.064237  0.064237  0.064237  0.113713 -0.030645
 -0.030645 -0.103133 -0.001417 -0.001417  0.418327 -0.087129 -0.286313  0.052882
  0.052882  0.052882 -0.285824  0.053118  0.053118  0.053118 -0.765182  0.425768
  0.449027  0.050420 -0.026930  0.062994 -0.040190  0.008989 -0.050791 -0.076517
 -0.027393 -0.202797  0.018321  0.018321  0.491912 -0.118293  0.014469  0.014469
  0.024592 -0.005987 -0.005987 -0.016643  0.007296  0.007296  0.157564 -0.020918
 -0.020918  0.284961 -0.066183 -0.395284  0.073981  0.073981  0.073981 -0.197577
 -0.269773  0.037910  0.037910 -0.325821  0.144004 -0.235571  0.036971  0.036971
  0.036971 -0.048012  0.023253  0.023253  0.054011  0.016217  0.016217 -0.071564
 -0.004856 -0.004856  0.443651 -0.067824 -0.316046  0.064237  0.064237  0.064237
  0.113713 -0.030645 -0.030645 -0.103133 -0.001417 -0.001417  0.418327 -0.087129
 -0.286313  0.052882  0.052882  0.052882 -0.285824  0.053118  0.053118  0.053118
 -0.765182  0.425768  0.449027  0.050420 -0.026930  0.062994 -0.040190  0.008989
 -0.050791 -0.076517 -0.027393 -0.202797  0.018321  0.018321  0.491912 -0.118293
  0.014469  0.014469  0.024592 -0.005987 -0.005987 -0.016643  0.007296  0.007296
  0.157564 -0.020918 -0.020918  0.284961 -0.066183 -0.395284  0.073981  0.073981
  0.073981 -0.197577 -0.269773  0.037910  0.037910 -0.325821  0.144004 -0.235571
  0.036971  0.036971  0.036971 -0.048012  0.023253  0.023253  0.054011  0.016217
  0.016217 -0.071564 -0.004856 -0.004856  0.443651 -0.067824 -0.316046  0.064237
  0.064237  0.064237  0.113713 -0.030645 -0.030645 -0.103133 -0.001417 -0.001417
  0.418327 -0.087129 -0.286313  0.052882  0.052882  0.052882 -0.285824  0.053118
  0.053118  0.053118 -0.765182  0.425768  0.449027  0.050420 -0.026930  0.062994
 -0.040190  0.008989 -0.050791 -0.076517 -0.027393 -0.202797  0.018321  0.018321
  0.491912 -0.118293  0.014469  0.014469  0.024592 -0.005987 -0.005987 -0.016643
  0.007296  0.007296  0.157564 -0.020918 -0.020918  0.284961 -0.066183 -0.395284
  0.073981  0.073981  0.073981 -0.197577 -0.269773  0.037910  0.037910 -0.325821
  0.144004 -0.235571  0.036971  0.036971  0.036971 -0.048012  0.023253  0.023253
  0.054011  0.016217  0.016217 -0.071564 -0.004856 -0.004856  0.443651 -0.067824
 -0.316046  0.064237  0.064237  0.064237  0.113713 -0.030645 -0.030645 -0.103133
 -0.001417 -0.001417  0.418327 -0.087129 -0.286313  0.052882  0.052882  0.052882
 -0.285824  0.053118  0.053118  0.053118 -0.765182  0.425768  0.449027  0.050420
 -0.026930  0.062994 -0.040190  0.008989 -0.050791 -0.076517 -0.027393 -0.202797
  0.018321  0.018321  0.491912 -0.118293  0.014469  0.014469  0.024592 -0.005987
 -0.005987 -0.016643  0.007296  0.007296  0.157564 -0.020918 -0.020918  0.284961
 -0.066183 -0.395284  0.073981  0.073981  0.073981 -0.197577 -0.269773  0.037910
  0.037910 -0.325821  0.144004 -0.235571  0.036971  0.036971  0.036971 -0.048012
  0.023253  0.023253  0.054011  0.016217  0.016217 -0.071564 -0.004856 -0.004856
  0.443651 -0.067824 -0.316046  0.064237  0.064237  0.064237  0.113713 -0.030645
 -0.030645 -0.103133 -0.001417 -0.001417  0.418327 -0.087129 -0.286313  0.052882
  0.052882  0.052882 -0.285824  0.053118  0.053118  0.053118 -0.765182  0.425768
  0.449027  0.050420 -0.026930  0.062994 -0.040190  0.008989 -0.050791 -0.076517
 -0.027393 -0.202797  0.018321  0.018321  0.491912 -0.118293  0.014469  0.014469
  0.024592 -0.005987 -0.005987 -0.016643  0.007296  0.007296  0.157564 -0.020918
 -0.020918  0.284961 -0.066183 -0.395284  0.073981  0.073981  0.073981 -0.197577
 -0.269773  0.037910  0.037910 -0.325821  0.144004 -0.235571  0.036971  0.036971
  0.036971 -0.048012  0.023253  0.023253  0.054011  0.016217  0.016217 -0.071564
 -0.004856 -0.004856  0.443651 -0.067824 -0.316046  0.064237  0.064237  0.064237
  0.113713 -0.030645 -0.030645 -0.103133 -0.001417 -0.001417  0.418327 -0.087129
 -0.286313  0.052882  0.052882  0.052882 -0.285824  0.053118  0.053118  0.053118
 -0.765182  0.425768  0.449027  0.050420 -0.026930  0.062994 -0.040190  0.008989
 -0.050791 -0.076517 -0.027393 -0.202797  0.018321  0.018321  0.491912 -0.118293
  0.014469  0.014469  0.024592 -0.005987 -0.005987 -0.016643  0.007296  0.007296
  0.157564 -0.020918 -0.020918  0.284961 -0.066183 -0.395284  0.073981  0.073981
  0.073981 -0.197577 -0.269773  0.037910  0.037910 -0.325821  0.144004 -0.235571
  0.036971  0.036971  0.036971 -0.048012  0.023253  0.023253  0.054011  0.016217
  0.016217 -0.071564 -0.004856 -0.004856  0.443651 -0.067824 -0.316046  0.064237
  0.064237  0.064237  0.113713 -0.030645 -0.030645 -0.103133 -0.001417 -0.001417
  0.418327 -0.087129 -0.286313  0.052882  0.052882  0.052882 -0.285824  0.053118
  0.053118  0.053118 -0.765182  0.425768  0.449027  0.050420 -0.026930  0.062994
 -0.040190  0.008989 -0.050791 -0.076517 -0.027393 -0.202797  0.018321  0.018321
  0.491912 -0.118293  0.014469  0.014469  0.024592 -0.005987 -0.005987 -0.016643
  0.007296  0.007296  0.157564 -0.020918 -0.020918  0.284961 -0.066183 -0.395284
  0.073981  0.073981  0.073981 -0.197577 -0.269773  0.037910  0.037910 -0.325821
  0.144004 -0.235571  0.036971  0.036971  0.036971 -0.048012  0.023253  0.023253
  0.054011  0.016217  0.016217 -0.071564 -0.004856 -0.004856  0.443651 -0.067824
 -0.316046  0.064237  0.064237  0.064237  0.113713 -0.030645 -0.030645 -0.103133
 -0.001417 -0.001417  0.418327 -0.087129 -0.286313  0.052882  0.052882  0.052882
 -0.285824  0.053118  0.053118  0.053118 -0.765182  0.425768  0.449027  0.050420
 -0.026930  0.062994 -0.040190  0.008989 -0.050791 -0.076517 -0.027393 -0.202797
  0.018321  0.018321  0.491912 -0.118293  0.014469  0.014469  0.024592 -0.005987
 -0.005987 -0.016643  0.007296  0.007296  0.157564 -0.020918 -0.020918  0.284961
 -0.066183 -0.395284  0.073981  0.073981  0.073981 -0.197577 -0.269773  0.037910
  0.037910 -0.325821  0.144004 -0.235571  0.036971  0.036971  0.036971 -0.048012
  0.023253  0.023253  0.054011  0.016217  0.016217 -0.071564 -0.004856 -0.004856
  0.443651 -0.067824 -0.316046  0.064237  0.064237  0.064237  0.113713 -0.030645
 -0.030645 -0.103133 -0.001417 -0.001417  0.418327 -0.087129 -0.286313  0.052882
  0.052882  0.052882 -0.285824  0.053118  0.053118  0.053118 -0.765182  0.425768
  0.449027  0.050420 -0.026930  0.062994 -0.040190  0.008989 -0.050791 -0.076517
 -0.027393 -0.202797  0.018321  0.018321  0.491912 -0.118293  0.014469  0.014469
  0.024592 -0.005987 -0.005987 -0.016643  0.007296  0.007296  0.157564 -0.020918
 -0.020918  0.284961 -0.066183 -0.395284  0.073981  0.073981  0.073981 -0.197577
 -0.269773  0.037910  0.037910 -0.325821  0.144004 -0.235571  0.036971  0.036971
  0.036971 -0.048012  0.023253  0.023253  0.054011  0.016217  0.016217 -0.071564
 -0.004856 -0.004856  0.443651 -0.067824 -0.316046  0.064237  0.064237  0.064237
  0.113713 -0.030645 -0.030645 -0.103133 -0.001417 -0.001417  0.418327 -0.087129
 -0.286313  0.052882  0.052882  0.052882 -0.285824  0.053118  0.053118  0.053118
 -0.765182  0.425768  0.449027  0.050420 -0.026930  0.062994 -0.040190  0.008989
 -0.050791 -0.076517 -0.027393 -0.202797  0.018321  0.018321  0.491912 -0.118293
  0.014469  0.014469  0.024592 -0.005987 -0.005987 -0.016643  0.007296  0.007296
  0.157564 -0.020918 -0.020918  0.284961 -0.066183 -0.395284  0.073981  0.073981
  0.073981 -0.197577 -0.269773  0.037910  0.037910 -0.325821  0.144004 -0.235571
  0.036971  0.036971  0.036971 -0.048012  0.023253  0.023253  0.054011  0.016217
  0.016217 -0.071564 -0.004856 -0.004856  0.443651 -0.067824 -0.316046  0.064237
  0.064237  0.064237  0.113713 -0.030645 -0.030645 -0.103133 -0.001417 -0.001417
  0.418327 -0.087129 -0.286313  0.052882  0.052882  0.052882 -0.285824  0.053118
  0.053118  0.053118 -0.765182  0.425768  0.449027  0.050420 -0.026930  0.062994
 -0.040190  0.008989 -0.050791 -0.076517 -0.027393 -0.202797  0.018321  0.018321
  0.491912 -0.118293  0.014469  0.014469  0.024592 -0.005987 -0.005987 -0.016643
  0.007296  0.007296  0.157564 -0.020918 -0.020918  0.284961 -0.066183 -0.395284
  0.073981  0.073981  0.073981 -0.197577 -0.269773  0.037910  0.037910 -0.325821
  0.144004 -0.235571  0.036971  0.036971  0.036971 -0.048012  0.023253  0.023253
  0.054011  0.016217  0.016217 -0.071564 -0.004856 -0.004856  0.443651 -0.067824
 -0.316046  0.064237  0.064237  0.064237  0.113713 -0.030645 -0.030645 -0.103133
 -0.001417 -0.001417  0.418327 -0.087129 -0.286313  0.052882  0.052882  0.052882
 -0.285824  0.053118  0.053118  0.053118 -0.765182  0.425768  0.449027  0.050420
 -0.026930  0.062994 -0.040190  0.008989 -0.050791 -0.076517 -0.027393 -0.202797
  0.018321  0.018321  0.491912 -0.118293  0.014469  0.014469  0.024592 -0.005987
 -0.005987 -0.016643  0.007296  0.007296  0.157564 -0.020918 -0.020918  0.284961
 -0.066183 -0.395284  0.073981  0.073981  0.073981 -0.197577 -0.269773  0.037910
  0.037910 -0.325821  0.144004 -0.235571  0.036971  0.036971  0.036971 -0.048012
  0.023253  0.023253  0.054011  0.016217  0.016217 -0.071564 -0.004856 -0.004856
  0.443651 -0.067824 -0.316046  0.064237  0.064237  0.064237  0.113713 -0.030645
 -0.030645 -0.103133 -0.001417 -0.001417  0.418327 -0.087129 -0.286313  0.052882
  0.052882  0.052882 -0.285824  0.053118  0.053118  0.053118 -0.765182  0.425768
  0.449027  0.050420 -0.026930  0.062994 -0.040190  0.008989 -0.050791 -0.076517
 -0.027393 -0.202797  0.018321  0.018321  0.491912 -0.118293  0.014469  0.014469
  0.024592 -0.005987 -0.005987 -0.016643  0.007296  0.007296  0.157564 -0.020918
 -0.020918  0.284961 -0.066183 -0.395284  0.073981  0.073981  0.073981 -0.197577
 -0.269773  0.037910  0.037910 -0.325821  0.144004 -0.235571  0.036971  0.036971
  0.036971 -0.048012  0.023253  0.023253  0.054011  0.016217  0.016217 -0.071564
 -0.004856 -0.004856  0.443651 -0.067824 -0.316046  0.064237  0.064237  0.064237
  0.113713 -0.030645 -0.030645 -0.103133 -0.001417 -0.001417  0.418327 -0.087129
 -0.286313  0.052882  0.052882  0.052882 -0.285824  0.053118  0.053118  0.053118
 -0.765182  0.425768  0.449027  0.050420 -0.026930  0.062994 -0.040190  0.008989
 -0.050791 -0.076517 -0.027393 -0.202797  0.018321  0.018321  0.491912 -0.118293
  0.014469  0.014469  0.024592 -0.005987 -0.005987 -0.016643  0.007296  0.007296
  0.157564 -0.020918 -0.020918  0.284961 -0.066183 -0.395284  0.073981  0.073981
  0.073981 -0.197577 -0.269773  0.037910  0.037910 -0.325821  0.144004 -0.235571
  0.036971  0.036971  0.036971 -0.048012  0.023253  0.023253  0.054011  0.016217
  0.016217 -0.071564 -0.004856 -0.004856  0.443651 -0.067824 -0.316046  0.064237
  0.064237  0.064237  0.113713 -0.030645 -0.030645 -0.103133 -0.001417 -0.001417
  0.418327 -0.087129 -0.286313  0.052882  0.052882  0.052882 -0.285824  0.053118
  0.053118  0.053118 -0.765182  0.425768  0.449027  0.050420 -0.026930  0.062994
 -0.040190  0.008989 -0.050791 -0.076517 -0.027393 -0.202797  0.018321  0.018321
  0.491912 -0.118293  0.014469  0.014469  0.024592 -0.005987 -0.005987 -0.016643
  0.007296  0.007296  0.157564 -0.020918 -0.020918  0.284961 -0.066183 -0.395284
  0.073981  0.073981  0.073981 -0.197577 -0.269773  0.037910  0.037910 -0.325821
  0.144004 -0.235571  0.036971  0.036971  0.036971 -0.048012  0.023253  0.023253
  0.054011  0.016217  0.016217 -0.071564 -0.004856 -0.004856  0.443651 -0.067824
 -0.316046  0.064237  0.064237  0.064237  0.113713 -0.030645 -0.030645 -0.103133
 -0.001417 -0.001417  0.418327 -0.087129 -0.286313  0.052882  0.052882  0.052882
 -0.285824  0.053118  0.053118  0.053118 -0.765182  0.425768  0.449027  0.050420
 -0.026930  0.062994 -0.040190  0.008989 -0.050791 -0.076517 -0.027393 -0.202797
  0.018321  0.018321  0.491912 -0.118293  0.014469  0.014469  0.024592 -0.005987
 -0.005987 -0.016643  0.007296  0.007296  0.157564 -0.020918 -0.020918  0.284961
 -0.066183 -0.395284  0.073981  0.073981  0.073981 -0.197577 -0.269773  0.037910
  0.037910 -0.325821  0.144004 -0.235571  0.036971  0.036971  0.036971 -0.048012
  0.023253  0.023253  0.054011  0.016217  0.016217 -0.071564 -0.004856 -0.004856
  0.443651 -0.067824 -0.316046  0.064237  0.064237  0.064237  0.113713 -0.030645
 -0.030645 -0.103133 -0.001417 -0.001417  0.418327 -0.087129 -0.286313  0.052882
  0.052882  0.052882 -0.285824  0.053118  0.053118  0.053118 -0.765182  0.425768
  0.449027  0.050420 -0.026930  0.062994 -0.040190  0.008989 -0.050791 -0.076517
 -0.027393 -0.202797  0.018321  0.018321  0.491912 -0.118293  0.014469  0.014469
  0.024592 -0.005987 -0.005987 -0.016643  0.007296  0.007296  0.157564 -0.020918
 -0.020918  0.284961 -0.066183 -0.395284  0.073981  0.073981  0.073981 -0.197577
 -0.269773  0.037910  0.037910 -0.325821  0.144004 -0.235571  0.036971  0.036971
  0.036971 -0.048012  0.023253  0.023253  0.054011  0.016217  0.016217 -0.071564
 -0.004856 -0.004856  0.443651 -0.067824 -0.316046  0.064237  0.064237  0.064237
  0.113713 -0.030645 -0.030645 -0.103133 -0.001417 -0.001417  0.418327 -0.087129
 -0.286313  0.052882  0.052882  0.052882 -0.285824  0.053118  0.053118  0.053118
 -0.765182  0.425768  0.449027  0.050420 -0.026930  0.062994 -0.040190  0.008989
 -0.050791 -0.076517 -0.027393 -0.202797  0.018321  0.018321  0.491912 -0.118293
  0.014469  0.014469  0.024592 -0.005987 -0.005987 -0.016643  0.007296  0.007296
  0.157564 -0.020918 -0.020918  0.284961 -0.066183 -0.395284  0.073981  0.073981
  0.073981 -0.197577 -0.269773  0.037910  0.037910 -0.325821  0.144004 -0.235571
  0.036971  0.036971  0.036971 -0.048012  0.023253  0.023253  0.054011  0.016217
  0.016217 -0.071564 -0.004856 -0.004856  0.443651 -0.067824 -0.316046  0.064237
  0.064237  0.064237  0.113713 -0.030645 -0.030645 -0.103133 -0.001417 -0.001417
  0.418327 -0.087129 -0.286313  0.052882  0.052882  0.052882 -0.285824  0.053118
  0.053118  0.053118 -0.765182  0.425768  0.449027  0.050420 -0.026930  0.062994
 -0.040190  0.008989 -0.050791 -0.076517 -0.027393 -0.202797  0.018321  0.018321
  0.491912 -0.118293  0.014469  0.014469  0.024592 -0.005987 -0.005987 -0.016643
  0.007296  0.007296  0.157564 -0.020918 -0.020918  0.284961 -0.066183 -0.395284
  0.073981  0.073981  0.073981 -0.197577 -0.269773  0.037910  0.037910 -0.325821
  0.144004 -0.235571  0.036971  0.036971  0.036971 -0.048012  0.023253  0.023253
  0.054011  0.016217  0.016217 -0.071564 -0.004856 -0.004856  0.443651 -0.067824
 -0.316046  0.064237  0.064237  0.064237  0.113713 -0.030645 -0.030645 -0.103133
 -0.001417 -0.001417  0.418327 -0.087129 -0.286313  0.052882  0.052882  0.052882
 -0.285824  0.053118  0.053118  0.053118 -0.765182  0.425768  0.449027  0.050420
 -0.026930  0.062994 -0.040190  0.008989 -0.050791 -0.076517 -0.027393 -0.202797
  0.018321  0.018321  0.491912 -0.118293  0.014469  0.014469  0.024592 -0.005987
 -0.005987 -0.016643  0.007296  0.007296  0.157564 -0.020918 -0.020918  0.284961
 -0.066183 -0.395284  0.073981  0.073981  0.073981 -0.197577 -0.269773  0.037910
  0.037910 -0.325821  0.144004 -0.235571  0.036971  0.036971  0.036971 -0.048012
  0.023253  0.023253  0.054011  0.016217  0.016217 -0.071564 -0.004856 -0.004856
  0.443651 -0.067824 -0.316046  0.064237  0.064237  0.064237  0.113713 -0.030645
 -0.030645 -0.103133 -0.001417 -0.001417  0.418327 -0.087129 -0.286313  0.052882
  0.052882  0.052882 -0.285824  0.053118  0.053118  0.053118 -0.765182  0.425768
  0.449027  0.050420 -0.026930  0.062994 -0.040190  0.008989 -0.050791 -0.076517
 -0.027393 -0.202797  0.018321  0.018321  0.491912 -0.118293  0.014469  0.014469
  0.024592 -0.005987 -0.005987 -0.016643  0.007296  0.007296  0.157564 -0.020918
 -0.020918  0.284961 -0.066183 -0.395284  0.073981  0.073981  0.073981 -0.197577
 -0.269773  0.037910  0.037910 -0.325821  0.144004 -0.235571  0.036971  0.036971
  0.036971 -0.048012  0.023253  0.023253  0.054011  0.016217  0.016217 -0.071564
 -0.004856 -0.004856  0.443651 -0.067824 -0.316046  0.064237  0.064237  0.064237
  0.113713 -0.030645 -0.030645 -0.103133 -0.001417 -0.001417  0.418327 -0.087129
 -0.286313  0.052882  0.052882  0.052882 -0.285824  0.053118  0.053118  0.053118
 -0.765182  0.425768  0.449027  0.050420 -0.026930  0.062994 -0.040190  0.008989
 -0.050791 -0.076517 -0.027393 -0.202797  0.018321  0.018321  0.491912 -0.118293
  0.014469  0.014469  0.024592 -0.005987 -0.005987 -0.016643  0.007296  0.007296
  0.157564 -0.020918 -0.020918  0.284961 -0.066183 -0.395284  0.073981  0.073981
  0.073981 -0.197577 -0.269773  0.037910  0.037910 -0.325821  0.144004 -0.235571
  0.036971  0.036971  0.036971 -0.048012  0.023253  0.023253  0.054011  0.016217
  0.016217 -0.071564 -0.004856 -0.004856  0.443651 -0.067824 -0.316046  0.064237
  0.064237  0.064237  0.113713 -0.030645 -0.030645 -0.103133 -0.001417 -0.001417
  0.418327 -0.087129 -0.286313  0.052882  0.052882  0.052882 -0.285824  0.053118
  0.053118  0.053118 -0.765182  0.425768  0.449027  0.050420 -0.026930  0.062994
 -0.040190  0.008989 -0.050791 -0.076517 -0.027393 -0.202797  0.018321  0.018321
  0.491912 -0.118293  0.014469  0.014469  0.024592 -0.005987 -0.005987 -0.016643
  0.007296  0.007296  0.157564 -0.020918 -0.020918  0.284961 -0.066183 -0.395284
  0.073981  0.073981  0.073981 -0.197577 -0.269773  0.037910  0.037910 -0.325821
  0.144004 -0.235571  0.036971  0.036971  0.036971 -0.048012  0.023253  0.023253
  0.054011  0.016217  0.016217 -0.071564 -0.004856 -0.004856  0.443651 -0.067824
 -0.316046  0.064237  0.064237  0.064237  0.113713 -0.030645 -0.030645 -0.103133
 -0.001417 -0.001417  0.418327 -0.087129 -0.286313  0.052882  0.052882  0.052882
 -0.285824  0.053118  0.053118  0.053118 -0.765182  0.425768  0.449027  0.050420
 -0.026930  0.062994 -0.040190  0.008989 -0.050791 -0.076517 -0.027393 -0.202797
  0.018321  0.018321  0.491912 -0.118293  0.014469  0.014469  0.024592 -0.005987
 -0.005987 -0.016643  0.007296  0.007296  0.157564 -0.020918 -0.020918  0.284961
 -0.066183 -0.395284  0.073981  0.073981  0.073981 -0.197577 -0.269773  0.037910
  0.037910 -0.325821  0.144004 -0.235571  0.036971  0.036971  0.036971 -0.048012
  0.023253  0.023253  0.054011  0.016217  0.016217 -0.071564 -0.004856 -0.004856
  0.443651 -0.067824 -0.316046  0.064237  0.064237  0.064237  0.113713 -0.030645
 -0.030645 -0.103133 -0.001417 -0.001417  0.418327 -0.087129 -0.286313  0.052882
  0.052882  0.052882 -0.285824  0.053118  0.053118  0.053118 -0.765182  0.425768
  0.449027  0.050420 -0.026930  0.062994 -0.040190  0.008989 -0.050791 -0.076517
 -0.027393 -0.202797  0.018321  0.018321  0.491912 -0.118293  0.014469  0.014469
  0.024592 -0.005987 -0.005987 -0.016643  0.007296  0.007296  0.157564 -0.020918
 -0.020918  0.284961 -0.066183 -0.395284  0.073981  0.073981  0.073981 -0.197577
 -0.269773  0.037910  0.037910 -0.325821  0.144004 -0.235571  0.036971  0.036971
  0.036971 -0.048012  0.023253  0.023253  0.054011  0.016217  0.016217 -0.071564
 -0.004856 -0.004856  0.443651 -0.067824 -0.316046  0.064237  0.064237  0.064237
  0.113713 -0.030645 -0.030645 -0.103133 -0.001417 -0.001417  0.418327 -0.087129
 -0.286313  0.052882  0.052882  0.052882 -0.285824  0.053118  0.053118  0.053118
 -0.765182  0.425768  0.449027  0.050420 -0.026930  0.062994 -0.040190  0.008989
 -0.050791 -0.076517 -0.027393 -0.202797  0.018321  0.018321  0.491912 -0.118293
  0.014469  0.014469  0.024592 -0.005987 -0.005987 -0.016643  0.007296  0.007296
  0.157564 -0.020918 -0.020918  0.284961 -0.066183 -0.395284  0.073981  0.073981
  0.073981 -0.197577 -0.269773  0.037910  0.037910 -0.325821  0.144004 -0.235571
  0.036971  0.036971  0.036971 -0.048012  0.023253  0.023253  0.054011  0.016217
  0.016217 -0.071564 -0.004856 -0.004856  0.443651 -0.067824 -0.316046  0.064237
  0.064237  0.064237  0.113713 -0.030645 -0.030645 -0.103133 -0.001417 -0.001417
  0.418327 -0.087129 -0.286313  0.052882  0.052882  0.052882 -0.285824  0.053118
  0.053118  0.053118 -0.765182  0.425768  0.449027  0.050420 -0.026930  0.062994
 -0.040190  0.008989 -0.050791 -0.076517 -0.027393 -0.202797  0.018321  0.018321
  0.491912 -0.118293  0.014469  0.014469  0.024592 -0.005987 -0.005987 -0.016643
  0.007296  0.007296  0.157564 -0.020918 -0.020918  0.284961 -0.066183 -0.395284
  0.073981  0.073981  0.073981 -0.197577 -0.269773  0.037910  0.037910 -0.325821
  0.144004 -0.235571  0.036971  0.036971  0.036971 -0.048012  0.023253  0.023253
  0.054011  0.016217  0.016217 -0.071564 -0.004856 -0.004856  0.443651 -0.067824
 -0.316046  0.064237  0.064237  0.064237  0.113713 -0.030645 -0.030645 -0.103133
 -0.001417 -0.001417  0.418327 -0.087129 -0.286313  0.052882  0.052882  0.052882
 -0.285824  0.053118  0.053118  0.053118 -0.765182  0.425768  0.449027  0.050420
 -0.026930  0.062994 -0.040190  0.008989 -0.050791 -0.076517 -0.027393 -0.202797
  0.018321  0.018321  0.491912 -0.118293  0.014469  0.014469  0.024592 -0.005987
 -0.005987 -0.016643  0.007296  0.007296  0.157564 -0.020918 -0.020918  0.284961
 -0.066183 -0.395284  0.073981  0.073981  0.073981 -0.197577 -0.269773  0.037910
  0.037910 -0.325821  0.144004 -0.235571  0.036971  0.036971  0.036971 -0.048012
  0.023253  0.023253  0.054011  0.016217  0.016217 -0.071564 -0.004856 -0.004856
  0.443651 -0.067824 -0.316046  0.064237  0.064237  0.064237  0.113713 -0.030645
 -0.030645 -0.103133 -0.001417 -0.001417  0.418327 -0.087129 -0.286313  0.052882
  0.052882  0.052882 -0.285824  0.053118  0.053118  0.053118 -0.765182  0.425768
  0.449027  0.050420 -0.026930  0.062994 -0.040190  0.008989 -0.050791 -0.076517
 -0.027393 -0.202797  0.018321  0.018321  0.491912 -0.118293  0.014469  0.014469
  0.024592 -0.005987 -0.005987 -0.016643  0.007296  0.007296  0.157564 -0.020918
 -0.020918  0.284961 -0.066183 -0.395284  0.073981  0.073981  0.073981 -0.197577
 -0.269773  0.037910  0.037910 -0.325821  0.144004 -0.235571  0.036971  0.036971
  0.036971 -0.048012  0.023253  0.023253  0.054011  0.016217  0.016217 -0.071564
 -0.004856 -0.004856  0.443651 -0.067824 -0.316046  0.064237  0.064237  0.064237
  0.113713 -0.030645 -0.030645 -0.103133 -0.001417 -0.001417  0.418327 -0.087129
 -0.286313  0.052882  0.052882  0.052882 -0.285824  0.053118  0.053118  0.053118
 -0.765182  0.425768  0.449027  0.050420 -0.026930  0.062994 -0.040190  0.008989
 -0.050791 -0.076517 -0.027393 -0.202797  0.018321  0.018321  0.491912 -0.118293
  0.014469  0.014469  0.024592 -0.005987 -0.005987 -0.016643  0.007296  0.007296
  0.157564 -0.020918 -0.020918  0.284961 -0.066183 -0.395284  0.073981  0.073981
  0.073981 -0.197577 -0.269773  0.037910  0.037910 -0.325821  0.144004 -0.235571
  0.036971  0.036971  0.036971 -0.048012  0.023253  0.023253  0.054011  0.016217
  0.016217 -0.071564 -0.004856 -0.004856  0.443651 -0.067824 -0.316046  0.064237
  0.064237  0.064237  0.113713 -0.030645 -0.030645 -0.103133 -0.001417 -0.001417
  0.418327 -0.087129 -0.286313  0.052882  0.052882  0.052882 -0.285824  0.053118
  0.053118  0.053118 -0.765182  0.425768  0.449027  0.050420 -0.026930  0.062994
 -0.040190  0.008989 -0.050791 -0.076517 -0.027393 -0.202797  0.018321  0.018321
  0.491912 -0.118293  0.014469  0.014469  0.024592 -0.005987 -0.005987 -0.016643
  0.007296  0.007296  0.157564 -0.020918 -0.020918  0.284961 -0.066183 -0.395284
  0.073981  0.073981  0.073981 -0.197577 -0.269773  0.037910  0.037910 -0.325821
  0.144004 -0.235571  0.036971  0.036971  0.036971 -0.048012  0.023253  0.023253
  0.054011  0.016217  0.016217 -0.071564 -0.004856 -0.004856  0.443651 -0.067824
 -0.316046  0.064237  0.064237  0.064237  0.113713 -0.030645 -0.030645 -0.103133
 -0.001417 -0.001417  0.418327 -0.087129 -0.286313  0.052882  0.052882  0.052882
 -0.285824  0.053118  0.053118  0.053118 -0.765182  0.425768  0.449027  0.050420
 -0.026930  0.062994 -0.040190  0.008989 -0.050791 -0.076517 -0.027393 -0.202797
  0.018321  0.018321  0.491912 -0.118293  0.014469  0.014469  0.024592 -0.005987
 -0.005987 -0.016643  0.007296  0.007296  0.157564 -0.020918 -0.020918  0.284961
 -0.066183 -0.395284  0.073981  0.073981  0.073981 -0.197577 -0.269773  0.037910
  0.037910 -0.325821  0.144004 -0.235571  0.036971  0.036971  0.036971 -0.048012
  0.023253  0.023253  0.054011  0.016217  0.016217 -0.071564 -0.004856 -0.004856
  0.443651 -0.067824 -0.316046  0.064237  0.064237  0.064237  0.113713 -0.030645
 -0.030645 -0.103133 -0.001417 -0.001417  0.418327 -0.087129 -0.286313  0.052882
  0.052882  0.052882 -0.285824  0.053118  0.053118  0.053118 -0.765182  0.425768
  0.449027  0.050420 -0.026930  0.062994 -0.040190  0.008989 -0.050791 -0.076517
 -0.027393 -0.202797  0.018321  0.018321  0.491912 -0.118293  0.014469  0.014469
  0.024592 -0.005987 -0.005987 -0.016643  0.007296  0.007296  0.157564 -0.020918
 -0.020918  0.284961 -0.066183 -0.395284  0.073981  0.073981  0.073981 -0.197577
 -0.269773  0.037910  0.037910 -0.325821  0.144004 -0.235571  0.036971  0.036971
  0.036971 -0.048012  0.023253  0.023253  0.054011  0.016217  0.016217 -0.071564
 -0.004856 -0.004856  0.443651 -0.067824 -0.316046  0.064237  0.064237  0.064237
  0.113713 -0.030645 -0.030645 -0.103133 -0.001417 -0.001417  0.418327 -0.087129
 -0.286313  0.052882  0.052882  0.052882 -0.285824  0.053118  0.053118  0.053118
 -0.765182  0.425768  0.449027  0.050420 -0.026930  0.062994 -0.040190  0.008989
 -0.050791 -0.076517 -0.027393 -0.202797  0.018321  0.018321  0.491912 -0.118293
  0.014469  0.014469  0.024592 -0.005987 -0.005987 -0.016643  0.007296  0.007296
  0.157564 -0.020918 -0.020918  0.284961 -0.066183 -0.395284  0.073981  0.073981
  0.073981 -0.197577 -0.269773  0.037910  0.037910 -0.325821  0.144004 -0.235571
  0.036971  0.036971  0.036971 -0.048012  0.023253  0.023253  0.054011  0.016217
  0.016217 -0.071564 -0.004856 -0.004856  0.443651 -0.067824 -0.316046  0.064237
  0.064237  0.064237  0.113713 -0.030645 -0.030645 -0.103133 -0.001417 -0.001417
  0.418327 -0.087129 -0.286313  0.052882  0.052882  0.052882 -0.285824  0.053118
  0.053118  0.053118 -0.765182  0.425768  0.449027  0.050420 -0.026930  0.062994
 -0.040190  0.008989 -0.050791 -0.076517 -0.027393 -0.202797  0.018321  0.018321
  0.491912 -0.118293  0.014469  0.014469  0.024592 -0.005987 -0.005987 -0.016643
  0.007296  0.007296  0.157564 -0.020918 -0.020918  0.284961 -0.066183 -0.395284
  0.073981  0.073981  0.073981 -0.197577 -0.269773  0.037910  0.037910 -0.325821
  0.144004 -0.235571  0.036971  0.036971  0.036971 -0.048012  0.023253  0.023253
  0.054011  0.016217  0.016217 -0.071564 -0.004856 -0.004856  0.443651 -0.067824
 -0.316046  0.064237  0.064237  0.064237  0.113713 -0.030645 -0.030645 -0.103133
 -0.001417 -0.001417  0.418327 -0.087129 -0.286313  0.052882  0.052882  0.052882
 -0.285824  0.053118  0.053118  0.053118 -0.765182  0.425768  0.449027  0.050420
 -0.026930  0.062994 -0.040190  0.008989 -0.050791 -0.076517 -0.027393 -0.202797
  0.018321  0.018321  0.491912 -0.118293  0.014469  0.014469  0.024592 -0.005987
 -0.005987 -0.016643  0.007296  0.007296  0.157564 -0.020918 -0.020918  0.284961
 -0.066183 -0.395284  0.073981  0.073981  0.073981 -0.197577 -0.269773  0.037910
  0.037910 -0.325821  0.144004 -0.235571  0.036971  0.036971  0.036971 -0.048012
  0.023253  0.023253  0.054011  0.016217  0.016217 -0.071564 -0.004856 -0.004856
  0.443651 -0.067824 -0.316046  0.064237  0.064237  0.064237  0.113713 -0.030645
 -0.030645 -0.103133 -0.001417 -0.001417  0.418327 -0.087129 -0.286313  0.052882
  0.052882  0.052882 -0.285824  0.053118  0.053118  0.053118 -0.765182  0.425768
  0.449027  0.050420 -0.026930  0.062994 -0.040190  0.008989 -0.050791 -0.076517
 -0.027393 -0.202797  0.018321  0.018321  0.491912 -0.118293  0.014469  0.014469
  0.024592 -0.005987 -0.005987 -0.016643  0.007296  0.007296  0.157564 -0.020918
 -0.020918  0.284961 -0.066183 -0.395284  0.073981  0.073981  0.073981 -0.197577
 -0.269773  0.037910  0.037910 -0.325821  0.144004 -0.235571  0.036971  0.036971
  0.036971 -0.048012  0.023253  0.023253  0.054011  0.016217  0.016217 -0.071564
 -0.004856 -0.004856  0.443651 -0.067824 -0.316046  0.064237  0.064237  0.064237
  0.113713 -0.030645 -0.030645 -0.103133 -0.001417 -0.001417  0.418327 -0.087129
 -0.286313  0.052882  0.052882  0.052882 -0.285824  0.053118  0.053118  0.053118
 -0.765182  0.425768  0.449027  0.050420 -0.026930  0.062994 -0.040190  0.008989
 -0.050791 -0.076517 -0.027393 -0.202797  0.018321  0.018321  0.491912 -0.118293
  0.014469  0.014469  0.024592 -0.005987 -0.005987 -0.016643  0.007296  0.007296
  0.157564 -0.020918 -0.020918  0.284961 -0.066183 -0.395284  0.073981  0.073981
  0.073981 -0.197577 -0.269773  0.037910  0.037910 -0.325821  0.144004 -0.235571
  0.036971  0.036971  0.036971 -0.048012  0.023253  0.023253  0.054011  0.016217
  0.016217 -0.071564 -0.004856 -0.004856  0.443651 -0.067824 -0.316046  0.064237
  0.064237  0.064237  0.113713 -0.030645 -0.030645 -0.103133 -0.001417 -0.001417
  0.418327 -0.087129 -0.286313  0.052882  0.052882  0.052882 -0.285824  0.053118
  0.053118  0.053118 -0.765182  0.425768  0.449027  0.050420 -0.026930  0.062994
 -0.040190  0.008989 -0.050791 -0.076517 -0.027393 -0.202797  0.018321  0.018321
  0.491912 -0.118293  0.014469  0.014469  0.024592 -0.005987 -0.005987 -0.016643
  0.007296  0.007296  0.157564 -0.020918 -0.020918  0.284961 -0.066183 -0.395284
  0.073981  0.073981  0.073981 -0.197577 -0.269773  0.037910  0.037910 -0.325821
  0.144004 -0.235571  0.036971  0.036971  0.036971 -0.048012  0.023253  0.023253
  0.054011  0.016217  0.016217 -0.071564 -0.004856 -0.004856  0.443651 -0.067824
 -0.316046  0.064237  0.064237  0.064237  0.113713 -0.030645 -0.030645 -0.103133
 -0.001417 -0.001417  0.418327 -0.087129 -0.286313  0.052882  0.052882  0.052882
 -0.285824  0.053118  0.053118  0.053118 -0.765182  0.425768  0.449027  0.050420
 -0.026930  0.062994 -0.040190  0.008989 -0.050791 -0.076517 -0.027393 -0.202797
  0.018321  0.018321  0.491912 -0.118293  0.014469  0.014469  0.024592 -0.005987
 -0.005987 -0.016643  0.007296  0.007296  0.157564 -0.020918 -0.020918  0.284961
 -0.066183 -0.395284  0.073981  0.073981  0.073981 -0.197577 -0.269773  0.037910
  0.037910 -0.325821  0.144004 -0.235571  0.036971  0.036971  0.036971 -0.048012
  0.023253  0.023253  0.054011  0.016217  0.016217 -0.071564 -0.004856 -0.004856
  0.443651 -0.067824 -0.316046  0.064237  0.064237  0.064237  0.113713 -0.030645
 -0.030645 -0.103133 -0.001417 -0.001417  0.418327 -0.087129 -0.286313  0.052882
  0.052882  0.052882 -0.285824  0.053118  0.053118  0.053118 -0.765182  0.425768
  0.449027  0.050420 -0.026930  0.062994 -0.040190  0.008989 -0.050791 -0.076517
 -0.027393 -0.202797  0.018321  0.018321  0.491912 -0.118293  0.014469  0.014469
  0.024592 -0.005987 -0.005987 -0.016643  0.007296  0.007296  0.157564 -0.020918
 -0.020918  0.284961 -0.066183 -0.395284  0.073981  0.073981  0.073981 -0.197577
 -0.269773  0.037910  0.037910 -0.325821  0.144004 -0.235571  0.036971  0.036971
  0.036971 -0.048012  0.023253  0.023253  0.054011  0.016217  0.016217 -0.071564
 -0.004856 -0.004856  0.443651 -0.067824 -0.316046  0.064237  0.064237  0.064237
  0.113713 -0.030645 -0.030645 -0.103133 -0.001417 -0.001417  0.418327 -0.087129
 -0.286313  0.052882  0.052882  0.052882 -0.285824  0.053118  0.053118  0.053118
 -0.765182  0.425768  0.449027  0.050420 -0.026930  0.062994 -0.040190  0.008989
 -0.050791 -0.076517 -0.027393 -0.202797  0.018321  0.018321  0.491912 -0.118293
  0.014469  0.014469  0.024592 -0.005987 -0.005987 -0.016643  0.007296  0.007296
  0.157564 -0.020918 -0.020918  0.284961 -0.066183 -0.395284  0.073981  0.073981
  0.073981 -0.197577 -0.269773  0.037910  0.037910 -0.325821  0.144004 -0.235571
  0.036971  0.036971  0.036971 -0.048012  0.023253  0.023253  0.054011  0.016217
  0.016217 -0.071564 -0.004856 -0.004856  0.443651 -0.067824 -0.316046  0.064237
  0.064237  0.064237  0.113713 -0.030645 -0.030645 -0.103133 -0.001417 -0.001417
  0.418327 -0.087129 -0.286313  0.052882  0.052882  0.052882 -0.285824  0.053118
  0.053118  0.053118 -0.765182  0.425768  0.449027  0.050420 -0.026930  0.062994
 -0.040190  0.008989 -0.050791 -0.076517 -0.027393 -0.202797  0.018321  0.018321
  0.491912 -0.118293  0.014469  0.014469  0.024592 -0.005987 -0.005987 -0.016643
  0.007296  0.007296  0.157564 -0.020918 -0.020918  0.284961 -0.066183 -0.395284
  0.073981  0.073981  0.073981 -0.197577 -0.269773  0.037910  0.037910 -0.325821
  0.144004 -0.235571  0.036971  0.036971  0.036971 -0.048012  0.023253  0.023253
  0.054011  0.016217  0.016217 -0.071564 -0.004856 -0.004856  0.443651 -0.067824
 -0.316046  0.064237  0.064237  0.064237  0.113713 -0.030645 -0.030645 -0.103133
 -0.001417 -0.001417  0.418327 -0.087129 -0.286313  0.052882  0.052882  0.052882
 -0.285824  0.053118  0.053118  0.053118 -0.765182  0.425768  0.449027  0.050420
 -0.026930  0.062994 -0.040190  0.008989 -0.050791 -0.076517 -0.027393 -0.202797
  0.018321  0.018321  0.491912 -0.118293  0.014469  0.014469  0.024592 -0.005987
 -0.005987 -0.016643  0.007296  0.007296  0.157564 -0.020918 -0.020918  0.284961
 -0.066183 -0.395284  0.073981  0.073981  0.073981 -0.197577 -0.269773  0.037910
  0.037910 -0.325821  0.144004 -0.235571  0.036971  0.036971  0.036971 -0.048012
  0.023253  0.023253  0.054011  0.016217  0.016217 -0.071564 -0.004856 -0.004856
  0.443651 -0.067824 -0.316046  0.064237  0.064237  0.064237  0.113713 -0.030645
 -0.030645 -0.103133 -0.001417 -0.001417  0.418327 -0.087129 -0.286313  0.052882
  0.052882  0.052882 -0.285824  0.053118  0.053118  0.053118 -0.765182  0.425768
  0.449027  0.050420 -0.026930  0.062994 -0.040190  0.008989 -0.050791 -0.076517
 -0.027393 -0.202797  0.018321  0.018321  0.491912 -0.118293  0.014469  0.014469
  0.024592 -0.005987 -0.005987 -0.016643  0.007296  0.007296  0.157564 -0.020918
 -0.020918  0.284961 -0.066183 -0.395284  0.073981  0.073981  0.073981 -0.197577
 -0.269773  0.037910  0.037910 -0.325821  0.144004 -0.235571  0.036971  0.036971
  0.036971 -0.048012  0.023253  0.023253  0.054011  0.016217  0.016217 -0.071564
 -0.004856 -0.004856  0.443651 -0.067824 -0.316046  0.064237  0.064237  0.064237
  0.113713 -0.030645 -0.030645 -0.103133 -0.001417 -0.001417  0.418327 -0.087129
 -0.286313  0.052882  0.052882  0.052882 -0.285824  0.053118  0.053118  0.053118
 -0.765182  0.425768  0.449027  0.050420 -0.026930  0.062994 -0.040190  0.008989
 -0.050791 -0.076517 -0.027393 -0.202797  0.018321  0.018321  0.491912 -0.118293
  0.014469  0.014469  0.024592 -0.005987 -0.005987 -0.016643  0.007296  0.007296
  0.157564 -0.020918 -0.020918  0.284961 -0.066183 -0.395284  0.073981  0.073981
  0.073981 -0.197577 -0.269773  0.037910  0.037910 -0.325821  0.144004 -0.235571
  0.036971  0.036971  0.036971 -0.048012  0.023253  0.023253  0.054011  0.016217
  0.016217 -0.071564 -0.004856 -0.004856  0.443651 -0.067824 -0.316046  0.064237
  0.064237  0.064237  0.113713 -0.030645 -0.030645 -0.103133 -0.001417 -0.001417
  0.418327 -0.087129 -0.286313  0.052882  0.052882  0.052882 -0.285824  0.053118
  0.053118  0.053118 -0.765182  0.425768  0.449027  0.050420 -0.026930  0.062994
 -0.040190  0.008989 -0.050791 -0.076517 -0.027393 -0.202797  0.018321  0.018321
  0.491912 -0.118293  0.014469  0.014469  0.024592 -0.005987 -0.005987 -0.016643
  0.007296  0.007296  0.157564 -0.020918 -0.020918  0.284961 -0.066183 -0.395284
  0.073981  0.073981  0.073981 -0.197577 -0.269773  0.037910  0.037910 -0.325821
  0.144004 -0.235571  0.036971  0.036971  0.036971 -0.048012  0.023253  0.023253
  0.054011  0.016217  0.016217 -0.071564 -0.004856 -0.004856  0.443651 -0.067824
 -0.316046  0.064237  0.064237  0.064237  0.113713 -0.030645 -0.030645 -0.103133
 -0.001417 -0.001417  0.418327 -0.087129 -0.286313  0.052882  0.052882  0.052882
 -0.285824  0.053118  0.053118  0.053118 -0.765182  0.425768  0.449027  0.050420
 -0.026930  0.062994 -0.040190  0.008989 -0.050791 -0.076517 -0.027393 -0.202797
  0.018321  0.018321  0.491912 -0.118293  0.014469  0.014469  0.024592 -0.005987
 -0.005987 -0.016643  0.007296  0.007296  0.157564 -0.020918 -0.020918  0.284961
 -0.066183 -0.395284  0.073981  0.073981  0.073981 -0.197577 -0.269773  0.037910
  0.037910 -0.325821  0.144004 -0.235571  0.036971  0.036971  0.036971 -0.048012
  0.023253  0.023253  0.054011  0.016217  0.016217 -0.071564 -0.004856 -0.004856
  0.443651 -0.067824 -0.316046  0.064237  0.064237  0.064237  0.113713 -0.030645
 -0.030645 -0.103133 -0.001417 -0.001417  0.418327 -0.087129 -0.286313  0.052882
  0.052882  0.052882 -0.285824  0.053118  0.053118  0.053118 -0.765182  0.425768
  0.449027  0.050420 -0.026930  0.062994 -0.040190  0.008989 -0.050791 -0.076517
 -0.027393 -0.202797  0.018321  0.018321  0.491912 -0.118293  0.014469  0.014469
  0.024592 -0.005987 -0.005987 -0.016643  0.007296  0.007296  0.157564 -0.020918
 -0.020918  0.284961 -0.066183 -0.395284  0.073981  0.073981  0.073981 -0.197577
 -0.269773  0.037910  0.037910 -0.325821  0.144004 -0.235571  0.036971  0.036971
  0.036971 -0.048012  0.023253  0.023253  0.054011  0.016217  0.016217 -0.071564
 -0.004856 -0.004856  0.443651 -0.067824 -0.316046  0.064237  0.064237  0.064237
  0.113713 -0.030645 -0.030645 -0.103133 -0.001417 -0.001417  0.418327 -0.087129
 -0.286313  0.052882  0.052882  0.052882 -0.285824  0.053118  0.053118  0.053118
 -0.765182  0.425768  0.449027  0.050420 -0.026930  0.062994 -0.040190  0.008989
 -0.050791 -0.076517 -0.027393 -0.202797  0.018321  0.018321  0.491912 -0.118293
  0.014469  0.014469  0.024592 -0.005987 -0.005987 -0.016643  0.007296  0.007296
  0.157564 -0.020918 -0.020918  0.284961 -0.066183 -0.395284  0.073981  0.073981
  0.073981 -0.197577 -0.269773  0.037910  0.037910 -0.325821  0.144004 -0.235571
  0.036971  0.036971  0.036971 -0.048012  0.023253  0.023253  0.054011  0.016217
  0.016217 -0.071564 -0.004856 -0.004856  0.443651 -0.067824 -0.316046  0.064237
  0.064237  0.064237  0.113713 -0.030645 -0.030645 -0.103133 -0.001417 -0.001417
  0.418327 -0.087129 -0.286313  0.052882  0.052882  0.052882 -0.285824  0.053118
  0.053118  0.053118 -0.765182  0.425768  0.449027  0.050420 -0.026930  0.062994
 -0.040190  0.008989 -0.050791 -0.076517 -0.027393 -0.202797  0.018321  0.018321
  0.491912 -0.118293  0.014469  0.014469  0.024592 -0.005987 -0.005987 -0.016643
  0.007296  0.007296  0.157564 -0.020918 -0.020918  0.284961 -0.066183 -0.395284
  0.073981  0.073981  0.073981 -0.197577 -0.269773  0.037910  0.037910 -0.325821
  0.144004 -0.235571  0.036971  0.036971  0.036971 -0.048012  0.023253  0.023253
  0.054011  0.016217  0.016217 -0.071564 -0.004856 -0.004856  0.443651 -0.067824
 -0.316046  0.064237  0.064237  0.064237  0.113713 -0.030645 -0.030645 -0.103133
 -0.001417 -0.001417  0.418327 -0.087129 -0.286313  0.052882  0.052882  0.052882
 -0.285824  0.053118  0.053118  0.053118 -0.765182  0.425768  0.449027  0.050420
 -0.026930  0.062994 -0.040190  0.008989 -0.050791 -0.076517 -0.027393 -0.202797
  0.018321  0.018321  0.491912 -0.118293  0.014469  0.014469  0.024592 -0.005987
 -0.005987 -0.016643  0.007296  0.007296  0.157564 -0.020918 -0.020918  0.284961
 -0.066183 -0.395284  0.073981  0.073981  0.073981 -0.197577 -0.269773  0.037910
  0.037910 -0.325821  0.144004 -0.235571  0.036971  0.036971  0.036971 -0.048012
  0.023253  0.023253  0.054011  0.016217  0.016217 -0.071564 -0.004856 -0.004856
  0.443651 -0.067824 -0.316046  0.064237  0.064237  0.064237  0.113713 -0.030645
 -0.030645 -0.103133 -0.001417 -0.001417  0.418327 -0.087129 -0.286313  0.052882
  0.052882  0.052882 -0.285824  0.053118  0.053118  0.053118 -0.765182  0.425768
  0.449027  0.050420 -0.026930  0.062994 -0.040190  0.008989 -0.050791 -0.076517
 -0.027393 -0.202797  0.018321  0.018321  0.491912 -0.118293  0.014469  0.014469
  0.024592 -0.005987 -0.005987 -0.016643  0.007296  0.007296  0.157564 -0.020918
 -0.020918  0.284961 -0.066183 -0.395284  0.073981  0.073981  0.073981 -0.197577
 -0.269773  0.037910  0.037910 -0.325821  0.144004 -0.235571  0.036971  0.036971
  0.036971 -0.048012  0.023253  0.023253  0.054011  0.016217  0.016217 -0.071564
 -0.004856 -0.004856  0.443651 -0.067824 -0.316046  0.064237  0.064237  0.064237
  0.113713 -0.030645 -0.030645 -0.103133 -0.001417 -0.001417  0.418327 -0.087129
 -0.286313  0.052882  0.052882  0.052882 -0.285824  0.053118  0.053118  0.053118
 -0.765182  0.425768  0.449027  0.050420 -0.026930  0.062994 -0.040190  0.008989
 -0.050791 -0.076517 -0.027393 -0.202797  0.018321  0.018321  0.491912 -0.118293
  0.014469  0.014469  0.024592 -0.005987 -0.005987 -0.016643  0.007296  0.007296
  0.157564 -0.020918 -0.020918  0.284961 -0.066183 -0.395284  0.073981  0.073981
  0.073981 -0.197577 -0.269773  0.037910  0.037910 -0.325821  0.144004 -0.235571
  0.036971  0.036971  0.036971 -0.048012  0.023253  0.023253  0.054011  0.016217
  0.016217 -0.071564 -0.004856 -0.004856  0.443651 -0.067824 -0.316046  0.064237
  0.064237  0.064237  0.113713 -0.030645 -0.030645 -0.103133 -0.001417 -0.001417
  0.418327 -0.087129 -0.286313  0.052882  0.052882  0.052882 -0.285824  0.053118
  0.053118  0.053118 -0.765182  0.425768  0.449027  0.050420 -0.026930  0.062994
 -0.040190  0.008989 -0.050791 -0.076517 -0.027393 -0.202797  0.018321  0.018321
  0.491912 -0.118293  0.014469  0.014469  0.024592 -0.005987 -0.005987 -0.016643
  0.007296  0.007296  0.157564 -0.020918 -0.020918  0.284961 -0.066183 -0.395284
  0.073981  0.073981  0.073981 -0.197577 -0.269773  0.037910  0.037910 -0.325821
  0.144004 -0.235571  0.036971  0.036971  0.036971 -0.048012  0.023253  0.023253
  0.054011  0.016217  0.016217 -0.071564 -0.004856 -0.004856  0.443651 -0.067824
 -0.316046  0.064237  0.064237  0.064237  0.113713 -0.030645 -0.030645 -0.103133
 -0.001417 -0.001417  0.418327 -0.087129 -0.286313  0.052882  0.052882  0.052882
 -0.285824  0.053118  0.053118  0.053118 -0.765182  0.425768  0.449027  0.050420
 -0.026930  0.062994 -0.040190  0.008989 -0.050791 -0.076517 -0.027393 -0.202797
  0.018321  0.018321  0.491912 -0.118293  0.014469  0.014469  0.024592 -0.005987
 -0.005987 -0.016643  0.007296  0.007296  0.157564 -0.020918 -0.020918  0.284961
 -0.066183 -0.395284  0.073981  0.073981  0.073981 -0.197577 -0.269773  0.037910
  0.037910 -0.325821  0.144004 -0.235571  0.036971  0.036971  0.036971 -0.048012
  0.023253  0.023253  0.054011  0.016217  0.016217 -0.071564 -0.004856 -0.004856
  0.443651 -0.067824 -0.316046  0.064237  0.064237  0.064237  0.113713 -0.030645
 -0.030645 -0.103133 -0.001417 -0.001417  0.418327 -0.087129 -0.286313  0.052882
  0.052882  0.052882 -0.285824  0.053118  0.053118  0.053118 -0.765182  0.425768
  0.449027  0.050420 -0.026930  0.062994 -0.040190  0.008989 -0.050791 -0.076517
 -0.027393 -0.202797  0.018321  0.018321  0.491912 -0.118293  0.014469  0.014469
  0.024592 -0.005987 -0.005987 -0.016643  0.007296  0.007296  0.157564 -0.020918
 -0.020918  0.284961 -0.066183 -0.395284  0.073981  0.073981  0.073981 -0.197577
 -0.269773  0.037910  0.037910 -0.325821  0.144004 -0.235571  0.036971  0.036971
  0.036971 -0.048012  0.023253  0.023253  0.054011  0.016217  0.016217 -0.071564
 -0.004856 -0.004856  0.443651 -0.067824 -0.316046  0.064237  0.064237  0.064237
  0.113713 -0.030645 -0.030645 -0.103133 -0.001417 -0.001417  0.418327 -0.087129
 -0.286313  0.052882  0.052882  0.052882 -0.285824  0.053118  0.053118  0.053118
 -0.765182  0.425768  0.449027  0.050420 -0.026930  0.062994 -0.040190  0.008989
 -0.050791 -0.076517 -0.027393 -0.202797  0.018321  0.018321  0.491912 -0.118293
  0.014469  0.014469  0.024592 -0.005987 -0.005987 -0.016643  0.007296  0.007296
  0.157564 -0.020918 -0.020918  0.284961 -0.066183 -0.395284  0.073981  0.073981
  0.073981 -0.197577 -0.269773  0.037910  0.037910 -0.325821  0.144004 -0.235571
  0.036971  0.036971  0.036971 -0.048012  0.023253  0.023253  0.054011  0.016217
  0.016217 -0.071564 -0.004856 -0.004856  0.443651 -0.067824 -0.316046  0.064237
  0.064237  0.064237  0.113713 -0.030645 -0.030645 -0.103133 -0.001417 -0.001417
  0.418327 -0.087129 -0.286313  0.052882  0.052882  0.052882 -0.285824  0.053118
  0.053118  0.053118 -0.765182  0.425768  0.449027  0.050420 -0.026930  0.062994
 -0.040190  0.008989 -0.050791 -0.076517 -0.027393 -0.202797  0.018321  0.018321
  0.491912 -0.118293  0.014469  0.014469  0.024592 -0.005987 -0.005987 -0.016643
  0.007296  0.007296  0.157564 -0.020918 -0.020918  0.284961 -0.066183 -0.395284
  0.073981  0.073981  0.073981 -0.197577 -0.269773  0.037910  0.037910 -0.325821
  0.144004 -0.235571  0.036971  0.036971  0.036971 -0.048012  0.023253  0.023253
  0.054011  0.016217  0.016217 -0.071564 -0.004856 -0.004856  0.443651 -0.067824
 -0.316046  0.064237  0.064237  0.064237  0.113713 -0.030645 -0.030645 -0.103133
 -0.001417 -0.001417  0.418327 -0.087129 -0.286313  0.052882  0.052882  0.052882
 -0.285824  0.053118  0.053118  0.053118 -0.765182  0.425768  0.449027  0.050420
 -0.026930  0.062994 -0.040190  0.008989 -0.050791 -0.076517 -0.027393 -0.202797
  0.018321  0.018321  0.491912 -0.118293  0.014469  0.014469  0.024592 -0.005987
 -0.005987 -0.016643  0.007296  0.007296  0.157564 -0.020918 -0.020918  0.284961
 -0.066183 -0.395284  0.073981  0.073981  0.073981 -0.197577 -0.269773  0.037910
  0.037910 -0.325821  0.144004 -0.235571  0.036971  0.036971  0.036971 -0.048012
  0.023253  0.023253  0.054011  0.016217  0.016217 -0.071564 -0.004856 -0.004856
  0.443651 -0.067824 -0.316046  0.064237  0.064237  0.064237  0.113713 -0.030645
 -0.030645 -0.103133 -0.001417 -0.001417  0.418327 -0.087129 -0.286313  0.052882
  0.052882  0.052882 -0.285824  0.053118  0.053118  0.053118 -0.765182  0.425768
  0.449027  0.050420 -0.026930  0.062994 -0.040190  0.008989 -0.050791 -0.076517
 -0.027393 -0.202797  0.018321  0.018321  0.491912 -0.118293  0.014469  0.014469
  0.024592 -0.005987 -0.005987 -0.016643  0.007296  0.007296  0.157564 -0.020918
 -0.020918  0.284961 -0.066183 -0.395284  0.073981  0.073981  0.073981 -0.197577
 -0.269773  0.037910  0.037910 -0.325821  0.144004 -0.235571  0.036971  0.036971
  0.036971 -0.048012  0.023253  0.023253  0.054011  0.016217  0.016217 -0.071564
 -0.004856 -0.004856  0.443651 -0.067824 -0.316046  0.064237  0.064237  0.064237
  0.113713 -0.030645 -0.030645 -0.103133 -0.001417 -0.001417  0.418327 -0.087129
 -0.286313  0.052882  0.052882  0.052882 -0.285824  0.053118  0.053118  0.053118
 -0.765182  0.425768  0.449027  0.050420 -0.026930  0.062994 -0.040190  0.008989
 -0.050791 -0.076517 -0.027393 -0.202797  0.018321  0.018321  0.491912 -0.118293
  0.014469  0.014469  0.024592 -0.005987 -0.005987 -0.016643  0.007296  0.007296
  0.157564 -0.020918 -0.020918  0.284961 -0.066183 -0.395284  0.073981  0.073981
  0.073981 -0.197577 -0.269773  0.037910  0.037910 -0.325821  0.144004 -0.235571
  0.036971  0.036971  0.036971 -0.048012  0.023253  0.023253  0.054011  0.016217
  0.016217 -0.071564 -0.004856 -0.004856  0.443651 -0.067824 -0.316046  0.064237
  0.064237  0.064237  0.113713 -0.030645 -0.030645 -0.103133 -0.001417 -0.001417
  0.418327 -0.087129 -0.286313  0.052882  0.052882  0.052882 -0.285824  0.053118
  0.053118  0.053118 -0.765182  0.425768  0.449027  0.050420 -0.026930  0.062994
 -0.040190  0.008989 -0.050791 -0.076517 -0.027393 -0.202797  0.018321  0.018321
  0.491912 -0.118293  0.014469  0.014469  0.024592 -0.005987 -0.005987 -0.016643
  0.007296  0.007296  0.157564 -0.020918 -0.020918  0.284961 -0.066183 -0.395284
  0.073981  0.073981  0.073981 -0.197577 -0.269773  0.037910  0.037910 -0.325821
  0.144004 -0.235571  0.036971  0.036971  0.036971 -0.048012  0.023253  0.023253
  0.054011  0.016217  0.016217 -0.071564 -0.004856 -0.004856  0.443651 -0.067824
 -0.316046  0.064237  0.064237  0.064237  0.113713 -0.030645 -0.030645 -0.103133
 -0.001417 -0.001417  0.418327 -0.087129 -0.286313  0.052882  0.052882  0.052882
 -0.285824  0.053118  0.053118  0.053118 -0.765182  0.425768  0.449027  0.050420
 -0.026930  0.062994 -0.040190  0.008989 -0.050791 -0.076517 -0.027393 -0.202797
  0.018321  0.018321  0.491912 -0.118293  0.014469  0.014469  0.024592 -0.005987
 -0.005987 -0.016643  0.007296  0.007296  0.157564 -0.020918 -0.020918  0.284961
 -0.066183 -0.395284  0.073981  0.073981  0.073981 -0.197577 -0.269773  0.037910
  0.037910 -0.325821  0.144004 -0.235571  0.036971  0.036971  0.036971 -0.048012
  0.023253  0.023253  0.054011  0.016217  0.016217 -0.071564 -0.004856 -0.004856
  0.443651 -0.067824 -0.316046  0.064237  0.064237  0.064237  0.113713 -0.030645
 -0.030645 -0.103133 -0.001417 -0.001417  0.418327 -0.087129 -0.286313  0.052882
  0.052882  0.052882 -0.285824  0.053118  0.053118  0.053118 -0.765182  0.425768
  0.449027  0.050420 -0.026930  0.062994 -0.040190  0.008989 -0.050791 -0.076517
 -0.027393 -0.202797  0.018321  0.018321  0.491912 -0.118293  0.014469  0.014469
  0.024592 -0.005987 -0.005987 -0.016643  0.007296  0.007296  0.157564 -0.020918
 -0.020918  0.284961 -0.066183 -0.395284  0.073981  0.073981  0.073981 -0.197577
 -0.269773  0.037910  0.037910 -0.325821  0.144004 -0.235571  0.036971  0.036971
  0.036971 -0.048012  0.023253  0.023253  0.054011  0.016217  0.016217 -0.071564
 -0.004856 -0.004856  0.443651 -0.067824 -0.316046  0.064237  0.064237  0.064237
  0.113713 -0.030645 -0.030645 -0.103133 -0.001417 -0.001417  0.418327 -0.087129
 -0.286313  0.052882  0.052882  0.052882 -0.285824  0.053118  0.053118  0.053118
 -0.765182  0.425768  0.449027  0.050420 -0.026930  0.062994 -0.040190  0.008989
 -0.050791 -0.076517 -0.027393 -0.202797  0.018321  0.018321  0.491912 -0.118293
  0.014469  0.014469  0.024592 -0.005987 -0.005987 -0.016643  0.007296  0.007296
  0.157564 -0.020918 -0.020918  0.284961 -0.066183 -0.395284  0.073981  0.073981
  0.073981 -0.197577 -0.269773  0.037910  0.037910 -0.325821  0.144004 -0.235571
  0.036971  0.036971  0.036971 -0.048012  0.023253  0.023253  0.054011  0.016217
  0.016217 -0.071564 -0.004856 -0.004856  0.443651 -0.067824 -0.316046  0.064237
  0.064237  0.064237  0.113713 -0.030645 -0.030645 -0.103133 -0.001417 -0.001417
  0.418327 -0.087129 -0.286313  0.052882  0.052882  0.052882 -0.285824  0.053118
  0.053118  0.053118 -0.765182  0.425768  0.449027  0.050420 -0.026930  0.062994
 -0.040190  0.008989 -0.050791 -0.076517 -0.027393 -0.202797  0.018321  0.018321
  0.491912 -0.118293  0.014469  0.014469  0.024592 -0.005987 -0.005987 -0.016643
  0.007296  0.007296  0.157564 -0.020918 -0.020918  0.284961 -0.066183 -0.395284
  0.073981  0.073981  0.073981 -0.197577 -0.269773  0.037910  0.037910 -0.325821
  0.144004 -0.235571  0.036971  0.036971  0.036971 -0.048012  0.023253  0.023253
  0.054011  0.016217  0.016217 -0.071564 -0.004856 -0.004856  0.443651 -0.067824
 -0.316046  0.064237  0.064237  0.064237  0.113713 -0.030645 -0.030645 -0.103133
 -0.001417 -0.001417  0.418327 -0.087129 -0.286313  0.052882  0.052882  0.052882
 -0.285824  0.053118  0.053118  0.053118 -0.765182  0.425768  0.449027  0.050420
 -0.026930  0.062994 -0.040190  0.008989 -0.050791 -0.076517 -0.027393 -0.202797
  0.018321  0.018321  0.491912 -0.118293  0.014469  0.014469  0.024592 -0.005987
 -0.005987 -0.016643  0.007296  0.007296  0.157564 -0.020918 -0.020918  0.284961
 -0.066183 -0.395284  0.073981  0.073981  0.073981 -0.197577 -0.269773  0.037910
  0.037910 -0.325821  0.144004 -0.235571  0.036971  0.036971  0.036971 -0.048012
  0.023253  0.023253  0.054011  0.016217  0.016217 -0.071564 -0.004856 -0.004856
  0.443651 -0.067824 -0.316046  0.064237  0.064237  0.064237  0.113713 -0.030645
 -0.030645 -0.103133 -0.001417 -0.001417  0.418327 -0.087129 -0.286313  0.052882
  0.052882  0.052882 -0.285824  0.053118  0.053118  0.053118 -0.765182  0.425768
  0.449027  0.050420 -0.026930  0.062994 -0.040190  0.008989 -0.050791 -0.076517
 -0.027393 -0.202797  0.018321  0.018321  0.491912 -0.118293  0.014469  0.014469
  0.024592 -0.005987 -0.005987 -0.016643  0.007296  0.007296  0.157564 -0.020918
 -0.020918  0.284961 -0.066183 -0.395284  0.073981  0.073981  0.073981 -0.197577
 -0.269773  0.037910  0.037910 -0.325821  0.144004 -0.235571  0.036971  0.036971
  0.036971 -0.048012  0.023253  0.023253  0.054011  0.016217  0.016217 -0.071564
 -0.004856 -0.004856  0.443651 -0.067824 -0.316046  0.064237  0.064237  0.064237
  0.113713 -0.030645 -0.030645 -0.103133 -0.001417 -0.001417  0.418327 -0.087129
 -0.286313  0.052882  0.052882  0.052882 -0.285824  0.053118  0.053118  0.053118
 -0.765182  0.425768  0.449027  0.050420 -0.026930  0.062994 -0.040190  0.008989
 -0.050791 -0.076517 -0.027393 -0.202797  0.018321  0.018321  0.491912 -0.118293
  0.014469  0.014469  0.024592 -0.005987 -0.005987 -0.016643  0.007296  0.007296
  0.157564 -0.020918 -0.020918  0.284961 -0.066183 -0.395284  0.073981  0.073981
  0.073981 -0.197577 -0.269773  0.037910  0.037910 -0.325821  0.144004 -0.235571
  0.036971  0.036971  0.036971 -0.048012  0.023253  0.023253  0.054011  0.016217
  0.016217 -0.071564 -0.004856 -0.004856  0.443651 -0.067824 -0.316046  0.064237
  0.064237  0.064237  0.113713 -0.030645 -0.030645 -0.103133 -0.001417 -0.001417
  0.418327 -0.087129 -0.286313  0.052882  0.052882  0.052882 -0.285824  0.053118
  0.053118  0.053118 -0.765182  0.425768  0.449027  0.050420 -0.026930  0.062994
 -0.040190  0.008989 -0.050791 -0.076517 -0.027393 -0.202797  0.018321  0.018321
  0.491912 -0.118293  0.014469  0.014469  0.024592 -0.005987 -0.005987 -0.016643
  0.007296  0.007296  0.157564 -0.020918 -0.020918  0.284961 -0.066183 -0.395284
  0.073981  0.073981  0.073981 -0.197577 -0.269773  0.037910  0.037910 -0.325821
  0.144004 -0.235571  0.036971  0.036971  0.036971 -0.048012  0.023253  0.023253
  0.054011  0.016217  0.016217 -0.071564 -0.004856 -0.004856  0.443651 -0.067824
 -0.316046  0.064237  0.064237  0.064237  0.113713 -0.030645 -0.030645 -0.103133
 -0.001417 -0.001417  0.418327 -0.087129 -0.286313  0.052882  0.052882  0.052882
 -0.285824  0.053118  0.053118  0.053118 -0.765182  0.425768  0.449027  0.050420
 -0.026930  0.062994 -0.040190  0.008989 -0.050791 -0.076517 -0.027393 -0.202797
  0.018321  0.018321  0.491912 -0.118293  0.014469  0.014469  0.024592 -0.005987
 -0.005987 -0.016643  0.007296  0.007296  0.157564 -0.020918 -0.020918  0.284961
 -0.066183 -0.395284  0.073981  0.073981  0.073981 -0.197577 -0.269773  0.037910
  0.037910 -0.325821  0.144004 -0.235571  0.036971  0.036971  0.036971 -0.048012
  0.023253  0.023253  0.054011  0.016217  0.016217 -0.071564 -0.004856 -0.004856
  0.443651 -0.067824 -0.316046  0.064237  0.064237  0.064237  0.113713 -0.030645
 -0.030645 -0.103133 -0.001417 -0.001417  0.418327 -0.087129 -0.286313  0.052882
  0.052882  0.052882 -0.285824  0.053118  0.053118  0.053118 -0.765182  0.425768
  0.449027  0.050420 -0.026930  0.062994 -0.040190  0.008989 -0.050791 -0.076517
 -0.027393 -0.202797  0.018321  0.018321  0.491912 -0.118293  0.014469  0.014469
  0.024592 -0.005987 -0.005987 -0.016643  0.007296  0.007296  0.157564 -0.020918
 -0.020918  0.284961 -0.066183 -0.395284  0.073981  0.073981  0.073981 -0.197577
 -0.269773  0.037910  0.037910 -0.325821  0.144004 -0.235571  0.036971  0.036971
  0.036971 -0.048012  0.023253  0.023253  0.054011  0.016217  0.016217 -0.071564
 -0.004856 -0.004856  0.443651 -0.067824 -0.316046  0.064237  0.064237  0.064237
  0.113713 -0.030645 -0.030645 -0.103133 -0.001417 -0.001417  0.418327 -0.087129
 -0.286313  0.052882  0.052882  0.052882 -0.285824  0.053118  0.053118  0.053118
 -0.765182  0.425768  0.449027  0.050420 -0.026930  0.062994 -0.040190  0.008989
 -0.050791 -0.076517 -0.027393 -0.202797  0.018321  0.018321  0.491912 -0.118293
  0.014469  0.014469  0.024592 -0.005987 -0.005987 -0.016643  0.007296  0.007296
  0.157564 -0.020918 -0.020918  0.284961 -0.066183 -0.395284  0.073981  0.073981
  0.073981 -0.197577 -0.269773  0.037910  0.037910 -0.325821  0.144004 -0.235571
  0.036971  0.036971  0.036971 -0.048012  0.023253  0.023253  0.054011  0.016217
  0.016217 -0.071564 -0.004856 -0.004856  0.443651 -0.067824 -0.316046  0.064237
  0.064237  0.064237  0.113713 -0.030645 -0.030645 -0.103133 -0.001417 -0.001417
  0.418327 -0.087129 -0.286313  0.052882  0.052882  0.052882 -0.285824  0.053118
  0.053118  0.053118 -0.765182  0.425768  0.449027  0.050420 -0.026930  0.062994
 -0.040190  0.008989 -0.050791 -0.076517 -0.027393 -0.202797  0.018321  0.018321
  0.491912 -0.118293  0.014469  0.014469  0.024592 -0.005987 -0.005987 -0.016643
  0.007296  0.007296  0.157564 -0.020918 -0.020918  0.284961 -0.066183 -0.395284
  0.073981  0.073981  0.073981 -0.197577 -0.269773  0.037910  0.037910 -0.325821
  0.144004 -0.235571  0.036971  0.036971  0.036971 -0.048012  0.023253  0.023253
  0.054011  0.016217  0.016217 -0.071564 -0.004856 -0.004856  0.443651 -0.067824
 -0.316046  0.064237  0.064237  0.064237  0.113713 -0.030645 -0.030645 -0.103133
 -0.001417 -0.001417  0.418327 -0.087129 -0.286313  0.052882  0.052882  0.052882
 -0.285824  0.053118  0.053118  0.053118 -0.765182  0.425768  0.449027  0.050420
 -0.026930  0.062994 -0.040190  0.008989 -0.050791 -0.076517 -0.027393 -0.202797
  0.018321  0.018321  0.491912 -0.118293  0.014469  0.014469  0.024592 -0.005987
 -0.005987 -0.016643  0.007296  0.007296  0.157564 -0.020918 -0.020918  0.284961
 -0.066183 -0.395284  0.073981  0.073981  0.073981 -0.197577 -0.269773  0.037910
  0.037910 -0.325821  0.144004 -0.235571  0.036971  0.036971  0.036971 -0.048012
  0.023253  0.023253  0.054011  0.016217  0.016217 -0.071564 -0.004856 -0.004856
  0.443651 -0.067824 -0.316046  0.064237  0.064237  0.064237  0.113713 -0.030645
 -0.030645 -0.103133 -0.001417 -0.001417  0.418327 -0.087129 -0.286313  0.052882
  0.052882  0.052882 -0.285824  0.053118  0.053118  0.053118 -0.765182  0.425768
  0.449027  0.050420 -0.026930  0.062994 -0.040190  0.008989 -0.050791 -0.076517
 -0.027393 -0.202797  0.018321  0.018321  0.491912 -0.118293  0.014469  0.014469
  0.024592 -0.005987 -0.005987 -0.016643  0.007296  0.007296  0.157564 -0.020918
 -0.020918  0.284961 -0.066183 -0.395284  0.073981  0.073981  0.073981 -0.197577
 -0.269773  0.037910  0.037910 -0.325821  0.144004 -0.235571  0.036971  0.036971
  0.036971 -0.048012  0.023253  0.023253  0.054011  0.016217  0.016217 -0.071564
 -0.004856 -0.004856  0.443651 -0.067824 -0.316046  0.064237  0.064237  0.064237
  0.113713 -0.030645 -0.030645 -0.103133 -0.001417 -0.001417  0.418327 -0.087129
 -0.286313  0.052882  0.052882  0.052882 -0.285824  0.053118  0.053118  0.053118
 -0.765182  0.425768  0.449027  0.050420 -0.026930  0.062994 -0.040190  0.008989
 -0.050791 -0.076517 -0.027393 -0.202797  0.018321  0.018321  0.491912 -0.118293
  0.014469  0.014469  0.024592 -0.005987 -0.005987 -0.016643  0.007296  0.007296
  0.157564 -0.020918 -0.020918  0.284961 -0.066183 -0.395284  0.073981  0.073981
  0.073981 -0.197577 -0.269773  0.037910  0.037910 -0.325821  0.144004 -0.235571
  0.036971  0.036971  0.036971 -0.048012  0.023253  0.023253  0.054011  0.016217
  0.016217 -0.071564 -0.004856 -0.004856  0.443651 -0.067824 -0.316046  0.064237
  0.064237  0.064237  0.113713 -0.030645 -0.030645 -0.103133 -0.001417 -0.001417
  0.418327 -0.087129 -0.286313  0.052882  0.052882  0.052882 -0.285824  0.053118
  0.053118  0.053118 -0.765182  0.425768  0.449027  0.050420 -0.026930  0.062994
 -0.040190  0.008989 -0.050791 -0.076517 -0.027393 -0.202797  0.018321  0.018321
  0.491912 -0.118293  0.014469  0.014469  0.024592 -0.005987 -0.005987 -0.016643
  0.007296  0.007296  0.157564 -0.020918 -0.020918  0.284961 -0.066183 -0.395284
  0.073981  0.073981  0.073981 -0.197577 -0.269773  0.037910  0.037910 -0.325821
  0.144004 -0.235571  0.036971  0.036971  0.036971 -0.048012  0.023253  0.023253
  0.054011  0.016217  0.016217 -0.071564 -0.004856 -0.004856  0.443651 -0.067824
 -0.316046  0.064237  0.064237  0.064237  0.113713 -0.030645 -0.030645 -0.103133
 -0.001417 -0.001417  0.418327 -0.087129 -0.286313  0.052882  0.052882  0.052882
 -0.285824  0.053118  0.053118  0.053118 -0.765182  0.425768  0.449027  0.050420
 -0.026930  0.062994 -0.040190  0.008989 -0.050791 -0.076517 -0.027393 -0.202797
  0.018321  0.018321  0.491912 -0.118293  0.014469  0.014469  0.024592 -0.005987
 -0.005987 -0.016643  0.007296  0.007296  0.157564 -0.020918 -0.020918  0.284961
 -0.066183 -0.395284  0.073981  0.073981  0.073981 -0.197577 -0.269773  0.037910
  0.037910 -0.325821  0.144004 -0.235571  0.036971  0.036971  0.036971 -0.048012
  0.023253  0.023253  0.054011  0.016217  0.016217 -0.071564 -0.004856 -0.004856
  0.443651 -0.067824 -0.316046  0.064237  0.064237  0.064237  0.113713 -0.030645
 -0.030645 -0.103133 -0.001417 -0.001417  0.418327 -0.087129 -0.286313  0.052882
  0.052882  0.052882 -0.285824  0.053118  0.053118  0.053118 -0.765182  0.425768
  0.449027  0.050420 -0.026930  0.062994 -0.040190  0.008989 -0.050791 -0.076517
 -0.027393 -0.202797  0.018321  0.018321  0.491912 -0.118293  0.014469  0.014469
  0.024592 -0.005987 -0.005987 -0.016643  0.007296  0.007296  0.157564 -0.020918
 -0.020918  0.284961 -0.066183 -0.395284  0.073981  0.073981  0.073981 -0.197577
 -0.269773  0.037910  0.037910 -0.325821  0.144004 -0.235571  0.036971  0.036971
  0.036971 -0.048012  0.023253  0.023253  0.054011  0.016217  0.016217 -0.071564
 -0.004856 -0.004856  0.443651 -0.067824 -0.316046  0.064237  0.064237  0.064237
  0.113713 -0.030645 -0.030645 -0.103133 -0.001417 -0.001417  0.418327 -0.087129
 -0.286313  0.052882  0.052882  0.052882 -0.285824  0.053118  0.053118  0.053118
 -0.765182  0.425768  0.449027  0.050420 -0.026930  0.062994 -0.040190  0.008989
 -0.050791 -0.076517 -0.027393 -0.202797  0.018321  0.018321  0.491912 -0.118293
  0.014469  0.014469  0.024592 -0.005987 -0.005987 -0.016643  0.007296  0.007296
  0.157564 -0.020918 -0.020918  0.284961 -0.066183 -0.395284  0.073981  0.073981
  0.073981 -0.197577 -0.269773  0.037910  0.037910 -0.325821  0.144004 -0.235571
  0.036971  0.036971  0.036971 -0.048012  0.023253  0.023253  0.054011  0.016217
  0.016217 -0.071564 -0.004856 -0.004856  0.443651 -0.067824 -0.316046  0.064237
  0.064237  0.064237  0.113713 -0.030645 -0.030645 -0.103133 -0.001417 -0.001417
  0.418327 -0.087129 -0.286313  0.052882  0.052882  0.052882 -0.285824  0.053118
  0.053118  0.053118 -0.765182  0.425768  0.449027  0.050420 -0.026930  0.062994
 -0.040190  0.008989 -0.050791 -0.076517 -0.027393 -0.202797  0.018321  0.018321
  0.491912 -0.118293  0.014469  0.014469  0.024592 -0.005987 -0.005987 -0.016643
  0.007296  0.007296  0.157564 -0.020918 -0.020918  0.284961 -0.066183 -0.395284
  0.073981  0.073981  0.073981 -0.197577 -0.269773  0.037910  0.037910 -0.325821
  0.144004 -0.235571  0.036971  0.036971  0.036971 -0.048012  0.023253  0.023253
  0.054011  0.016217  0.016217 -0.071564 -0.004856 -0.004856  0.443651 -0.067824
 -0.316046  0.064237  0.064237  0.064237  0.113713 -0.030645 -0.030645 -0.103133
 -0.001417 -0.001417  0.418327 -0.087129 -0.286313  0.052882  0.052882  0.052882
 -0.285824  0.053118  0.053118  0.053118 -0.765182  0.425768  0.449027  0.050420
 -0.026930  0.062994 -0.040190  0.008989 -0.050791 -0.076517 -0.027393 -0.202797
  0.018321  0.018321  0.491912 -0.118293  0.014469  0.014469  0.024592 -0.005987
 -0.005987 -0.016643  0.007296  0.007296  0.157564 -0.020918 -0.020918  0.284961
 -0.066183 -0.395284  0.073981  0.073981  0.073981 -0.197577 -0.269773  0.037910
  0.037910 -0.325821  0.144004 -0.235571  0.036971  0.036971  0.036971 -0.048012
  0.023253  0.023253  0.054011  0.016217  0.016217 -0.071564 -0.004856 -0.004856
  0.443651 -0.067824 -0.316046  0.064237  0.064237  0.064237  0.113713 -0.030645
 -0.030645 -0.103133 -0.001417 -0.001417  0.418327 -0.087129 -0.286313  0.052882
  0.052882  0.052882 -0.285824  0.053118  0.053118  0.053118 -0.765182  0.425768
  0.449027  0.050420 -0.026930  0.062994 -0.040190  0.008989 -0.050791 -0.076517
 -0.027393 -0.202797  0.018321  0.018321  0.491912 -0.118293  0.014469  0.014469
  0.024592 -0.005987 -0.005987 -0.016643  0.007296  0.007296  0.157564 -0.020918
 -0.020918  0.284961 -0.066183 -0.395284  0.073981  0.073981  0.073981 -0.197577
 -0.269773  0.037910  0.037910 -0.325821  0.144004 -0.235571  0.036971  0.036971
  0.036971 -0.048012  0.023253  0.023253  0.054011  0.016217  0.016217 -0.071564
 -0.004856 -0.004856  0.443651 -0.067824 -0.316046  0.064237  0.064237  0.064237
  0.113713 -0.030645 -0.030645 -0.103133 -0.001417 -0.001417  0.418327 -0.087129
 -0.286313  0.052882  0.052882  0.052882 -0.285824  0.053118  0.053118  0.053118
 -0.765182  0.425768  0.449027  0.050420 -0.026930  0.062994 -0.040190  0.008989
 -0.050791 -0.076517 -0.027393 -0.202797  0.018321  0.018321  0.491912 -0.118293
  0.014469  0.014469  0.024592 -0.005987 -0.005987 -0.016643  0.007296  0.007296
  0.157564 -0.020918 -0.020918  0.284961 -0.066183 -0.395284  0.073981  0.073981
  0.073981 -0.197577 -0.269773  0.037910  0.037910 -0.325821  0.144004 -0.235571
  0.036971  0.036971  0.036971 -0.048012  0.023253  0.023253  0.054011  0.016217
  0.016217 -0.071564 -0.004856 -0.004856  0.443651 -0.067824 -0.316046  0.064237
  0.064237  0.064237  0.113713 -0.030645 -0.030645 -0.103133 -0.001417 -0.001417
  0.418327 -0.087129 -0.286313  0.052882  0.052882  0.052882 -0.285824  0.053118
  0.053118  0.053118 -0.765182  0.425768  0.449027  0.050420 -0.026930  0.062994
 -0.040190  0.008989 -0.050791 -0.076517 -0.027393 -0.202797  0.018321  0.018321
  0.491912 -0.118293  0.014469  0.014469  0.024592 -0.005987 -0.005987 -0.016643
  0.007296  0.007296  0.157564 -0.020918 -0.020918  0.284961 -0.066183 -0.395284
  0.073981  0.073981  0.073981 -0.197577 -0.269773  0.037910  0.037910 -0.325821
  0.144004 -0.235571  0.036971  0.036971  0.036971 -0.048012  0.023253  0.023253
  0.054011  0.016217  0.016217 -0.071564 -0.004856 -0.004856  0.443651 -0.067824
 -0.316046  0.064237  0.064237  0.064237  0.113713 -0.030645 -0.030645 -0.103133
 -0.001417 -0.001417  0.418327 -0.087129 -0.286313  0.052882  0.052882  0.052882
 -0.285824  0.053118  0.053118  0.053118 -0.765182  0.425768  0.449027  0.050420
 -0.026930  0.062994 -0.040190  0.008989 -0.050791 -0.076517 -0.027393 -0.202797
  0.018321  0.018321  0.491912 -0.118293  0.014469  0.014469  0.024592 -0.005987
 -0.005987 -0.016643  0.007296  0.007296  0.157564 -0.020918 -0.020918  0.284961
 -0.066183 -0.395284  0.073981  0.073981  0.073981 -0.197577 -0.269773  0.037910
  0.037910 -0.325821  0.144004 -0.235571  0.036971  0.036971  0.036971 -0.048012
  0.023253  0.023253  0.054011  0.016217  0.016217 -0.071564 -0.004856 -0.004856
  0.443651 -0.067824 -0.316046  0.064237  0.064237  0.064237  0.113713 -0.030645
 -0.030645 -0.103133 -0.001417 -0.001417  0.418327 -0.087129 -0.286313  0.052882
  0.052882  0.052882 -0.285824  0.053118  0.053118  0.053118 -0.765182  0.425768
  0.449027  0.050420 -0.026930  0.062994 -0.040190  0.008989 -0.050791 -0.076517
 -0.027393 -0.202797  0.018321  0.018321  0.491912 -0.118293  0.014469  0.014469
  0.024592 -0.005987 -0.005987 -0.016643  0.007296  0.007296  0.157564 -0.020918
 -0.020918  0.284961 -0.066183 -0.395284  0.073981  0.073981  0.073981 -0.197577
 -0.269773  0.037910  0.037910 -0.325821  0.144004 -0.235571  0.036971  0.036971
  0.036971 -0.048012  0.023253  0.023253  0.054011  0.016217  0.016217 -0.071564
 -0.004856 -0.004856  0.443651 -0.067824 -0.316046  0.064237  0.064237  0.064237
  0.113713 -0.030645 -0.030645 -0.103133 -0.001417 -0.001417  0.418327 -0.087129
 -0.286313  0.052882  0.052882  0.052882 -0.285824  0.053118  0.053118  0.053118
 -0.765182  0.425768  0.449027  0.050420 -0.026930  0.062994 -0.040190  0.008989
 -0.050791 -0.076517 -0.027393 -0.202797  0.018321  0.018321  0.491912 -0.118293
  0.014469  0.014469  0.024592 -0.005987 -0.005987 -0.016643  0.007296  0.007296
  0.157564 -0.020918 -0.020918  0.284961 -0.066183 -0.395284  0.073981  0.073981
  0.073981 -0.197577 -0.269773  0.037910  0.037910 -0.325821  0.144004 -0.235571
  0.036971  0.036971  0.036971 -0.048012  0.023253  0.023253  0.054011  0.016217
  0.016217 -0.071564 -0.004856 -0.004856  0.443651 -0.067824 -0.316046  0.064237
  0.064237  0.064237  0.113713 -0.030645 -0.030645 -0.103133 -0.001417 -0.001417
  0.418327 -0.087129 -0.286313  0.052882  0.052882  0.052882 -0.285824  0.053118
  0.053118  0.053118 -0.765182  0.425768  0.449027  0.050420 -0.026930  0.062994
 -0.040190  0.008989 -0.050791 -0.076517 -0.027393 -0.202797  0.018321  0.018321
  0.491912 -0.118293  0.014469  0.014469  0.024592 -0.005987 -0.005987 -0.016643
  0.007296  0.007296  0.157564 -0.020918 -0.020918  0.284961 -0.066183 -0.395284
  0.073981  0.073981  0.073981 -0.197577 -0.269773  0.037910  0.037910 -0.325821
  0.144004 -0.235571  0.036971  0.036971  0.036971 -0.048012  0.023253  0.023253
  0.054011  0.016217  0.016217 -0.071564 -0.004856 -0.004856  0.443651 -0.067824
 -0.316046  0.064237  0.064237  0.064237  0.113713 -0.030645 -0.030645 -0.103133
 -0.001417 -0.001417  0.418327 -0.087129 -0.286313  0.052882  0.052882  0.052882
 -0.285824  0.053118  0.053118  0.053118 -0.765182  0.425768  0.449027  0.050420
 -0.026930  0.062994 -0.040190  0.008989 -0.050791 -0.076517 -0.027393 -0.202797
  0.018321  0.018321  0.491912 -0.118293  0.014469  0.014469  0.024592 -0.005987
 -0.005987 -0.016643  0.007296  0.007296  0.157564 -0.020918 -0.020918  0.284961
 -0.066183 -0.395284  0.073981  0.073981  0.073981 -0.197577 -0.269773  0.037910
  0.037910 -0.325821  0.144004 -0.235571  0.036971  0.036971  0.036971 -0.048012
  0.023253  0.023253  0.054011  0.016217  0.016217 -0.071564 -0.004856 -0.004856
  0.443651 -0.067824 -0.316046  0.064237  0.064237  0.064237  0.113713 -0.030645
 -0.030645 -0.103133 -0.001417 -0.001417  0.418327 -0.087129 -0.286313  0.052882
  0.052882  0.052882 -0.285824  0.053118  0.053118  0.053118 -0.765182  0.425768
  0.449027  0.050420 -0.026930  0.062994 -0.040190  0.008989 -0.050791 -0.076517
 -0.027393 -0.202797  0.018321  0.018321  0.491912 -0.118293  0.014469  0.014469
  0.024592 -0.005987 -0.005987 -0.016643  0.007296  0.007296  0.157564 -0.020918
 -0.020918  0.284961 -0.066183 -0.395284  0.073981  0.073981  0.073981 -0.197577
 -0.269773  0.037910  0.037910 -0.325821  0.144004 -0.235571  0.036971  0.036971
  0.036971 -0.048012  0.023253  0.023253  0.054011  0.016217  0.016217 -0.071564
 -0.004856 -0.004856  0.443651 -0.067824 -0.316046  0.064237  0.064237  0.064237
  0.113713 -0.030645 -0.030645 -0.103133 -0.001417 -0.001417  0.418327 -0.087129
 -0.286313  0.052882  0.052882  0.052882 -0.285824  0.053118  0.053118  0.053118
 -0.765182  0.425768  0.449027  0.050420 -0.026930  0.062994 -0.040190  0.008989
 -0.050791 -0.076517 -0.027393 -0.202797  0.018321  0.018321  0.491912 -0.118293
  0.014469  0.014469  0.024592 -0.005987 -0.005987 -0.016643  0.007296  0.007296
  0.157564 -0.020918 -0.020918  0.284961 -0.066183 -0.395284  0.073981  0.073981
  0.073981 -0.197577 -0.269773  0.037910  0.037910 -0.325821  0.144004 -0.235571
  0.036971  0.036971  0.036971 -0.048012  0.023253  0.023253  0.054011  0.016217
  0.016217 -0.071564 -0.004856 -0.004856  0.443651 -0.067824 -0.316046  0.064237
  0.064237  0.064237  0.113713 -0.030645 -0.030645 -0.103133 -0.001417 -0.001417
  0.418327 -0.087129 -0.286313  0.052882  0.052882  0.052882 -0.285824  0.053118
  0.053118  0.053118 -0.765182  0.425768  0.449027  0.050420 -0.026930  0.062994
 -0.040190  0.008989 -0.050791 -0.076517 -0.027393 -0.202797  0.018321  0.018321
  0.491912 -0.118293  0.014469  0.014469  0.024592 -0.005987 -0.005987 -0.016643
  0.007296  0.007296  0.157564 -0.020918 -0.020918  0.284961 -0.066183 -0.395284
  0.073981  0.073981  0.073981 -0.197577 -0.269773  0.037910  0.037910 -0.325821
  0.144004 -0.235571  0.036971  0.036971  0.036971 -0.048012  0.023253  0.023253
  0.054011  0.016217  0.016217 -0.071564 -0.004856 -0.004856  0.443651 -0.067824
 -0.316046  0.064237  0.064237  0.064237  0.113713 -0.030645 -0.030645 -0.103133
 -0.001417 -0.001417  0.418327 -0.087129 -0.286313  0.052882  0.052882  0.052882
 -0.285824  0.053118  0.053118  0.053118 -0.765182  0.425768  0.449027  0.050420
 -0.026930  0.062994 -0.040190  0.008989 -0.050791 -0.076517 -0.027393 -0.202797
  0.018321  0.018321  0.491912 -0.118293  0.014469  0.014469  0.024592 -0.005987
 -0.005987 -0.016643  0.007296  0.007296  0.157564 -0.020918 -0.020918  0.284961
 -0.066183 -0.395284  0.073981  0.073981  0.073981 -0.197577 -0.269773  0.037910
  0.037910 -0.325821  0.144004 -0.235571  0.036971  0.036971  0.036971 -0.048012
  0.023253  0.023253  0.054011  0.016217  0.016217 -0.071564 -0.004856 -0.004856
  0.443651 -0.067824 -0.316046  0.064237  0.064237  0.064237  0.113713 -0.030645
 -0.030645 -0.103133 -0.001417 -0.001417  0.418327 -0.087129 -0.286313  0.052882
  0.052882  0.052882 -0.285824  0.053118  0.053118  0.053118 -0.765182  0.425768
  0.449027  0.050420 -0.026930  0.062994 -0.040190  0.008989 -0.050791 -0.076517
 -0.027393 -0.202797  0.018321  0.018321  0.491912 -0.118293  0.014469  0.014469
  0.024592 -0.005987 -0.005987 -0.016643  0.007296  0.007296  0.157564 -0.020918
 -0.020918  0.284961 -0.066183 -0.395284  0.073981  0.073981  0.073981 -0.197577
 -0.269773  0.037910  0.037910 -0.325821  0.144004 -0.235571  0.036971  0.036971
  0.036971 -0.048012  0.023253  0.023253  0.054011  0.016217  0.016217 -0.071564
 -0.004856 -0.004856  0.443651 -0.067824 -0.316046  0.064237  0.064237  0.064237
  0.113713 -0.030645 -0.030645 -0.103133 -0.001417 -0.001417  0.418327 -0.087129
 -0.286313  0.052882  0.052882  0.052882 -0.285824  0.053118  0.053118  0.053118
