 -0.765182  0.425768  0.449027  0.050420 -0.026930  0.062994 -0.040190  0.008989
 -0.050791 -0.076517 -0.027393 -0.195962  0.006689  0.021740  0.491912 -0.115094
  0.011495  0.007898  0.045328 -0.012300 -0.004255  0.002638 -0.004270  0.006088
  0.163385 -0.017361 -0.026339  0.284961 -0.066183 -0.430597  0.078362  0.084787
  0.092168 -0.197577 -0.279536  0.034585  0.043863 -0.325821  0.144004 -0.268280
  0.028737  0.071244  0.036344 -0.031981  0.010532  0.017861  0.076078  0.000990
  0.011605 -0.071356 -0.005671 -0.003195  0.443651 -0.067824 -0.329193  0.063021
  0.071941  0.067817  0.111643 -0.030849 -0.031633 -0.086074 -0.006121 -0.005581
  0.418327 -0.087129 -0.293522  0.051573  0.056664  0.055254 -0.293635  0.051853
  0.056517  0.055588 -0.765182  0.425768  0.449027  0.050420 -0.026930  0.062994
 -0.040190  0.008989 -0.050791 -0.076517 -0.027393 -0.195962  0.006689  0.021740
  0.491912 -0.115094  0.011495  0.007898  0.045328 -0.012300 -0.004255  0.002638
 -0.004270  0.006088  0.163385 -0.017361 -0.026339  0.284961 -0.066183 -0.430597
  0.078362  0.084787  0.092168 -0.197577 -0.279536  0.034585  0.043863 -0.325821
  0.144004 -0.268280  0.028737  0.071244  0.036344 -0.031981  0.010532  0.017861
  0.076078  0.000990  0.011605 -0.071356 -0.005671 -0.003195  0.443651 -0.067824
 -0.329193  0.063021  0.071941  0.067817  0.111643 -0.030849 -0.031633 -0.086074
 -0.006121 -0.005581  0.418327 -0.087129 -0.293522  0.051573  0.056664  0.055254
 -0.293635  0.051853  0.056517  0.055588 -0.765182  0.425768  0.449027  0.050420
 -0.026930  0.062994 -0.040190  0.008989 -0.050791 -0.076517 -0.027393 -0.195962
  0.006689  0.021740  0.491912 -0.115094  0.011495  0.007898  0.045328 -0.012300
 -0.004255  0.002638 -0.004270  0.006088  0.163385 -0.017361 -0.026339  0.284961
 -0.066183 -0.430597  0.078362  0.084787  0.092168 -0.197577 -0.279536  0.034585
  0.043863 -0.325821  0.144004 -0.268280  0.028737  0.071244  0.036344 -0.031981
  0.010532  0.017861  0.076078  0.000990  0.011605 -0.071356 -0.005671 -0.003195
  0.443651 -0.067824 -0.329193  0.063021  0.071941  0.067817  0.111643 -0.030849
 -0.031633 -0.086074 -0.006121 -0.005581  0.418327 -0.087129 -0.293522  0.051573
  0.056664  0.055254 -0.293635  0.051853  0.056517  0.055588 -0.765182  0.425768
  0.449027  0.050420 -0.026930  0.062994 -0.040190  0.008989 -0.050791 -0.076517
 -0.027393 -0.195962  0.006689  0.021740  0.491912 -0.115094  0.011495  0.007898
  0.045328 -0.012300 -0.004255  0.002638 -0.004270  0.006088  0.163385 -0.017361
 -0.026339  0.284961 -0.066183 -0.430597  0.078362  0.084787  0.092168 -0.197577
 -0.279536  0.034585  0.043863 -0.325821  0.144004 -0.268280  0.028737  0.071244
  0.036344 -0.031981  0.010532  0.017861  0.076078  0.000990  0.011605 -0.071356
 -0.005671 -0.003195  0.443651 -0.067824 -0.329193  0.063021  0.071941  0.067817
  0.111643 -0.030849 -0.031633 -0.086074 -0.006121 -0.005581  0.418327 -0.087129
 -0.293522  0.051573  0.056664  0.055254 -0.293635  0.051853  0.056517  0.055588
 -0.765182  0.425768  0.449027  0.050420 -0.026930  0.062994 -0.040190  0.008989
 -0.050791 -0.076517 -0.027393 -0.195962  0.006689  0.021740  0.491912 -0.115094
  0.011495  0.007898  0.045328 -0.012300 -0.004255  0.002638 -0.004270  0.006088
  0.163385 -0.017361 -0.026339  0.284961 -0.066183 -0.430597  0.078362  0.084787
  0.092168 -0.197577 -0.279536  0.034585  0.043863 -0.325821  0.144004 -0.268280
  0.028737  0.071244  0.036344 -0.031981  0.010532  0.017861  0.076078  0.000990
  0.011605 -0.071356 -0.005671 -0.003195  0.443651 -0.067824 -0.329193  0.063021
  0.071941  0.067817  0.111643 -0.030849 -0.031633 -0.086074 -0.006121 -0.005581
  0.418327 -0.087129 -0.293522  0.051573  0.056664  0.055254 -0.293635  0.051853
  0.056517  0.055588 -0.765182  0.425768  0.449027  0.050420 -0.026930  0.062994
 -0.040190  0.008989 -0.050791 -0.076517 -0.027393 -0.195962  0.006689  0.021740
  0.491912 -0.115094  0.011495  0.007898  0.045328 -0.012300 -0.004255  0.002638
 -0.004270  0.006088  0.163385 -0.017361 -0.026339  0.284961 -0.066183 -0.430597
  0.078362  0.084787  0.092168 -0.197577 -0.279536  0.034585  0.043863 -0.325821
  0.144004 -0.268280  0.028737  0.071244  0.036344 -0.031981  0.010532  0.017861
  0.076078  0.000990  0.011605 -0.071356 -0.005671 -0.003195  0.443651 -0.067824
 -0.329193  0.063021  0.071941  0.067817  0.111643 -0.030849 -0.031633 -0.086074
 -0.006121 -0.005581  0.418327 -0.087129 -0.293522  0.051573  0.056664  0.055254
 -0.293635  0.051853  0.056517  0.055588 -0.765182  0.425768  0.449027  0.050420
 -0.026930  0.062994 -0.040190  0.008989 -0.050791 -0.076517 -0.027393 -0.195962
  0.006689  0.021740  0.491912 -0.115094  0.011495  0.007898  0.045328 -0.012300
 -0.004255  0.002638 -0.004270  0.006088  0.163385 -0.017361 -0.026339  0.284961
 -0.066183 -0.430597  0.078362  0.084787  0.092168 -0.197577 -0.279536  0.034585
  0.043863 -0.325821  0.144004 -0.268280  0.028737  0.071244  0.036344 -0.031981
  0.010532  0.017861  0.076078  0.000990  0.011605 -0.071356 -0.005671 -0.003195
  0.443651 -0.067824 -0.329193  0.063021  0.071941  0.067817  0.111643 -0.030849
 -0.031633 -0.086074 -0.006121 -0.005581  0.418327 -0.087129 -0.293522  0.051573
  0.056664  0.055254 -0.293635  0.051853  0.056517  0.055588 -0.765182  0.425768
  0.449027  0.050420 -0.026930  0.062994 -0.040190  0.008989 -0.050791 -0.076517
 -0.027393 -0.195962  0.006689  0.021740  0.491912 -0.115094  0.011495  0.007898
  0.045328 -0.012300 -0.004255  0.002638 -0.004270  0.006088  0.163385 -0.017361
 -0.026339  0.284961 -0.066183 -0.430597  0.078362  0.084787  0.092168 -0.197577
 -0.279536  0.034585  0.043863 -0.325821  0.144004 -0.268280  0.028737  0.071244
  0.036344 -0.031981  0.010532  0.017861  0.076078  0.000990  0.011605 -0.071356
 -0.005671 -0.003195  0.443651 -0.067824 -0.329193  0.063021  0.071941  0.067817
  0.111643 -0.030849 -0.031633 -0.086074 -0.006121 -0.005581  0.418327 -0.087129
 -0.293522  0.051573  0.056664  0.055254 -0.293635  0.051853  0.056517  0.055588
 -0.765182  0.425768  0.449027  0.050420 -0.026930  0.062994 -0.040190  0.008989
 -0.050791 -0.076517 -0.027393 -0.195962  0.006689  0.021740  0.491912 -0.115094
  0.011495  0.007898  0.045328 -0.012300 -0.004255  0.002638 -0.004270  0.006088
  0.163385 -0.017361 -0.026339  0.284961 -0.066183 -0.430597  0.078362  0.084787
  0.092168 -0.197577 -0.279536  0.034585  0.043863 -0.325821  0.144004 -0.268280
  0.028737  0.071244  0.036344 -0.031981  0.010532  0.017861  0.076078  0.000990
  0.011605 -0.071356 -0.005671 -0.003195  0.443651 -0.067824 -0.329193  0.063021
  0.071941  0.067817  0.111643 -0.030849 -0.031633 -0.086074 -0.006121 -0.005581
  0.418327 -0.087129 -0.293522  0.051573  0.056664  0.055254 -0.293635  0.051853
  0.056517  0.055588 -0.765182  0.425768  0.449027  0.050420 -0.026930  0.062994
 -0.040190  0.008989 -0.050791 -0.076517 -0.027393 -0.195962  0.006689  0.021740
  0.491912 -0.115094  0.011495  0.007898  0.045328 -0.012300 -0.004255  0.002638
 -0.004270  0.006088  0.163385 -0.017361 -0.026339  0.284961 -0.066183 -0.430597
  0.078362  0.084787  0.092168 -0.197577 -0.279536  0.034585  0.043863 -0.325821
  0.144004 -0.268280  0.028737  0.071244  0.036344 -0.031981  0.010532  0.017861
  0.076078  0.000990  0.011605 -0.071356 -0.005671 -0.003195  0.443651 -0.067824
 -0.329193  0.063021  0.071941  0.067817  0.111643 -0.030849 -0.031633 -0.086074
 -0.006121 -0.005581  0.418327 -0.087129 -0.293522  0.051573  0.056664  0.055254
 -0.293635  0.051853  0.056517  0.055588 -0.765182  0.425768  0.449027  0.050420
 -0.026930  0.062994 -0.040190  0.008989 -0.050791 -0.076517 -0.027393 -0.195962
  0.006689  0.021740  0.491912 -0.115094  0.011495  0.007898  0.045328 -0.012300
 -0.004255  0.002638 -0.004270  0.006088  0.163385 -0.017361 -0.026339  0.284961
 -0.066183 -0.430597  0.078362  0.084787  0.092168 -0.197577 -0.279536  0.034585
  0.043863 -0.325821  0.144004 -0.268280  0.028737  0.071244  0.036344 -0.031981
  0.010532  0.017861  0.076078  0.000990  0.011605 -0.071356 -0.005671 -0.003195
  0.443651 -0.067824 -0.329193  0.063021  0.071941  0.067817  0.111643 -0.030849
 -0.031633 -0.086074 -0.006121 -0.005581  0.418327 -0.087129 -0.293522  0.051573
  0.056664  0.055254 -0.293635  0.051853  0.056517  0.055588 -0.765182  0.425768
  0.449027  0.050420 -0.026930  0.062994 -0.040190  0.008989 -0.050791 -0.076517
 -0.027393 -0.195962  0.006689  0.021740  0.491912 -0.115094  0.011495  0.007898
  0.045328 -0.012300 -0.004255  0.002638 -0.004270  0.006088  0.163385 -0.017361
 -0.026339  0.284961 -0.066183 -0.430597  0.078362  0.084787  0.092168 -0.197577
 -0.279536  0.034585  0.043863 -0.325821  0.144004 -0.268280  0.028737  0.071244
  0.036344 -0.031981  0.010532  0.017861  0.076078  0.000990  0.011605 -0.071356
 -0.005671 -0.003195  0.443651 -0.067824 -0.329193  0.063021  0.071941  0.067817
  0.111643 -0.030849 -0.031633 -0.086074 -0.006121 -0.005581  0.418327 -0.087129
 -0.293522  0.051573  0.056664  0.055254 -0.293635  0.051853  0.056517  0.055588
 -0.765182  0.425768  0.449027  0.050420 -0.026930  0.062994 -0.040190  0.008989
 -0.050791 -0.076517 -0.027393 -0.195962  0.006689  0.021740  0.491912 -0.115094
  0.011495  0.007898  0.045328 -0.012300 -0.004255  0.002638 -0.004270  0.006088
  0.163385 -0.017361 -0.026339  0.284961 -0.066183 -0.430597  0.078362  0.084787
  0.092168 -0.197577 -0.279536  0.034585  0.043863 -0.325821  0.144004 -0.268280
  0.028737  0.071244  0.036344 -0.031981  0.010532  0.017861  0.076078  0.000990
  0.011605 -0.071356 -0.005671 -0.003195  0.443651 -0.067824 -0.329193  0.063021
  0.071941  0.067817  0.111643 -0.030849 -0.031633 -0.086074 -0.006121 -0.005581
  0.418327 -0.087129 -0.293522  0.051573  0.056664  0.055254 -0.293635  0.051853
  0.056517  0.055588 -0.765182  0.425768  0.449027  0.050420 -0.026930  0.062994
 -0.040190  0.008989 -0.050791 -0.076517 -0.027393 -0.195962  0.006689  0.021740
  0.491912 -0.115094  0.011495  0.007898  0.045328 -0.012300 -0.004255  0.002638
 -0.004270  0.006088  0.163385 -0.017361 -0.026339  0.284961 -0.066183 -0.430597
  0.078362  0.084787  0.092168 -0.197577 -0.279536  0.034585  0.043863 -0.325821
  0.144004 -0.268280  0.028737  0.071244  0.036344 -0.031981  0.010532  0.017861
  0.076078  0.000990  0.011605 -0.071356 -0.005671 -0.003195  0.443651 -0.067824
 -0.329193  0.063021  0.071941  0.067817  0.111643 -0.030849 -0.031633 -0.086074
 -0.006121 -0.005581  0.418327 -0.087129 -0.293522  0.051573  0.056664  0.055254
 -0.293635  0.051853  0.056517  0.055588 -0.765182  0.425768  0.449027  0.050420
 -0.026930  0.062994 -0.040190  0.008989 -0.050791 -0.076517 -0.027393 -0.195962
  0.006689  0.021740  0.491912 -0.115094  0.011495  0.007898  0.045328 -0.012300
 -0.004255  0.002638 -0.004270  0.006088  0.163385 -0.017361 -0.026339  0.284961
 -0.066183 -0.430597  0.078362  0.084787  0.092168 -0.197577 -0.279536  0.034585
  0.043863 -0.325821  0.144004 -0.268280  0.028737  0.071244  0.036344 -0.031981
  0.010532  0.017861  0.076078  0.000990  0.011605 -0.071356 -0.005671 -0.003195
  0.443651 -0.067824 -0.329193  0.063021  0.071941  0.067817  0.111643 -0.030849
 -0.031633 -0.086074 -0.006121 -0.005581  0.418327 -0.087129 -0.293522  0.051573
  0.056664  0.055254 -0.293635  0.051853  0.056517  0.055588 -0.765182  0.425768
  0.449027  0.050420 -0.026930  0.062994 -0.040190  0.008989 -0.050791 -0.076517
 -0.027393 -0.195962  0.006689  0.021740  0.491912 -0.115094  0.011495  0.007898
  0.045328 -0.012300 -0.004255  0.002638 -0.004270  0.006088  0.163385 -0.017361
 -0.026339  0.284961 -0.066183 -0.430597  0.078362  0.084787  0.092168 -0.197577
 -0.279536  0.034585  0.043863 -0.325821  0.144004 -0.268280  0.028737  0.071244
  0.036344 -0.031981  0.010532  0.017861  0.076078  0.000990  0.011605 -0.071356
 -0.005671 -0.003195  0.443651 -0.067824 -0.329193  0.063021  0.071941  0.067817
  0.111643 -0.030849 -0.031633 -0.086074 -0.006121 -0.005581  0.418327 -0.087129
 -0.293522  0.051573  0.056664  0.055254 -0.293635  0.051853  0.056517  0.055588
 -0.765182  0.425768  0.449027  0.050420 -0.026930  0.062994 -0.040190  0.008989
 -0.050791 -0.076517 -0.027393 -0.195962  0.006689  0.021740  0.491912 -0.115094
  0.011495  0.007898  0.045328 -0.012300 -0.004255  0.002638 -0.004270  0.006088
  0.163385 -0.017361 -0.026339  0.284961 -0.066183 -0.430597  0.078362  0.084787
  0.092168 -0.197577 -0.279536  0.034585  0.043863 -0.325821  0.144004 -0.268280
  0.028737  0.071244  0.036344 -0.031981  0.010532  0.017861  0.076078  0.000990
  0.011605 -0.071356 -0.005671 -0.003195  0.443651 -0.067824 -0.329193  0.063021
  0.071941  0.067817  0.111643 -0.030849 -0.031633 -0.086074 -0.006121 -0.005581
  0.418327 -0.087129 -0.293522  0.051573  0.056664  0.055254 -0.293635  0.051853
  0.056517  0.055588 -0.765182  0.425768  0.449027  0.050420 -0.026930  0.062994
 -0.040190  0.008989 -0.050791 -0.076517 -0.027393 -0.195962  0.006689  0.021740
  0.491912 -0.115094  0.011495  0.007898  0.045328 -0.012300 -0.004255  0.002638
 -0.004270  0.006088  0.163385 -0.017361 -0.026339  0.284961 -0.066183 -0.430597
  0.078362  0.084787  0.092168 -0.197577 -0.279536  0.034585  0.043863 -0.325821
  0.144004 -0.268280  0.028737  0.071244  0.036344 -0.031981  0.010532  0.017861
  0.076078  0.000990  0.011605 -0.071356 -0.005671 -0.003195  0.443651 -0.067824
 -0.329193  0.063021  0.071941  0.067817  0.111643 -0.030849 -0.031633 -0.086074
 -0.006121 -0.005581  0.418327 -0.087129 -0.293522  0.051573  0.056664  0.055254
 -0.293635  0.051853  0.056517  0.055588 -0.765182  0.425768  0.449027  0.050420
 -0.026930  0.062994 -0.040190  0.008989 -0.050791 -0.076517 -0.027393 -0.195962
  0.006689  0.021740  0.491912 -0.115094  0.011495  0.007898  0.045328 -0.012300
 -0.004255  0.002638 -0.004270  0.006088  0.163385 -0.017361 -0.026339  0.284961
 -0.066183 -0.430597  0.078362  0.084787  0.092168 -0.197577 -0.279536  0.034585
  0.043863 -0.325821  0.144004 -0.268280  0.028737  0.071244  0.036344 -0.031981
  0.010532  0.017861  0.076078  0.000990  0.011605 -0.071356 -0.005671 -0.003195
  0.443651 -0.067824 -0.329193  0.063021  0.071941  0.067817  0.111643 -0.030849
 -0.031633 -0.086074 -0.006121 -0.005581  0.418327 -0.087129 -0.293522  0.051573
  0.056664  0.055254 -0.293635  0.051853  0.056517  0.055588 -0.765182  0.425768
  0.449027  0.050420 -0.026930  0.062994 -0.040190  0.008989 -0.050791 -0.076517
 -0.027393 -0.195962  0.006689  0.021740  0.491912 -0.115094  0.011495  0.007898
  0.045328 -0.012300 -0.004255  0.002638 -0.004270  0.006088  0.163385 -0.017361
 -0.026339  0.284961 -0.066183 -0.430597  0.078362  0.084787  0.092168 -0.197577
 -0.279536  0.034585  0.043863 -0.325821  0.144004 -0.268280  0.028737  0.071244
  0.036344 -0.031981  0.010532  0.017861  0.076078  0.000990  0.011605 -0.071356
 -0.005671 -0.003195  0.443651 -0.067824 -0.329193  0.063021  0.071941  0.067817
  0.111643 -0.030849 -0.031633 -0.086074 -0.006121 -0.005581  0.418327 -0.087129
 -0.293522  0.051573  0.056664  0.055254 -0.293635  0.051853  0.056517  0.055588
 -0.765182  0.425768  0.449027  0.050420 -0.026930  0.062994 -0.040190  0.008989
 -0.050791 -0.076517 -0.027393 -0.195962  0.006689  0.021740  0.491912 -0.115094
  0.011495  0.007898  0.045328 -0.012300 -0.004255  0.002638 -0.004270  0.006088
  0.163385 -0.017361 -0.026339  0.284961 -0.066183 -0.430597  0.078362  0.084787
  0.092168 -0.197577 -0.279536  0.034585  0.043863 -0.325821  0.144004 -0.268280
  0.028737  0.071244  0.036344 -0.031981  0.010532  0.017861  0.076078  0.000990
  0.011605 -0.071356 -0.005671 -0.003195  0.443651 -0.067824 -0.329193  0.063021
  0.071941  0.067817  0.111643 -0.030849 -0.031633 -0.086074 -0.006121 -0.005581
  0.418327 -0.087129 -0.293522  0.051573  0.056664  0.055254 -0.293635  0.051853
  0.056517  0.055588 -0.765182  0.425768  0.449027  0.050420 -0.026930  0.062994
 -0.040190  0.008989 -0.050791 -0.076517 -0.027393 -0.195962  0.006689  0.021740
  0.491912 -0.115094  0.011495  0.007898  0.045328 -0.012300 -0.004255  0.002638
 -0.004270  0.006088  0.163385 -0.017361 -0.026339  0.284961 -0.066183 -0.430597
  0.078362  0.084787  0.092168 -0.197577 -0.279536  0.034585  0.043863 -0.325821
  0.144004 -0.268280  0.028737  0.071244  0.036344 -0.031981  0.010532  0.017861
  0.076078  0.000990  0.011605 -0.071356 -0.005671 -0.003195  0.443651 -0.067824
 -0.329193  0.063021  0.071941  0.067817  0.111643 -0.030849 -0.031633 -0.086074
 -0.006121 -0.005581  0.418327 -0.087129 -0.293522  0.051573  0.056664  0.055254
 -0.293635  0.051853  0.056517  0.055588 -0.765182  0.425768  0.449027  0.050420
 -0.026930  0.062994 -0.040190  0.008989 -0.050791 -0.076517 -0.027393 -0.195962
  0.006689  0.021740  0.491912 -0.115094  0.011495  0.007898  0.045328 -0.012300
 -0.004255  0.002638 -0.004270  0.006088  0.163385 -0.017361 -0.026339  0.284961
 -0.066183 -0.430597  0.078362  0.084787  0.092168 -0.197577 -0.279536  0.034585
  0.043863 -0.325821  0.144004 -0.268280  0.028737  0.071244  0.036344 -0.031981
  0.010532  0.017861  0.076078  0.000990  0.011605 -0.071356 -0.005671 -0.003195
  0.443651 -0.067824 -0.329193  0.063021  0.071941  0.067817  0.111643 -0.030849
 -0.031633 -0.086074 -0.006121 -0.005581  0.418327 -0.087129 -0.293522  0.051573
  0.056664  0.055254 -0.293635  0.051853  0.056517  0.055588 -0.765182  0.425768
  0.449027  0.050420 -0.026930  0.062994 -0.040190  0.008989 -0.050791 -0.076517
 -0.027393 -0.195962  0.006689  0.021740  0.491912 -0.115094  0.011495  0.007898
  0.045328 -0.012300 -0.004255  0.002638 -0.004270  0.006088  0.163385 -0.017361
 -0.026339  0.284961 -0.066183 -0.430597  0.078362  0.084787  0.092168 -0.197577
 -0.279536  0.034585  0.043863 -0.325821  0.144004 -0.268280  0.028737  0.071244
  0.036344 -0.031981  0.010532  0.017861  0.076078  0.000990  0.011605 -0.071356
 -0.005671 -0.003195  0.443651 -0.067824 -0.329193  0.063021  0.071941  0.067817
  0.111643 -0.030849 -0.031633 -0.086074 -0.006121 -0.005581  0.418327 -0.087129
 -0.293522  0.051573  0.056664  0.055254 -0.293635  0.051853  0.056517  0.055588
 -0.765182  0.425768  0.449027  0.050420 -0.026930  0.062994 -0.040190  0.008989
 -0.050791 -0.076517 -0.027393 -0.195962  0.006689  0.021740  0.491912 -0.115094
  0.011495  0.007898  0.045328 -0.012300 -0.004255  0.002638 -0.004270  0.006088
  0.163385 -0.017361 -0.026339  0.284961 -0.066183 -0.430597  0.078362  0.084787
  0.092168 -0.197577 -0.279536  0.034585  0.043863 -0.325821  0.144004 -0.268280
  0.028737  0.071244  0.036344 -0.031981  0.010532  0.017861  0.076078  0.000990
  0.011605 -0.071356 -0.005671 -0.003195  0.443651 -0.067824 -0.329193  0.063021
  0.071941  0.067817  0.111643 -0.030849 -0.031633 -0.086074 -0.006121 -0.005581
  0.418327 -0.087129 -0.293522  0.051573  0.056664  0.055254 -0.293635  0.051853
  0.056517  0.055588 -0.765182  0.425768  0.449027  0.050420 -0.026930  0.062994
 -0.040190  0.008989 -0.050791 -0.076517 -0.027393 -0.195962  0.006689  0.021740
  0.491912 -0.115094  0.011495  0.007898  0.045328 -0.012300 -0.004255  0.002638
 -0.004270  0.006088  0.163385 -0.017361 -0.026339  0.284961 -0.066183 -0.430597
  0.078362  0.084787  0.092168 -0.197577 -0.279536  0.034585  0.043863 -0.325821
  0.144004 -0.268280  0.028737  0.071244  0.036344 -0.031981  0.010532  0.017861
  0.076078  0.000990  0.011605 -0.071356 -0.005671 -0.003195  0.443651 -0.067824
 -0.329193  0.063021  0.071941  0.067817  0.111643 -0.030849 -0.031633 -0.086074
 -0.006121 -0.005581  0.418327 -0.087129 -0.293522  0.051573  0.056664  0.055254
 -0.293635  0.051853  0.056517  0.055588 -0.765182  0.425768  0.449027  0.050420
 -0.026930  0.062994 -0.040190  0.008989 -0.050791 -0.076517 -0.027393 -0.195962
  0.006689  0.021740  0.491912 -0.115094  0.011495  0.007898  0.045328 -0.012300
 -0.004255  0.002638 -0.004270  0.006088  0.163385 -0.017361 -0.026339  0.284961
 -0.066183 -0.430597  0.078362  0.084787  0.092168 -0.197577 -0.279536  0.034585
  0.043863 -0.325821  0.144004 -0.268280  0.028737  0.071244  0.036344 -0.031981
  0.010532  0.017861  0.076078  0.000990  0.011605 -0.071356 -0.005671 -0.003195
  0.443651 -0.067824 -0.329193  0.063021  0.071941  0.067817  0.111643 -0.030849
 -0.031633 -0.086074 -0.006121 -0.005581  0.418327 -0.087129 -0.293522  0.051573
  0.056664  0.055254 -0.293635  0.051853  0.056517  0.055588 -0.765182  0.425768
  0.449027  0.050420 -0.026930  0.062994 -0.040190  0.008989 -0.050791 -0.076517
 -0.027393 -0.195962  0.006689  0.021740  0.491912 -0.115094  0.011495  0.007898
  0.045328 -0.012300 -0.004255  0.002638 -0.004270  0.006088  0.163385 -0.017361
 -0.026339  0.284961 -0.066183 -0.430597  0.078362  0.084787  0.092168 -0.197577
 -0.279536  0.034585  0.043863 -0.325821  0.144004 -0.268280  0.028737  0.071244
  0.036344 -0.031981  0.010532  0.017861  0.076078  0.000990  0.011605 -0.071356
 -0.005671 -0.003195  0.443651 -0.067824 -0.329193  0.063021  0.071941  0.067817
  0.111643 -0.030849 -0.031633 -0.086074 -0.006121 -0.005581  0.418327 -0.087129
 -0.293522  0.051573  0.056664  0.055254 -0.293635  0.051853  0.056517  0.055588
 -0.765182  0.425768  0.449027  0.050420 -0.026930  0.062994 -0.040190  0.008989
 -0.050791 -0.076517 -0.027393 -0.195962  0.006689  0.021740  0.491912 -0.115094
  0.011495  0.007898  0.045328 -0.012300 -0.004255  0.002638 -0.004270  0.006088
  0.163385 -0.017361 -0.026339  0.284961 -0.066183 -0.430597  0.078362  0.084787
  0.092168 -0.197577 -0.279536  0.034585  0.043863 -0.325821  0.144004 -0.268280
  0.028737  0.071244  0.036344 -0.031981  0.010532  0.017861  0.076078  0.000990
  0.011605 -0.071356 -0.005671 -0.003195  0.443651 -0.067824 -0.329193  0.063021
  0.071941  0.067817  0.111643 -0.030849 -0.031633 -0.086074 -0.006121 -0.005581
  0.418327 -0.087129 -0.293522  0.051573  0.056664  0.055254 -0.293635  0.051853
  0.056517  0.055588 -0.765182  0.425768  0.449027  0.050420 -0.026930  0.062994
 -0.040190  0.008989 -0.050791 -0.076517 -0.027393 -0.195962  0.006689  0.021740
  0.491912 -0.115094  0.011495  0.007898  0.045328 -0.012300 -0.004255  0.002638
 -0.004270  0.006088  0.163385 -0.017361 -0.026339  0.284961 -0.066183 -0.430597
  0.078362  0.084787  0.092168 -0.197577 -0.279536  0.034585  0.043863 -0.325821
  0.144004 -0.268280  0.028737  0.071244  0.036344 -0.031981  0.010532  0.017861
  0.076078  0.000990  0.011605 -0.071356 -0.005671 -0.003195  0.443651 -0.067824
 -0.329193  0.063021  0.071941  0.067817  0.111643 -0.030849 -0.031633 -0.086074
 -0.006121 -0.005581  0.418327 -0.087129 -0.293522  0.051573  0.056664  0.055254
 -0.293635  0.051853  0.056517  0.055588 -0.765182  0.425768  0.449027  0.050420
 -0.026930  0.062994 -0.040190  0.008989 -0.050791 -0.076517 -0.027393 -0.195962
  0.006689  0.021740  0.491912 -0.115094  0.011495  0.007898  0.045328 -0.012300
 -0.004255  0.002638 -0.004270  0.006088  0.163385 -0.017361 -0.026339  0.284961
 -0.066183 -0.430597  0.078362  0.084787  0.092168 -0.197577 -0.279536  0.034585
  0.043863 -0.325821  0.144004 -0.268280  0.028737  0.071244  0.036344 -0.031981
  0.010532  0.017861  0.076078  0.000990  0.011605 -0.071356 -0.005671 -0.003195
  0.443651 -0.067824 -0.329193  0.063021  0.071941  0.067817  0.111643 -0.030849
 -0.031633 -0.086074 -0.006121 -0.005581  0.418327 -0.087129 -0.293522  0.051573
  0.056664  0.055254 -0.293635  0.051853  0.056517  0.055588 -0.765182  0.425768
  0.449027  0.050420 -0.026930  0.062994 -0.040190  0.008989 -0.050791 -0.076517
 -0.027393 -0.195962  0.006689  0.021740  0.491912 -0.115094  0.011495  0.007898
  0.045328 -0.012300 -0.004255  0.002638 -0.004270  0.006088  0.163385 -0.017361
 -0.026339  0.284961 -0.066183 -0.430597  0.078362  0.084787  0.092168 -0.197577
 -0.279536  0.034585  0.043863 -0.325821  0.144004 -0.268280  0.028737  0.071244
  0.036344 -0.031981  0.010532  0.017861  0.076078  0.000990  0.011605 -0.071356
 -0.005671 -0.003195  0.443651 -0.067824 -0.329193  0.063021  0.071941  0.067817
  0.111643 -0.030849 -0.031633 -0.086074 -0.006121 -0.005581  0.418327 -0.087129
 -0.293522  0.051573  0.056664  0.055254 -0.293635  0.051853  0.056517  0.055588
 -0.765182  0.425768  0.449027  0.050420 -0.026930  0.062994 -0.040190  0.008989
 -0.050791 -0.076517 -0.027393 -0.195962  0.006689  0.021740  0.491912 -0.115094
  0.011495  0.007898  0.045328 -0.012300 -0.004255  0.002638 -0.004270  0.006088
  0.163385 -0.017361 -0.026339  0.284961 -0.066183 -0.430597  0.078362  0.084787
  0.092168 -0.197577 -0.279536  0.034585  0.043863 -0.325821  0.144004 -0.268280
  0.028737  0.071244  0.036344 -0.031981  0.010532  0.017861  0.076078  0.000990
  0.011605 -0.071356 -0.005671 -0.003195  0.443651 -0.067824 -0.329193  0.063021
  0.071941  0.067817  0.111643 -0.030849 -0.031633 -0.086074 -0.006121 -0.005581
  0.418327 -0.087129 -0.293522  0.051573  0.056664  0.055254 -0.293635  0.051853
  0.056517  0.055588 -0.765182  0.425768  0.449027  0.050420 -0.026930  0.062994
 -0.040190  0.008989 -0.050791 -0.076517 -0.027393 -0.195962  0.006689  0.021740
  0.491912 -0.115094  0.011495  0.007898  0.045328 -0.012300 -0.004255  0.002638
 -0.004270  0.006088  0.163385 -0.017361 -0.026339  0.284961 -0.066183 -0.430597
  0.078362  0.084787  0.092168 -0.197577 -0.279536  0.034585  0.043863 -0.325821
  0.144004 -0.268280  0.028737  0.071244  0.036344 -0.031981  0.010532  0.017861
  0.076078  0.000990  0.011605 -0.071356 -0.005671 -0.003195  0.443651 -0.067824
 -0.329193  0.063021  0.071941  0.067817  0.111643 -0.030849 -0.031633 -0.086074
 -0.006121 -0.005581  0.418327 -0.087129 -0.293522  0.051573  0.056664  0.055254
 -0.293635  0.051853  0.056517  0.055588 -0.765182  0.425768  0.449027  0.050420
 -0.026930  0.062994 -0.040190  0.008989 -0.050791 -0.076517 -0.027393 -0.195962
  0.006689  0.021740  0.491912 -0.115094  0.011495  0.007898  0.045328 -0.012300
 -0.004255  0.002638 -0.004270  0.006088  0.163385 -0.017361 -0.026339  0.284961
 -0.066183 -0.430597  0.078362  0.084787  0.092168 -0.197577 -0.279536  0.034585
  0.043863 -0.325821  0.144004 -0.268280  0.028737  0.071244  0.036344 -0.031981
  0.010532  0.017861  0.076078  0.000990  0.011605 -0.071356 -0.005671 -0.003195
  0.443651 -0.067824 -0.329193  0.063021  0.071941  0.067817  0.111643 -0.030849
 -0.031633 -0.086074 -0.006121 -0.005581  0.418327 -0.087129 -0.293522  0.051573
  0.056664  0.055254 -0.293635  0.051853  0.056517  0.055588 -0.765182  0.425768
  0.449027  0.050420 -0.026930  0.062994 -0.040190  0.008989 -0.050791 -0.076517
 -0.027393 -0.195962  0.006689  0.021740  0.491912 -0.115094  0.011495  0.007898
  0.045328 -0.012300 -0.004255  0.002638 -0.004270  0.006088  0.163385 -0.017361
 -0.026339  0.284961 -0.066183 -0.430597  0.078362  0.084787  0.092168 -0.197577
 -0.279536  0.034585  0.043863 -0.325821  0.144004 -0.268280  0.028737  0.071244
  0.036344 -0.031981  0.010532  0.017861  0.076078  0.000990  0.011605 -0.071356
 -0.005671 -0.003195  0.443651 -0.067824 -0.329193  0.063021  0.071941  0.067817
  0.111643 -0.030849 -0.031633 -0.086074 -0.006121 -0.005581  0.418327 -0.087129
 -0.293522  0.051573  0.056664  0.055254 -0.293635  0.051853  0.056517  0.055588
 -0.765182  0.425768  0.449027  0.050420 -0.026930  0.062994 -0.040190  0.008989
 -0.050791 -0.076517 -0.027393 -0.195962  0.006689  0.021740  0.491912 -0.115094
  0.011495  0.007898  0.045328 -0.012300 -0.004255  0.002638 -0.004270  0.006088
  0.163385 -0.017361 -0.026339  0.284961 -0.066183 -0.430597  0.078362  0.084787
  0.092168 -0.197577 -0.279536  0.034585  0.043863 -0.325821  0.144004 -0.268280
  0.028737  0.071244  0.036344 -0.031981  0.010532  0.017861  0.076078  0.000990
  0.011605 -0.071356 -0.005671 -0.003195  0.443651 -0.067824 -0.329193  0.063021
  0.071941  0.067817  0.111643 -0.030849 -0.031633 -0.086074 -0.006121 -0.005581
  0.418327 -0.087129 -0.293522  0.051573  0.056664  0.055254 -0.293635  0.051853
  0.056517  0.055588 -0.765182  0.425768  0.449027  0.050420 -0.026930  0.062994
 -0.040190  0.008989 -0.050791 -0.076517 -0.027393 -0.195962  0.006689  0.021740
  0.491912 -0.115094  0.011495  0.007898  0.045328 -0.012300 -0.004255  0.002638
 -0.004270  0.006088  0.163385 -0.017361 -0.026339  0.284961 -0.066183 -0.430597
  0.078362  0.084787  0.092168 -0.197577 -0.279536  0.034585  0.043863 -0.325821
  0.144004 -0.268280  0.028737  0.071244  0.036344 -0.031981  0.010532  0.017861
  0.076078  0.000990  0.011605 -0.071356 -0.005671 -0.003195  0.443651 -0.067824
 -0.329193  0.063021  0.071941  0.067817  0.111643 -0.030849 -0.031633 -0.086074
 -0.006121 -0.005581  0.418327 -0.087129 -0.293522  0.051573  0.056664  0.055254
 -0.293635  0.051853  0.056517  0.055588 -0.765182  0.425768  0.449027  0.050420
 -0.026930  0.062994 -0.040190  0.008989 -0.050791 -0.076517 -0.027393 -0.195962
  0.006689  0.021740  0.491912 -0.115094  0.011495  0.007898  0.045328 -0.012300
 -0.004255  0.002638 -0.004270  0.006088  0.163385 -0.017361 -0.026339  0.284961
 -0.066183 -0.430597  0.078362  0.084787  0.092168 -0.197577 -0.279536  0.034585
  0.043863 -0.325821  0.144004 -0.268280  0.028737  0.071244  0.036344 -0.031981
  0.010532  0.017861  0.076078  0.000990  0.011605 -0.071356 -0.005671 -0.003195
  0.443651 -0.067824 -0.329193  0.063021  0.071941  0.067817  0.111643 -0.030849
 -0.031633 -0.086074 -0.006121 -0.005581  0.418327 -0.087129 -0.293522  0.051573
  0.056664  0.055254 -0.293635  0.051853  0.056517  0.055588 -0.765182  0.425768
  0.449027  0.050420 -0.026930  0.062994 -0.040190  0.008989 -0.050791 -0.076517
 -0.027393 -0.195962  0.006689  0.021740  0.491912 -0.115094  0.011495  0.007898
  0.045328 -0.012300 -0.004255  0.002638 -0.004270  0.006088  0.163385 -0.017361
 -0.026339  0.284961 -0.066183 -0.430597  0.078362  0.084787  0.092168 -0.197577
 -0.279536  0.034585  0.043863 -0.325821  0.144004 -0.268280  0.028737  0.071244
  0.036344 -0.031981  0.010532  0.017861  0.076078  0.000990  0.011605 -0.071356
 -0.005671 -0.003195  0.443651 -0.067824 -0.329193  0.063021  0.071941  0.067817
  0.111643 -0.030849 -0.031633 -0.086074 -0.006121 -0.005581  0.418327 -0.087129
 -0.293522  0.051573  0.056664  0.055254 -0.293635  0.051853  0.056517  0.055588
 -0.765182  0.425768  0.449027  0.050420 -0.026930  0.062994 -0.040190  0.008989
 -0.050791 -0.076517 -0.027393 -0.195962  0.006689  0.021740  0.491912 -0.115094
  0.011495  0.007898  0.045328 -0.012300 -0.004255  0.002638 -0.004270  0.006088
  0.163385 -0.017361 -0.026339  0.284961 -0.066183 -0.430597  0.078362  0.084787
  0.092168 -0.197577 -0.279536  0.034585  0.043863 -0.325821  0.144004 -0.268280
  0.028737  0.071244  0.036344 -0.031981  0.010532  0.017861  0.076078  0.000990
  0.011605 -0.071356 -0.005671 -0.003195  0.443651 -0.067824 -0.329193  0.063021
  0.071941  0.067817  0.111643 -0.030849 -0.031633 -0.086074 -0.006121 -0.005581
  0.418327 -0.087129 -0.293522  0.051573  0.056664  0.055254 -0.293635  0.051853
  0.056517  0.055588 -0.765182  0.425768  0.449027  0.050420 -0.026930  0.062994
 -0.040190  0.008989 -0.050791 -0.076517 -0.027393 -0.195962  0.006689  0.021740
  0.491912 -0.115094  0.011495  0.007898  0.045328 -0.012300 -0.004255  0.002638
 -0.004270  0.006088  0.163385 -0.017361 -0.026339  0.284961 -0.066183 -0.430597
  0.078362  0.084787  0.092168 -0.197577 -0.279536  0.034585  0.043863 -0.325821
  0.144004 -0.268280  0.028737  0.071244  0.036344 -0.031981  0.010532  0.017861
  0.076078  0.000990  0.011605 -0.071356 -0.005671 -0.003195  0.443651 -0.067824
 -0.329193  0.063021  0.071941  0.067817  0.111643 -0.030849 -0.031633 -0.086074
 -0.006121 -0.005581  0.418327 -0.087129 -0.293522  0.051573  0.056664  0.055254
 -0.293635  0.051853  0.056517  0.055588 -0.765182  0.425768  0.449027  0.050420
 -0.026930  0.062994 -0.040190  0.008989 -0.050791 -0.076517 -0.027393 -0.195962
  0.006689  0.021740  0.491912 -0.115094  0.011495  0.007898  0.045328 -0.012300
 -0.004255  0.002638 -0.004270  0.006088  0.163385 -0.017361 -0.026339  0.284961
 -0.066183 -0.430597  0.078362  0.084787  0.092168 -0.197577 -0.279536  0.034585
  0.043863 -0.325821  0.144004 -0.268280  0.028737  0.071244  0.036344 -0.031981
  0.010532  0.017861  0.076078  0.000990  0.011605 -0.071356 -0.005671 -0.003195
  0.443651 -0.067824 -0.329193  0.063021  0.071941  0.067817  0.111643 -0.030849
 -0.031633 -0.086074 -0.006121 -0.005581  0.418327 -0.087129 -0.293522  0.051573
  0.056664  0.055254 -0.293635  0.051853  0.056517  0.055588 -0.765182  0.425768
  0.449027  0.050420 -0.026930  0.062994 -0.040190  0.008989 -0.050791 -0.076517
 -0.027393 -0.195962  0.006689  0.021740  0.491912 -0.115094  0.011495  0.007898
  0.045328 -0.012300 -0.004255  0.002638 -0.004270  0.006088  0.163385 -0.017361
 -0.026339  0.284961 -0.066183 -0.430597  0.078362  0.084787  0.092168 -0.197577
 -0.279536  0.034585  0.043863 -0.325821  0.144004 -0.268280  0.028737  0.071244
  0.036344 -0.031981  0.010532  0.017861  0.076078  0.000990  0.011605 -0.071356
 -0.005671 -0.003195  0.443651 -0.067824 -0.329193  0.063021  0.071941  0.067817
  0.111643 -0.030849 -0.031633 -0.086074 -0.006121 -0.005581  0.418327 -0.087129
 -0.293522  0.051573  0.056664  0.055254 -0.293635  0.051853  0.056517  0.055588
 -0.765182  0.425768  0.449027  0.050420 -0.026930  0.062994 -0.040190  0.008989
 -0.050791 -0.076517 -0.027393 -0.195962  0.006689  0.021740  0.491912 -0.115094
  0.011495  0.007898  0.045328 -0.012300 -0.004255  0.002638 -0.004270  0.006088
  0.163385 -0.017361 -0.026339  0.284961 -0.066183 -0.430597  0.078362  0.084787
  0.092168 -0.197577 -0.279536  0.034585  0.043863 -0.325821  0.144004 -0.268280
  0.028737  0.071244  0.036344 -0.031981  0.010532  0.017861  0.076078  0.000990
  0.011605 -0.071356 -0.005671 -0.003195  0.443651 -0.067824 -0.329193  0.063021
  0.071941  0.067817  0.111643 -0.030849 -0.031633 -0.086074 -0.006121 -0.005581
  0.418327 -0.087129 -0.293522  0.051573  0.056664  0.055254 -0.293635  0.051853
  0.056517  0.055588 -0.765182  0.425768  0.449027  0.050420 -0.026930  0.062994
 -0.040190  0.008989 -0.050791 -0.076517 -0.027393 -0.195962  0.006689  0.021740
  0.491912 -0.115094  0.011495  0.007898  0.045328 -0.012300 -0.004255  0.002638
 -0.004270  0.006088  0.163385 -0.017361 -0.026339  0.284961 -0.066183 -0.430597
  0.078362  0.084787  0.092168 -0.197577 -0.279536  0.034585  0.043863 -0.325821
  0.144004 -0.268280  0.028737  0.071244  0.036344 -0.031981  0.010532  0.017861
  0.076078  0.000990  0.011605 -0.071356 -0.005671 -0.003195  0.443651 -0.067824
 -0.329193  0.063021  0.071941  0.067817  0.111643 -0.030849 -0.031633 -0.086074
 -0.006121 -0.005581  0.418327 -0.087129 -0.293522  0.051573  0.056664  0.055254
 -0.293635  0.051853  0.056517  0.055588 -0.765182  0.425768  0.449027  0.050420
 -0.026930  0.062994 -0.040190  0.008989 -0.050791 -0.076517 -0.027393 -0.195962
  0.006689  0.021740  0.491912 -0.115094  0.011495  0.007898  0.045328 -0.012300
 -0.004255  0.002638 -0.004270  0.006088  0.163385 -0.017361 -0.026339  0.284961
 -0.066183 -0.430597  0.078362  0.084787  0.092168 -0.197577 -0.279536  0.034585
  0.043863 -0.325821  0.144004 -0.268280  0.028737  0.071244  0.036344 -0.031981
  0.010532  0.017861  0.076078  0.000990  0.011605 -0.071356 -0.005671 -0.003195
  0.443651 -0.067824 -0.329193  0.063021  0.071941  0.067817  0.111643 -0.030849
 -0.031633 -0.086074 -0.006121 -0.005581  0.418327 -0.087129 -0.293522  0.051573
  0.056664  0.055254 -0.293635  0.051853  0.056517  0.055588 -0.765182  0.425768
  0.449027  0.050420 -0.026930  0.062994 -0.040190  0.008989 -0.050791 -0.076517
 -0.027393 -0.195962  0.006689  0.021740  0.491912 -0.115094  0.011495  0.007898
  0.045328 -0.012300 -0.004255  0.002638 -0.004270  0.006088  0.163385 -0.017361
 -0.026339  0.284961 -0.066183 -0.430597  0.078362  0.084787  0.092168 -0.197577
 -0.279536  0.034585  0.043863 -0.325821  0.144004 -0.268280  0.028737  0.071244
  0.036344 -0.031981  0.010532  0.017861  0.076078  0.000990  0.011605 -0.071356
 -0.005671 -0.003195  0.443651 -0.067824 -0.329193  0.063021  0.071941  0.067817
  0.111643 -0.030849 -0.031633 -0.086074 -0.006121 -0.005581  0.418327 -0.087129
 -0.293522  0.051573  0.056664  0.055254 -0.293635  0.051853  0.056517  0.055588
 -0.765182  0.425768  0.449027  0.050420 -0.026930  0.062994 -0.040190  0.008989
 -0.050791 -0.076517 -0.027393 -0.195962  0.006689  0.021740  0.491912 -0.115094
  0.011495  0.007898  0.045328 -0.012300 -0.004255  0.002638 -0.004270  0.006088
  0.163385 -0.017361 -0.026339  0.284961 -0.066183 -0.430597  0.078362  0.084787
  0.092168 -0.197577 -0.279536  0.034585  0.043863 -0.325821  0.144004 -0.268280
  0.028737  0.071244  0.036344 -0.031981  0.010532  0.017861  0.076078  0.000990
  0.011605 -0.071356 -0.005671 -0.003195  0.443651 -0.067824 -0.329193  0.063021
  0.071941  0.067817  0.111643 -0.030849 -0.031633 -0.086074 -0.006121 -0.005581
  0.418327 -0.087129 -0.293522  0.051573  0.056664  0.055254 -0.293635  0.051853
  0.056517  0.055588 -0.765182  0.425768  0.449027  0.050420 -0.026930  0.062994
 -0.040190  0.008989 -0.050791 -0.076517 -0.027393 -0.195962  0.006689  0.021740
  0.491912 -0.115094  0.011495  0.007898  0.045328 -0.012300 -0.004255  0.002638
 -0.004270  0.006088  0.163385 -0.017361 -0.026339  0.284961 -0.066183 -0.430597
  0.078362  0.084787  0.092168 -0.197577 -0.279536  0.034585  0.043863 -0.325821
  0.144004 -0.268280  0.028737  0.071244  0.036344 -0.031981  0.010532  0.017861
  0.076078  0.000990  0.011605 -0.071356 -0.005671 -0.003195  0.443651 -0.067824
 -0.329193  0.063021  0.071941  0.067817  0.111643 -0.030849 -0.031633 -0.086074
 -0.006121 -0.005581  0.418327 -0.087129 -0.293522  0.051573  0.056664  0.055254
 -0.293635  0.051853  0.056517  0.055588 -0.765182  0.425768  0.449027  0.050420
 -0.026930  0.062994 -0.040190  0.008989 -0.050791 -0.076517 -0.027393 -0.195962
  0.006689  0.021740  0.491912 -0.115094  0.011495  0.007898  0.045328 -0.012300
 -0.004255  0.002638 -0.004270  0.006088  0.163385 -0.017361 -0.026339  0.284961
 -0.066183 -0.430597  0.078362  0.084787  0.092168 -0.197577 -0.279536  0.034585
  0.043863 -0.325821  0.144004 -0.268280  0.028737  0.071244  0.036344 -0.031981
  0.010532  0.017861  0.076078  0.000990  0.011605 -0.071356 -0.005671 -0.003195
  0.443651 -0.067824 -0.329193  0.063021  0.071941  0.067817  0.111643 -0.030849
 -0.031633 -0.086074 -0.006121 -0.005581  0.418327 -0.087129 -0.293522  0.051573
  0.056664  0.055254 -0.293635  0.051853  0.056517  0.055588 -0.765182  0.425768
  0.449027  0.050420 -0.026930  0.062994 -0.040190  0.008989 -0.050791 -0.076517
 -0.027393 -0.195962  0.006689  0.021740  0.491912 -0.115094  0.011495  0.007898
  0.045328 -0.012300 -0.004255  0.002638 -0.004270  0.006088  0.163385 -0.017361
 -0.026339  0.284961 -0.066183 -0.430597  0.078362  0.084787  0.092168 -0.197577
 -0.279536  0.034585  0.043863 -0.325821  0.144004 -0.268280  0.028737  0.071244
  0.036344 -0.031981  0.010532  0.017861  0.076078  0.000990  0.011605 -0.071356
 -0.005671 -0.003195  0.443651 -0.067824 -0.329193  0.063021  0.071941  0.067817
  0.111643 -0.030849 -0.031633 -0.086074 -0.006121 -0.005581  0.418327 -0.087129
 -0.293522  0.051573  0.056664  0.055254 -0.293635  0.051853  0.056517  0.055588
 -0.765182  0.425768  0.449027  0.050420 -0.026930  0.062994 -0.040190  0.008989
 -0.050791 -0.076517 -0.027393 -0.195962  0.006689  0.021740  0.491912 -0.115094
  0.011495  0.007898  0.045328 -0.012300 -0.004255  0.002638 -0.004270  0.006088
  0.163385 -0.017361 -0.026339  0.284961 -0.066183 -0.430597  0.078362  0.084787
  0.092168 -0.197577 -0.279536  0.034585  0.043863 -0.325821  0.144004 -0.268280
  0.028737  0.071244  0.036344 -0.031981  0.010532  0.017861  0.076078  0.000990
  0.011605 -0.071356 -0.005671 -0.003195  0.443651 -0.067824 -0.329193  0.063021
  0.071941  0.067817  0.111643 -0.030849 -0.031633 -0.086074 -0.006121 -0.005581
  0.418327 -0.087129 -0.293522  0.051573  0.056664  0.055254 -0.293635  0.051853
  0.056517  0.055588 -0.765182  0.425768  0.449027  0.050420 -0.026930  0.062994
 -0.040190  0.008989 -0.050791 -0.076517 -0.027393 -0.195962  0.006689  0.021740
  0.491912 -0.115094  0.011495  0.007898  0.045328 -0.012300 -0.004255  0.002638
 -0.004270  0.006088  0.163385 -0.017361 -0.026339  0.284961 -0.066183 -0.430597
  0.078362  0.084787  0.092168 -0.197577 -0.279536  0.034585  0.043863 -0.325821
  0.144004 -0.268280  0.028737  0.071244  0.036344 -0.031981  0.010532  0.017861
  0.076078  0.000990  0.011605 -0.071356 -0.005671 -0.003195  0.443651 -0.067824
 -0.329193  0.063021  0.071941  0.067817  0.111643 -0.030849 -0.031633 -0.086074
 -0.006121 -0.005581  0.418327 -0.087129 -0.293522  0.051573  0.056664  0.055254
 -0.293635  0.051853  0.056517  0.055588 -0.765182  0.425768  0.449027  0.050420
 -0.026930  0.062994 -0.040190  0.008989 -0.050791 -0.076517 -0.027393 -0.195962
  0.006689  0.021740  0.491912 -0.115094  0.011495  0.007898  0.045328 -0.012300
 -0.004255  0.002638 -0.004270  0.006088  0.163385 -0.017361 -0.026339  0.284961
 -0.066183 -0.430597  0.078362  0.084787  0.092168 -0.197577 -0.279536  0.034585
  0.043863 -0.325821  0.144004 -0.268280  0.028737  0.071244  0.036344 -0.031981
  0.010532  0.017861  0.076078  0.000990  0.011605 -0.071356 -0.005671 -0.003195
  0.443651 -0.067824 -0.329193  0.063021  0.071941  0.067817  0.111643 -0.030849
 -0.031633 -0.086074 -0.006121 -0.005581  0.418327 -0.087129 -0.293522  0.051573
  0.056664  0.055254 -0.293635  0.051853  0.056517  0.055588 -0.765182  0.425768
  0.449027  0.050420 -0.026930  0.062994 -0.040190  0.008989 -0.050791 -0.076517
 -0.027393 -0.195962  0.006689  0.021740  0.491912 -0.115094  0.011495  0.007898
  0.045328 -0.012300 -0.004255  0.002638 -0.004270  0.006088  0.163385 -0.017361
 -0.026339  0.284961 -0.066183 -0.430597  0.078362  0.084787  0.092168 -0.197577
 -0.279536  0.034585  0.043863 -0.325821  0.144004 -0.268280  0.028737  0.071244
  0.036344 -0.031981  0.010532  0.017861  0.076078  0.000990  0.011605 -0.071356
 -0.005671 -0.003195  0.443651 -0.067824 -0.329193  0.063021  0.071941  0.067817
  0.111643 -0.030849 -0.031633 -0.086074 -0.006121 -0.005581  0.418327 -0.087129
 -0.293522  0.051573  0.056664  0.055254 -0.293635  0.051853  0.056517  0.055588
 -0.765182  0.425768  0.449027  0.050420 -0.026930  0.062994 -0.040190  0.008989
 -0.050791 -0.076517 -0.027393 -0.195962  0.006689  0.021740  0.491912 -0.115094
  0.011495  0.007898  0.045328 -0.012300 -0.004255  0.002638 -0.004270  0.006088
  0.163385 -0.017361 -0.026339  0.284961 -0.066183 -0.430597  0.078362  0.084787
  0.092168 -0.197577 -0.279536  0.034585  0.043863 -0.325821  0.144004 -0.268280
  0.028737  0.071244  0.036344 -0.031981  0.010532  0.017861  0.076078  0.000990
  0.011605 -0.071356 -0.005671 -0.003195  0.443651 -0.067824 -0.329193  0.063021
  0.071941  0.067817  0.111643 -0.030849 -0.031633 -0.086074 -0.006121 -0.005581
  0.418327 -0.087129 -0.293522  0.051573  0.056664  0.055254 -0.293635  0.051853
  0.056517  0.055588 -0.765182  0.425768  0.449027  0.050420 -0.026930  0.062994
 -0.040190  0.008989 -0.050791 -0.076517 -0.027393 -0.195962  0.006689  0.021740
  0.491912 -0.115094  0.011495  0.007898  0.045328 -0.012300 -0.004255  0.002638
 -0.004270  0.006088  0.163385 -0.017361 -0.026339  0.284961 -0.066183 -0.430597
  0.078362  0.084787  0.092168 -0.197577 -0.279536  0.034585  0.043863 -0.325821
  0.144004 -0.268280  0.028737  0.071244  0.036344 -0.031981  0.010532  0.017861
  0.076078  0.000990  0.011605 -0.071356 -0.005671 -0.003195  0.443651 -0.067824
 -0.329193  0.063021  0.071941  0.067817  0.111643 -0.030849 -0.031633 -0.086074
 -0.006121 -0.005581  0.418327 -0.087129 -0.293522  0.051573  0.056664  0.055254
 -0.293635  0.051853  0.056517  0.055588 -0.765182  0.425768  0.449027  0.050420
 -0.026930  0.062994 -0.040190  0.008989 -0.050791 -0.076517 -0.027393 -0.195962
  0.006689  0.021740  0.491912 -0.115094  0.011495  0.007898  0.045328 -0.012300
 -0.004255  0.002638 -0.004270  0.006088  0.163385 -0.017361 -0.026339  0.284961
 -0.066183 -0.430597  0.078362  0.084787  0.092168 -0.197577 -0.279536  0.034585
  0.043863 -0.325821  0.144004 -0.268280  0.028737  0.071244  0.036344 -0.031981
  0.010532  0.017861  0.076078  0.000990  0.011605 -0.071356 -0.005671 -0.003195
  0.443651 -0.067824 -0.329193  0.063021  0.071941  0.067817  0.111643 -0.030849
 -0.031633 -0.086074 -0.006121 -0.005581  0.418327 -0.087129 -0.293522  0.051573
  0.056664  0.055254 -0.293635  0.051853  0.056517  0.055588 -0.765182  0.425768
  0.449027  0.050420 -0.026930  0.062994 -0.040190  0.008989 -0.050791 -0.076517
 -0.027393 -0.195962  0.006689  0.021740  0.491912 -0.115094  0.011495  0.007898
  0.045328 -0.012300 -0.004255  0.002638 -0.004270  0.006088  0.163385 -0.017361
 -0.026339  0.284961 -0.066183 -0.430597  0.078362  0.084787  0.092168 -0.197577
 -0.279536  0.034585  0.043863 -0.325821  0.144004 -0.268280  0.028737  0.071244
  0.036344 -0.031981  0.010532  0.017861  0.076078  0.000990  0.011605 -0.071356
 -0.005671 -0.003195  0.443651 -0.067824 -0.329193  0.063021  0.071941  0.067817
  0.111643 -0.030849 -0.031633 -0.086074 -0.006121 -0.005581  0.418327 -0.087129
 -0.293522  0.051573  0.056664  0.055254 -0.293635  0.051853  0.056517  0.055588
 -0.765182  0.425768  0.449027  0.050420 -0.026930  0.062994 -0.040190  0.008989
 -0.050791 -0.076517 -0.027393 -0.195962  0.006689  0.021740  0.491912 -0.115094
  0.011495  0.007898  0.045328 -0.012300 -0.004255  0.002638 -0.004270  0.006088
  0.163385 -0.017361 -0.026339  0.284961 -0.066183 -0.430597  0.078362  0.084787
  0.092168 -0.197577 -0.279536  0.034585  0.043863 -0.325821  0.144004 -0.268280
  0.028737  0.071244  0.036344 -0.031981  0.010532  0.017861  0.076078  0.000990
  0.011605 -0.071356 -0.005671 -0.003195  0.443651 -0.067824 -0.329193  0.063021
  0.071941  0.067817  0.111643 -0.030849 -0.031633 -0.086074 -0.006121 -0.005581
  0.418327 -0.087129 -0.293522  0.051573  0.056664  0.055254 -0.293635  0.051853
  0.056517  0.055588 -0.765182  0.425768  0.449027  0.050420 -0.026930  0.062994
 -0.040190  0.008989 -0.050791 -0.076517 -0.027393 -0.195962  0.006689  0.021740
  0.491912 -0.115094  0.011495  0.007898  0.045328 -0.012300 -0.004255  0.002638
 -0.004270  0.006088  0.163385 -0.017361 -0.026339  0.284961 -0.066183 -0.430597
  0.078362  0.084787  0.092168 -0.197577 -0.279536  0.034585  0.043863 -0.325821
  0.144004 -0.268280  0.028737  0.071244  0.036344 -0.031981  0.010532  0.017861
  0.076078  0.000990  0.011605 -0.071356 -0.005671 -0.003195  0.443651 -0.067824
 -0.329193  0.063021  0.071941  0.067817  0.111643 -0.030849 -0.031633 -0.086074
 -0.006121 -0.005581  0.418327 -0.087129 -0.293522  0.051573  0.056664  0.055254
 -0.293635  0.051853  0.056517  0.055588 -0.765182  0.425768  0.449027  0.050420
 -0.026930  0.062994 -0.040190  0.008989 -0.050791 -0.076517 -0.027393 -0.195962
  0.006689  0.021740  0.491912 -0.115094  0.011495  0.007898  0.045328 -0.012300
 -0.004255  0.002638 -0.004270  0.006088  0.163385 -0.017361 -0.026339  0.284961
 -0.066183 -0.430597  0.078362  0.084787  0.092168 -0.197577 -0.279536  0.034585
  0.043863 -0.325821  0.144004 -0.268280  0.028737  0.071244  0.036344 -0.031981
  0.010532  0.017861  0.076078  0.000990  0.011605 -0.071356 -0.005671 -0.003195
  0.443651 -0.067824 -0.329193  0.063021  0.071941  0.067817  0.111643 -0.030849
 -0.031633 -0.086074 -0.006121 -0.005581  0.418327 -0.087129 -0.293522  0.051573
  0.056664  0.055254 -0.293635  0.051853  0.056517  0.055588 -0.765182  0.425768
  0.449027  0.050420 -0.026930  0.062994 -0.040190  0.008989 -0.050791 -0.076517
 -0.027393 -0.195962  0.006689  0.021740  0.491912 -0.115094  0.011495  0.007898
  0.045328 -0.012300 -0.004255  0.002638 -0.004270  0.006088  0.163385 -0.017361
 -0.026339  0.284961 -0.066183 -0.430597  0.078362  0.084787  0.092168 -0.197577
 -0.279536  0.034585  0.043863 -0.325821  0.144004 -0.268280  0.028737  0.071244
  0.036344 -0.031981  0.010532  0.017861  0.076078  0.000990  0.011605 -0.071356
 -0.005671 -0.003195  0.443651 -0.067824 -0.329193  0.063021  0.071941  0.067817
  0.111643 -0.030849 -0.031633 -0.086074 -0.006121 -0.005581  0.418327 -0.087129
 -0.293522  0.051573  0.056664  0.055254 -0.293635  0.051853  0.056517  0.055588
 -0.765182  0.425768  0.449027  0.050420 -0.026930  0.062994 -0.040190  0.008989
 -0.050791 -0.076517 -0.027393 -0.195962  0.006689  0.021740  0.491912 -0.115094
  0.011495  0.007898  0.045328 -0.012300 -0.004255  0.002638 -0.004270  0.006088
  0.163385 -0.017361 -0.026339  0.284961 -0.066183 -0.430597  0.078362  0.084787
  0.092168 -0.197577 -0.279536  0.034585  0.043863 -0.325821  0.144004 -0.268280
  0.028737  0.071244  0.036344 -0.031981  0.010532  0.017861  0.076078  0.000990
  0.011605 -0.071356 -0.005671 -0.003195  0.443651 -0.067824 -0.329193  0.063021
  0.071941  0.067817  0.111643 -0.030849 -0.031633 -0.086074 -0.006121 -0.005581
  0.418327 -0.087129 -0.293522  0.051573  0.056664  0.055254 -0.293635  0.051853
  0.056517  0.055588 -0.765182  0.425768  0.449027  0.050420 -0.026930  0.062994
 -0.040190  0.008989 -0.050791 -0.076517 -0.027393 -0.195962  0.006689  0.021740
  0.491912 -0.115094  0.011495  0.007898  0.045328 -0.012300 -0.004255  0.002638
 -0.004270  0.006088  0.163385 -0.017361 -0.026339  0.284961 -0.066183 -0.430597
  0.078362  0.084787  0.092168 -0.197577 -0.279536  0.034585  0.043863 -0.325821
  0.144004 -0.268280  0.028737  0.071244  0.036344 -0.031981  0.010532  0.017861
  0.076078  0.000990  0.011605 -0.071356 -0.005671 -0.003195  0.443651 -0.067824
 -0.329193  0.063021  0.071941  0.067817  0.111643 -0.030849 -0.031633 -0.086074
 -0.006121 -0.005581  0.418327 -0.087129 -0.293522  0.051573  0.056664  0.055254
 -0.293635  0.051853  0.056517  0.055588 -0.765182  0.425768  0.449027  0.050420
 -0.026930  0.062994 -0.040190  0.008989 -0.050791 -0.076517 -0.027393 -0.195962
  0.006689  0.021740  0.491912 -0.115094  0.011495  0.007898  0.045328 -0.012300
 -0.004255  0.002638 -0.004270  0.006088  0.163385 -0.017361 -0.026339  0.284961
 -0.066183 -0.430597  0.078362  0.084787  0.092168 -0.197577 -0.279536  0.034585
  0.043863 -0.325821  0.144004 -0.268280  0.028737  0.071244  0.036344 -0.031981
  0.010532  0.017861  0.076078  0.000990  0.011605 -0.071356 -0.005671 -0.003195
  0.443651 -0.067824 -0.329193  0.063021  0.071941  0.067817  0.111643 -0.030849
 -0.031633 -0.086074 -0.006121 -0.005581  0.418327 -0.087129 -0.293522  0.051573
  0.056664  0.055254 -0.293635  0.051853  0.056517  0.055588 -0.765182  0.425768
  0.449027  0.050420 -0.026930  0.062994 -0.040190  0.008989 -0.050791 -0.076517
 -0.027393 -0.195962  0.006689  0.021740  0.491912 -0.115094  0.011495  0.007898
  0.045328 -0.012300 -0.004255  0.002638 -0.004270  0.006088  0.163385 -0.017361
 -0.026339  0.284961 -0.066183 -0.430597  0.078362  0.084787  0.092168 -0.197577
 -0.279536  0.034585  0.043863 -0.325821  0.144004 -0.268280  0.028737  0.071244
  0.036344 -0.031981  0.010532  0.017861  0.076078  0.000990  0.011605 -0.071356
 -0.005671 -0.003195  0.443651 -0.067824 -0.329193  0.063021  0.071941  0.067817
  0.111643 -0.030849 -0.031633 -0.086074 -0.006121 -0.005581  0.418327 -0.087129
 -0.293522  0.051573  0.056664  0.055254 -0.293635  0.051853  0.056517  0.055588
 -0.765182  0.425768  0.449027  0.050420 -0.026930  0.062994 -0.040190  0.008989
 -0.050791 -0.076517 -0.027393 -0.195962  0.006689  0.021740  0.491912 -0.115094
  0.011495  0.007898  0.045328 -0.012300 -0.004255  0.002638 -0.004270  0.006088
  0.163385 -0.017361 -0.026339  0.284961 -0.066183 -0.430597  0.078362  0.084787
  0.092168 -0.197577 -0.279536  0.034585  0.043863 -0.325821  0.144004 -0.268280
  0.028737  0.071244  0.036344 -0.031981  0.010532  0.017861  0.076078  0.000990
  0.011605 -0.071356 -0.005671 -0.003195  0.443651 -0.067824 -0.329193  0.063021
  0.071941  0.067817  0.111643 -0.030849 -0.031633 -0.086074 -0.006121 -0.005581
  0.418327 -0.087129 -0.293522  0.051573  0.056664  0.055254 -0.293635  0.051853
  0.056517  0.055588 -0.765182  0.425768  0.449027  0.050420 -0.026930  0.062994
 -0.040190  0.008989 -0.050791 -0.076517 -0.027393 -0.195962  0.006689  0.021740
  0.491912 -0.115094  0.011495  0.007898  0.045328 -0.012300 -0.004255  0.002638
 -0.004270  0.006088  0.163385 -0.017361 -0.026339  0.284961 -0.066183 -0.430597
  0.078362  0.084787  0.092168 -0.197577 -0.279536  0.034585  0.043863 -0.325821
  0.144004 -0.268280  0.028737  0.071244  0.036344 -0.031981  0.010532  0.017861
  0.076078  0.000990  0.011605 -0.071356 -0.005671 -0.003195  0.443651 -0.067824
 -0.329193  0.063021  0.071941  0.067817  0.111643 -0.030849 -0.031633 -0.086074
 -0.006121 -0.005581  0.418327 -0.087129 -0.293522  0.051573  0.056664  0.055254
 -0.293635  0.051853  0.056517  0.055588 -0.765182  0.425768  0.449027  0.050420
 -0.026930  0.062994 -0.040190  0.008989 -0.050791 -0.076517 -0.027393 -0.195962
  0.006689  0.021740  0.491912 -0.115094  0.011495  0.007898  0.045328 -0.012300
 -0.004255  0.002638 -0.004270  0.006088  0.163385 -0.017361 -0.026339  0.284961
 -0.066183 -0.430597  0.078362  0.084787  0.092168 -0.197577 -0.279536  0.034585
  0.043863 -0.325821  0.144004 -0.268280  0.028737  0.071244  0.036344 -0.031981
  0.010532  0.017861  0.076078  0.000990  0.011605 -0.071356 -0.005671 -0.003195
  0.443651 -0.067824 -0.329193  0.063021  0.071941  0.067817  0.111643 -0.030849
 -0.031633 -0.086074 -0.006121 -0.005581  0.418327 -0.087129 -0.293522  0.051573
  0.056664  0.055254 -0.293635  0.051853  0.056517  0.055588 -0.765182  0.425768
  0.449027  0.050420 -0.026930  0.062994 -0.040190  0.008989 -0.050791 -0.076517
 -0.027393 -0.195962  0.006689  0.021740  0.491912 -0.115094  0.011495  0.007898
  0.045328 -0.012300 -0.004255  0.002638 -0.004270  0.006088  0.163385 -0.017361
 -0.026339  0.284961 -0.066183 -0.430597  0.078362  0.084787  0.092168 -0.197577
 -0.279536  0.034585  0.043863 -0.325821  0.144004 -0.268280  0.028737  0.071244
  0.036344 -0.031981  0.010532  0.017861  0.076078  0.000990  0.011605 -0.071356
 -0.005671 -0.003195  0.443651 -0.067824 -0.329193  0.063021  0.071941  0.067817
  0.111643 -0.030849 -0.031633 -0.086074 -0.006121 -0.005581  0.418327 -0.087129
 -0.293522  0.051573  0.056664  0.055254 -0.293635  0.051853  0.056517  0.055588
 -0.765182  0.425768  0.449027  0.050420 -0.026930  0.062994 -0.040190  0.008989
 -0.050791 -0.076517 -0.027393 -0.195962  0.006689  0.021740  0.491912 -0.115094
  0.011495  0.007898  0.045328 -0.012300 -0.004255  0.002638 -0.004270  0.006088
  0.163385 -0.017361 -0.026339  0.284961 -0.066183 -0.430597  0.078362  0.084787
  0.092168 -0.197577 -0.279536  0.034585  0.043863 -0.325821  0.144004 -0.268280
  0.028737  0.071244  0.036344 -0.031981  0.010532  0.017861  0.076078  0.000990
  0.011605 -0.071356 -0.005671 -0.003195  0.443651 -0.067824 -0.329193  0.063021
  0.071941  0.067817  0.111643 -0.030849 -0.031633 -0.086074 -0.006121 -0.005581
  0.418327 -0.087129 -0.293522  0.051573  0.056664  0.055254 -0.293635  0.051853
  0.056517  0.055588 -0.765182  0.425768  0.449027  0.050420 -0.026930  0.062994
 -0.040190  0.008989 -0.050791 -0.076517 -0.027393 -0.195962  0.006689  0.021740
  0.491912 -0.115094  0.011495  0.007898  0.045328 -0.012300 -0.004255  0.002638
 -0.004270  0.006088  0.163385 -0.017361 -0.026339  0.284961 -0.066183 -0.430597
  0.078362  0.084787  0.092168 -0.197577 -0.279536  0.034585  0.043863 -0.325821
  0.144004 -0.268280  0.028737  0.071244  0.036344 -0.031981  0.010532  0.017861
  0.076078  0.000990  0.011605 -0.071356 -0.005671 -0.003195  0.443651 -0.067824
 -0.329193  0.063021  0.071941  0.067817  0.111643 -0.030849 -0.031633 -0.086074
 -0.006121 -0.005581  0.418327 -0.087129 -0.293522  0.051573  0.056664  0.055254
 -0.293635  0.051853  0.056517  0.055588 -0.765182  0.425768  0.449027  0.050420
 -0.026930  0.062994 -0.040190  0.008989 -0.050791 -0.076517 -0.027393 -0.195962
  0.006689  0.021740  0.491912 -0.115094  0.011495  0.007898  0.045328 -0.012300
 -0.004255  0.002638 -0.004270  0.006088  0.163385 -0.017361 -0.026339  0.284961
 -0.066183 -0.430597  0.078362  0.084787  0.092168 -0.197577 -0.279536  0.034585
  0.043863 -0.325821  0.144004 -0.268280  0.028737  0.071244  0.036344 -0.031981
  0.010532  0.017861  0.076078  0.000990  0.011605 -0.071356 -0.005671 -0.003195
  0.443651 -0.067824 -0.329193  0.063021  0.071941  0.067817  0.111643 -0.030849
 -0.031633 -0.086074 -0.006121 -0.005581  0.418327 -0.087129 -0.293522  0.051573
  0.056664  0.055254 -0.293635  0.051853  0.056517  0.055588 -0.765182  0.425768
  0.449027  0.050420 -0.026930  0.062994 -0.040190  0.008989 -0.050791 -0.076517
 -0.027393 -0.195962  0.006689  0.021740  0.491912 -0.115094  0.011495  0.007898
  0.045328 -0.012300 -0.004255  0.002638 -0.004270  0.006088  0.163385 -0.017361
 -0.026339  0.284961 -0.066183 -0.430597  0.078362  0.084787  0.092168 -0.197577
 -0.279536  0.034585  0.043863 -0.325821  0.144004 -0.268280  0.028737  0.071244
  0.036344 -0.031981  0.010532  0.017861  0.076078  0.000990  0.011605 -0.071356
 -0.005671 -0.003195  0.443651 -0.067824 -0.329193  0.063021  0.071941  0.067817
  0.111643 -0.030849 -0.031633 -0.086074 -0.006121 -0.005581  0.418327 -0.087129
 -0.293522  0.051573  0.056664  0.055254 -0.293635  0.051853  0.056517  0.055588
 -0.765182  0.425768  0.449027  0.050420 -0.026930  0.062994 -0.040190  0.008989
 -0.050791 -0.076517 -0.027393 -0.195962  0.006689  0.021740  0.491912 -0.115094
  0.011495  0.007898  0.045328 -0.012300 -0.004255  0.002638 -0.004270  0.006088
  0.163385 -0.017361 -0.026339  0.284961 -0.066183 -0.430597  0.078362  0.084787
  0.092168 -0.197577 -0.279536  0.034585  0.043863 -0.325821  0.144004 -0.268280
  0.028737  0.071244  0.036344 -0.031981  0.010532  0.017861  0.076078  0.000990
  0.011605 -0.071356 -0.005671 -0.003195  0.443651 -0.067824 -0.329193  0.063021
  0.071941  0.067817  0.111643 -0.030849 -0.031633 -0.086074 -0.006121 -0.005581
  0.418327 -0.087129 -0.293522  0.051573  0.056664  0.055254 -0.293635  0.051853
  0.056517  0.055588 -0.765182  0.425768  0.449027  0.050420 -0.026930  0.062994
 -0.040190  0.008989 -0.050791 -0.076517 -0.027393 -0.195962  0.006689  0.021740
  0.491912 -0.115094  0.011495  0.007898  0.045328 -0.012300 -0.004255  0.002638
 -0.004270  0.006088  0.163385 -0.017361 -0.026339  0.284961 -0.066183 -0.430597
  0.078362  0.084787  0.092168 -0.197577 -0.279536  0.034585  0.043863 -0.325821
  0.144004 -0.268280  0.028737  0.071244  0.036344 -0.031981  0.010532  0.017861
  0.076078  0.000990  0.011605 -0.071356 -0.005671 -0.003195  0.443651 -0.067824
 -0.329193  0.063021  0.071941  0.067817  0.111643 -0.030849 -0.031633 -0.086074
 -0.006121 -0.005581  0.418327 -0.087129 -0.293522  0.051573  0.056664  0.055254
 -0.293635  0.051853  0.056517  0.055588 -0.765182  0.425768  0.449027  0.050420
 -0.026930  0.062994 -0.040190  0.008989 -0.050791 -0.076517 -0.027393 -0.195962
  0.006689  0.021740  0.491912 -0.115094  0.011495  0.007898  0.045328 -0.012300
 -0.004255  0.002638 -0.004270  0.006088  0.163385 -0.017361 -0.026339  0.284961
 -0.066183 -0.430597  0.078362  0.084787  0.092168 -0.197577 -0.279536  0.034585
  0.043863 -0.325821  0.144004 -0.268280  0.028737  0.071244  0.036344 -0.031981
  0.010532  0.017861  0.076078  0.000990  0.011605 -0.071356 -0.005671 -0.003195
  0.443651 -0.067824 -0.329193  0.063021  0.071941  0.067817  0.111643 -0.030849
 -0.031633 -0.086074 -0.006121 -0.005581  0.418327 -0.087129 -0.293522  0.051573
  0.056664  0.055254 -0.293635  0.051853  0.056517  0.055588 -0.765182  0.425768
  0.449027  0.050420 -0.026930  0.062994 -0.040190  0.008989 -0.050791 -0.076517
 -0.027393 -0.195962  0.006689  0.021740  0.491912 -0.115094  0.011495  0.007898
  0.045328 -0.012300 -0.004255  0.002638 -0.004270  0.006088  0.163385 -0.017361
 -0.026339  0.284961 -0.066183 -0.430597  0.078362  0.084787  0.092168 -0.197577
 -0.279536  0.034585  0.043863 -0.325821  0.144004 -0.268280  0.028737  0.071244
  0.036344 -0.031981  0.010532  0.017861  0.076078  0.000990  0.011605 -0.071356
 -0.005671 -0.003195  0.443651 -0.067824 -0.329193  0.063021  0.071941  0.067817
  0.111643 -0.030849 -0.031633 -0.086074 -0.006121 -0.005581  0.418327 -0.087129
 -0.293522  0.051573  0.056664  0.055254 -0.293635  0.051853  0.056517  0.055588
 -0.765182  0.425768  0.449027  0.050420 -0.026930  0.062994 -0.040190  0.008989
 -0.050791 -0.076517 -0.027393 -0.195962  0.006689  0.021740  0.491912 -0.115094
  0.011495  0.007898  0.045328 -0.012300 -0.004255  0.002638 -0.004270  0.006088
  0.163385 -0.017361 -0.026339  0.284961 -0.066183 -0.430597  0.078362  0.084787
  0.092168 -0.197577 -0.279536  0.034585  0.043863 -0.325821  0.144004 -0.268280
  0.028737  0.071244  0.036344 -0.031981  0.010532  0.017861  0.076078  0.000990
  0.011605 -0.071356 -0.005671 -0.003195  0.443651 -0.067824 -0.329193  0.063021
  0.071941  0.067817  0.111643 -0.030849 -0.031633 -0.086074 -0.006121 -0.005581
  0.418327 -0.087129 -0.293522  0.051573  0.056664  0.055254 -0.293635  0.051853
  0.056517  0.055588 -0.765182  0.425768  0.449027  0.050420 -0.026930  0.062994
 -0.040190  0.008989 -0.050791 -0.076517 -0.027393 -0.195962  0.006689  0.021740
  0.491912 -0.115094  0.011495  0.007898  0.045328 -0.012300 -0.004255  0.002638
 -0.004270  0.006088  0.163385 -0.017361 -0.026339  0.284961 -0.066183 -0.430597
  0.078362  0.084787  0.092168 -0.197577 -0.279536  0.034585  0.043863 -0.325821
  0.144004 -0.268280  0.028737  0.071244  0.036344 -0.031981  0.010532  0.017861
  0.076078  0.000990  0.011605 -0.071356 -0.005671 -0.003195  0.443651 -0.067824
 -0.329193  0.063021  0.071941  0.067817  0.111643 -0.030849 -0.031633 -0.086074
 -0.006121 -0.005581  0.418327 -0.087129 -0.293522  0.051573  0.056664  0.055254
 -0.293635  0.051853  0.056517  0.055588 -0.765182  0.425768  0.449027  0.050420
 -0.026930  0.062994 -0.040190  0.008989 -0.050791 -0.076517 -0.027393 -0.195962
  0.006689  0.021740  0.491912 -0.115094  0.011495  0.007898  0.045328 -0.012300
 -0.004255  0.002638 -0.004270  0.006088  0.163385 -0.017361 -0.026339  0.284961
 -0.066183 -0.430597  0.078362  0.084787  0.092168 -0.197577 -0.279536  0.034585
  0.043863 -0.325821  0.144004 -0.268280  0.028737  0.071244  0.036344 -0.031981
  0.010532  0.017861  0.076078  0.000990  0.011605 -0.071356 -0.005671 -0.003195
  0.443651 -0.067824 -0.329193  0.063021  0.071941  0.067817  0.111643 -0.030849
 -0.031633 -0.086074 -0.006121 -0.005581  0.418327 -0.087129 -0.293522  0.051573
  0.056664  0.055254 -0.293635  0.051853  0.056517  0.055588 -0.765182  0.425768
  0.449027  0.050420 -0.026930  0.062994 -0.040190  0.008989 -0.050791 -0.076517
 -0.027393 -0.195962  0.006689  0.021740  0.491912 -0.115094  0.011495  0.007898
  0.045328 -0.012300 -0.004255  0.002638 -0.004270  0.006088  0.163385 -0.017361
 -0.026339  0.284961 -0.066183 -0.430597  0.078362  0.084787  0.092168 -0.197577
 -0.279536  0.034585  0.043863 -0.325821  0.144004 -0.268280  0.028737  0.071244
  0.036344 -0.031981  0.010532  0.017861  0.076078  0.000990  0.011605 -0.071356
 -0.005671 -0.003195  0.443651 -0.067824 -0.329193  0.063021  0.071941  0.067817
  0.111643 -0.030849 -0.031633 -0.086074 -0.006121 -0.005581  0.418327 -0.087129
 -0.293522  0.051573  0.056664  0.055254 -0.293635  0.051853  0.056517  0.055588
 -0.765182  0.425768  0.449027  0.050420 -0.026930  0.062994 -0.040190  0.008989
 -0.050791 -0.076517 -0.027393 -0.195962  0.006689  0.021740  0.491912 -0.115094
  0.011495  0.007898  0.045328 -0.012300 -0.004255  0.002638 -0.004270  0.006088
  0.163385 -0.017361 -0.026339  0.284961 -0.066183 -0.430597  0.078362  0.084787
  0.092168 -0.197577 -0.279536  0.034585  0.043863 -0.325821  0.144004 -0.268280
  0.028737  0.071244  0.036344 -0.031981  0.010532  0.017861  0.076078  0.000990
  0.011605 -0.071356 -0.005671 -0.003195  0.443651 -0.067824 -0.329193  0.063021
  0.071941  0.067817  0.111643 -0.030849 -0.031633 -0.086074 -0.006121 -0.005581
  0.418327 -0.087129 -0.293522  0.051573  0.056664  0.055254 -0.293635  0.051853
  0.056517  0.055588 -0.765182  0.425768  0.449027  0.050420 -0.026930  0.062994
 -0.040190  0.008989 -0.050791 -0.076517 -0.027393 -0.195962  0.006689  0.021740
  0.491912 -0.115094  0.011495  0.007898  0.045328 -0.012300 -0.004255  0.002638
 -0.004270  0.006088  0.163385 -0.017361 -0.026339  0.284961 -0.066183 -0.430597
  0.078362  0.084787  0.092168 -0.197577 -0.279536  0.034585  0.043863 -0.325821
  0.144004 -0.268280  0.028737  0.071244  0.036344 -0.031981  0.010532  0.017861
  0.076078  0.000990  0.011605 -0.071356 -0.005671 -0.003195  0.443651 -0.067824
 -0.329193  0.063021  0.071941  0.067817  0.111643 -0.030849 -0.031633 -0.086074
 -0.006121 -0.005581  0.418327 -0.087129 -0.293522  0.051573  0.056664  0.055254
 -0.293635  0.051853  0.056517  0.055588 -0.765182  0.425768  0.449027  0.050420
 -0.026930  0.062994 -0.040190  0.008989 -0.050791 -0.076517 -0.027393 -0.195962
  0.006689  0.021740  0.491912 -0.115094  0.011495  0.007898  0.045328 -0.012300
 -0.004255  0.002638 -0.004270  0.006088  0.163385 -0.017361 -0.026339  0.284961
 -0.066183 -0.430597  0.078362  0.084787  0.092168 -0.197577 -0.279536  0.034585
  0.043863 -0.325821  0.144004 -0.268280  0.028737  0.071244  0.036344 -0.031981
  0.010532  0.017861  0.076078  0.000990  0.011605 -0.071356 -0.005671 -0.003195
  0.443651 -0.067824 -0.329193  0.063021  0.071941  0.067817  0.111643 -0.030849
 -0.031633 -0.086074 -0.006121 -0.005581  0.418327 -0.087129 -0.293522  0.051573
  0.056664  0.055254 -0.293635  0.051853  0.056517  0.055588 -0.765182  0.425768
  0.449027  0.050420 -0.026930  0.062994 -0.040190  0.008989 -0.050791 -0.076517
 -0.027393 -0.195962  0.006689  0.021740  0.491912 -0.115094  0.011495  0.007898
  0.045328 -0.012300 -0.004255  0.002638 -0.004270  0.006088  0.163385 -0.017361
 -0.026339  0.284961 -0.066183 -0.430597  0.078362  0.084787  0.092168 -0.197577
 -0.279536  0.034585  0.043863 -0.325821  0.144004 -0.268280  0.028737  0.071244
  0.036344 -0.031981  0.010532  0.017861  0.076078  0.000990  0.011605 -0.071356
 -0.005671 -0.003195  0.443651 -0.067824 -0.329193  0.063021  0.071941  0.067817
  0.111643 -0.030849 -0.031633 -0.086074 -0.006121 -0.005581  0.418327 -0.087129
 -0.293522  0.051573  0.056664  0.055254 -0.293635  0.051853  0.056517  0.055588
 -0.765182  0.425768  0.449027  0.050420 -0.026930  0.062994 -0.040190  0.008989
 -0.050791 -0.076517 -0.027393 -0.195962  0.006689  0.021740  0.491912 -0.115094
  0.011495  0.007898  0.045328 -0.012300 -0.004255  0.002638 -0.004270  0.006088
  0.163385 -0.017361 -0.026339  0.284961 -0.066183 -0.430597  0.078362  0.084787
  0.092168 -0.197577 -0.279536  0.034585  0.043863 -0.325821  0.144004 -0.268280
  0.028737  0.071244  0.036344 -0.031981  0.010532  0.017861  0.076078  0.000990
  0.011605 -0.071356 -0.005671 -0.003195  0.443651 -0.067824 -0.329193  0.063021
  0.071941  0.067817  0.111643 -0.030849 -0.031633 -0.086074 -0.006121 -0.005581
  0.418327 -0.087129 -0.293522  0.051573  0.056664  0.055254 -0.293635  0.051853
  0.056517  0.055588 -0.765182  0.425768  0.449027  0.050420 -0.026930  0.062994
 -0.040190  0.008989 -0.050791 -0.076517 -0.027393 -0.195962  0.006689  0.021740
  0.491912 -0.115094  0.011495  0.007898  0.045328 -0.012300 -0.004255  0.002638
 -0.004270  0.006088  0.163385 -0.017361 -0.026339  0.284961 -0.066183 -0.430597
  0.078362  0.084787  0.092168 -0.197577 -0.279536  0.034585  0.043863 -0.325821
  0.144004 -0.268280  0.028737  0.071244  0.036344 -0.031981  0.010532  0.017861
  0.076078  0.000990  0.011605 -0.071356 -0.005671 -0.003195  0.443651 -0.067824
 -0.329193  0.063021  0.071941  0.067817  0.111643 -0.030849 -0.031633 -0.086074
 -0.006121 -0.005581  0.418327 -0.087129 -0.293522  0.051573  0.056664  0.055254
 -0.293635  0.051853  0.056517  0.055588 -0.765182  0.425768  0.449027  0.050420
 -0.026930  0.062994 -0.040190  0.008989 -0.050791 -0.076517 -0.027393 -0.195962
  0.006689  0.021740  0.491912 -0.115094  0.011495  0.007898  0.045328 -0.012300
 -0.004255  0.002638 -0.004270  0.006088  0.163385 -0.017361 -0.026339  0.284961
 -0.066183 -0.430597  0.078362  0.084787  0.092168 -0.197577 -0.279536  0.034585
  0.043863 -0.325821  0.144004 -0.268280  0.028737  0.071244  0.036344 -0.031981
  0.010532  0.017861  0.076078  0.000990  0.011605 -0.071356 -0.005671 -0.003195
  0.443651 -0.067824 -0.329193  0.063021  0.071941  0.067817  0.111643 -0.030849
 -0.031633 -0.086074 -0.006121 -0.005581  0.418327 -0.087129 -0.293522  0.051573
  0.056664  0.055254 -0.293635  0.051853  0.056517  0.055588 -0.765182  0.425768
  0.449027  0.050420 -0.026930  0.062994 -0.040190  0.008989 -0.050791 -0.076517
 -0.027393 -0.195962  0.006689  0.021740  0.491912 -0.115094  0.011495  0.007898
  0.045328 -0.012300 -0.004255  0.002638 -0.004270  0.006088  0.163385 -0.017361
 -0.026339  0.284961 -0.066183 -0.430597  0.078362  0.084787  0.092168 -0.197577
 -0.279536  0.034585  0.043863 -0.325821  0.144004 -0.268280  0.028737  0.071244
  0.036344 -0.031981  0.010532  0.017861  0.076078  0.000990  0.011605 -0.071356
 -0.005671 -0.003195  0.443651 -0.067824 -0.329193  0.063021  0.071941  0.067817
  0.111643 -0.030849 -0.031633 -0.086074 -0.006121 -0.005581  0.418327 -0.087129
 -0.293522  0.051573  0.056664  0.055254 -0.293635  0.051853  0.056517  0.055588
 -0.765182  0.425768  0.449027  0.050420 -0.026930  0.062994 -0.040190  0.008989
 -0.050791 -0.076517 -0.027393 -0.195962  0.006689  0.021740  0.491912 -0.115094
  0.011495  0.007898  0.045328 -0.012300 -0.004255  0.002638 -0.004270  0.006088
  0.163385 -0.017361 -0.026339  0.284961 -0.066183 -0.430597  0.078362  0.084787
  0.092168 -0.197577 -0.279536  0.034585  0.043863 -0.325821  0.144004 -0.268280
  0.028737  0.071244  0.036344 -0.031981  0.010532  0.017861  0.076078  0.000990
  0.011605 -0.071356 -0.005671 -0.003195  0.443651 -0.067824 -0.329193  0.063021
  0.071941  0.067817  0.111643 -0.030849 -0.031633 -0.086074 -0.006121 -0.005581
  0.418327 -0.087129 -0.293522  0.051573  0.056664  0.055254 -0.293635  0.051853
  0.056517  0.055588 -0.765182  0.425768  0.449027  0.050420 -0.026930  0.062994
 -0.040190  0.008989 -0.050791 -0.076517 -0.027393 -0.195962  0.006689  0.021740
  0.491912 -0.115094  0.011495  0.007898  0.045328 -0.012300 -0.004255  0.002638
 -0.004270  0.006088  0.163385 -0.017361 -0.026339  0.284961 -0.066183 -0.430597
  0.078362  0.084787  0.092168 -0.197577 -0.279536  0.034585  0.043863 -0.325821
  0.144004 -0.268280  0.028737  0.071244  0.036344 -0.031981  0.010532  0.017861
  0.076078  0.000990  0.011605 -0.071356 -0.005671 -0.003195  0.443651 -0.067824
 -0.329193  0.063021  0.071941  0.067817  0.111643 -0.030849 -0.031633 -0.086074
 -0.006121 -0.005581  0.418327 -0.087129 -0.293522  0.051573  0.056664  0.055254
 -0.293635  0.051853  0.056517  0.055588 -0.765182  0.425768  0.449027  0.050420
 -0.026930  0.062994 -0.040190  0.008989 -0.050791 -0.076517 -0.027393 -0.195962
  0.006689  0.021740  0.491912 -0.115094  0.011495  0.007898  0.045328 -0.012300
 -0.004255  0.002638 -0.004270  0.006088  0.163385 -0.017361 -0.026339  0.284961
 -0.066183 -0.430597  0.078362  0.084787  0.092168 -0.197577 -0.279536  0.034585
  0.043863 -0.325821  0.144004 -0.268280  0.028737  0.071244  0.036344 -0.031981
  0.010532  0.017861  0.076078  0.000990  0.011605 -0.071356 -0.005671 -0.003195
  0.443651 -0.067824 -0.329193  0.063021  0.071941  0.067817  0.111643 -0.030849
 -0.031633 -0.086074 -0.006121 -0.005581  0.418327 -0.087129 -0.293522  0.051573
  0.056664  0.055254 -0.293635  0.051853  0.056517  0.055588 -0.765182  0.425768
  0.449027  0.050420 -0.026930  0.062994 -0.040190  0.008989 -0.050791 -0.076517
 -0.027393 -0.195962  0.006689  0.021740  0.491912 -0.115094  0.011495  0.007898
  0.045328 -0.012300 -0.004255  0.002638 -0.004270  0.006088  0.163385 -0.017361
 -0.026339  0.284961 -0.066183 -0.430597  0.078362  0.084787  0.092168 -0.197577
 -0.279536  0.034585  0.043863 -0.325821  0.144004 -0.268280  0.028737  0.071244
  0.036344 -0.031981  0.010532  0.017861  0.076078  0.000990  0.011605 -0.071356
 -0.005671 -0.003195  0.443651 -0.067824 -0.329193  0.063021  0.071941  0.067817
  0.111643 -0.030849 -0.031633 -0.086074 -0.006121 -0.005581  0.418327 -0.087129
 -0.293522  0.051573  0.056664  0.055254 -0.293635  0.051853  0.056517  0.055588
 -0.765182  0.425768  0.449027  0.050420 -0.026930  0.062994 -0.040190  0.008989
 -0.050791 -0.076517 -0.027393 -0.195962  0.006689  0.021740  0.491912 -0.115094
  0.011495  0.007898  0.045328 -0.012300 -0.004255  0.002638 -0.004270  0.006088
  0.163385 -0.017361 -0.026339  0.284961 -0.066183 -0.430597  0.078362  0.084787
  0.092168 -0.197577 -0.279536  0.034585  0.043863 -0.325821  0.144004 -0.268280
  0.028737  0.071244  0.036344 -0.031981  0.010532  0.017861  0.076078  0.000990
  0.011605 -0.071356 -0.005671 -0.003195  0.443651 -0.067824 -0.329193  0.063021
  0.071941  0.067817  0.111643 -0.030849 -0.031633 -0.086074 -0.006121 -0.005581
  0.418327 -0.087129 -0.293522  0.051573  0.056664  0.055254 -0.293635  0.051853
  0.056517  0.055588 -0.765182  0.425768  0.449027  0.050420 -0.026930  0.062994
 -0.040190  0.008989 -0.050791 -0.076517 -0.027393 -0.195962  0.006689  0.021740
  0.491912 -0.115094  0.011495  0.007898  0.045328 -0.012300 -0.004255  0.002638
 -0.004270  0.006088  0.163385 -0.017361 -0.026339  0.284961 -0.066183 -0.430597
  0.078362  0.084787  0.092168 -0.197577 -0.279536  0.034585  0.043863 -0.325821
  0.144004 -0.268280  0.028737  0.071244  0.036344 -0.031981  0.010532  0.017861
  0.076078  0.000990  0.011605 -0.071356 -0.005671 -0.003195  0.443651 -0.067824
 -0.329193  0.063021  0.071941  0.067817  0.111643 -0.030849 -0.031633 -0.086074
 -0.006121 -0.005581  0.418327 -0.087129 -0.293522  0.051573  0.056664  0.055254
 -0.293635  0.051853  0.056517  0.055588 -0.765182  0.425768  0.449027  0.050420
 -0.026930  0.062994 -0.040190  0.008989 -0.050791 -0.076517 -0.027393 -0.195962
  0.006689  0.021740  0.491912 -0.115094  0.011495  0.007898  0.045328 -0.012300
 -0.004255  0.002638 -0.004270  0.006088  0.163385 -0.017361 -0.026339  0.284961
 -0.066183 -0.430597  0.078362  0.084787  0.092168 -0.197577 -0.279536  0.034585
  0.043863 -0.325821  0.144004 -0.268280  0.028737  0.071244  0.036344 -0.031981
  0.010532  0.017861  0.076078  0.000990  0.011605 -0.071356 -0.005671 -0.003195
  0.443651 -0.067824 -0.329193  0.063021  0.071941  0.067817  0.111643 -0.030849
 -0.031633 -0.086074 -0.006121 -0.005581  0.418327 -0.087129 -0.293522  0.051573
  0.056664  0.055254 -0.293635  0.051853  0.056517  0.055588 -0.765182  0.425768
  0.449027  0.050420 -0.026930  0.062994 -0.040190  0.008989 -0.050791 -0.076517
 -0.027393 -0.195962  0.006689  0.021740  0.491912 -0.115094  0.011495  0.007898
  0.045328 -0.012300 -0.004255  0.002638 -0.004270  0.006088  0.163385 -0.017361
 -0.026339  0.284961 -0.066183 -0.430597  0.078362  0.084787  0.092168 -0.197577
 -0.279536  0.034585  0.043863 -0.325821  0.144004 -0.268280  0.028737  0.071244
  0.036344 -0.031981  0.010532  0.017861  0.076078  0.000990  0.011605 -0.071356
 -0.005671 -0.003195  0.443651 -0.067824 -0.329193  0.063021  0.071941  0.067817
  0.111643 -0.030849 -0.031633 -0.086074 -0.006121 -0.005581  0.418327 -0.087129
 -0.293522  0.051573  0.056664  0.055254 -0.293635  0.051853  0.056517  0.055588
