 -0.663237  0.413851 -0.697927  0.411240  0.102072  0.016687 -0.000222 -0.018508
  0.096370  0.013332  0.016504  0.039314  0.008320 -0.064353  0.004022  0.018278
  0.061039 -0.123417  0.067700  0.018591 -0.018262  0.037751  0.000064 -0.071762
  0.033893  0.017556  0.178787  0.112946  0.081201 -0.013701 -0.249983  0.021509
  0.078369  0.068198 -0.065279 -0.076305  0.025450  0.055712 -0.331907  0.174475
 -0.094439  0.013477  0.039232  0.023470 -0.176915  0.074688  0.080609 -0.129918
  0.043180  0.046299 -0.008805 -0.005631 -0.003600  0.299486  0.087200 -0.205046
  0.040153  0.053672  0.043145  0.017650 -0.003673 -0.003815 -0.041188 -0.002645
 -0.002167  0.261480 -0.040869 -0.235107  0.049131  0.049564  0.044133 -0.233662
  0.049845  0.048989  0.043712 -0.663237  0.413851 -0.697927  0.411240  0.102072
  0.016687 -0.000222 -0.018508  0.096370  0.013332  0.016504  0.039314  0.008320
 -0.064353  0.004022  0.018278  0.061039 -0.123417  0.067700  0.018591 -0.018262
  0.037751  0.000064 -0.071762  0.033893  0.017556  0.178787  0.112946  0.081201
 -0.013701 -0.249983  0.021509  0.078369  0.068198 -0.065279 -0.076305  0.025450
  0.055712 -0.331907  0.174475 -0.094439  0.013477  0.039232  0.023470 -0.176915
  0.074688  0.080609 -0.129918  0.043180  0.046299 -0.008805 -0.005631 -0.003600
  0.299486  0.087200 -0.205046  0.040153  0.053672  0.043145  0.017650 -0.003673
 -0.003815 -0.041188 -0.002645 -0.002167  0.261480 -0.040869 -0.235107  0.049131
  0.049564  0.044133 -0.233662  0.049845  0.048989  0.043712 -0.663237  0.413851
 -0.697927  0.411240  0.102072  0.016687 -0.000222 -0.018508  0.096370  0.013332
  0.016504  0.039314  0.008320 -0.064353  0.004022  0.018278  0.061039 -0.123417
  0.067700  0.018591 -0.018262  0.037751  0.000064 -0.071762  0.033893  0.017556
  0.178787  0.112946  0.081201 -0.013701 -0.249983  0.021509  0.078369  0.068198
 -0.065279 -0.076305  0.025450  0.055712 -0.331907  0.174475 -0.094439  0.013477
  0.039232  0.023470 -0.176915  0.074688  0.080609 -0.129918  0.043180  0.046299
 -0.008805 -0.005631 -0.003600  0.299486  0.087200 -0.205046  0.040153  0.053672
  0.043145  0.017650 -0.003673 -0.003815 -0.041188 -0.002645 -0.002167  0.261480
 -0.040869 -0.235107  0.049131  0.049564  0.044133 -0.233662  0.049845  0.048989
  0.043712 -0.663237  0.413851 -0.697927  0.411240  0.102072  0.016687 -0.000222
 -0.018508  0.096370  0.013332  0.016504  0.039314  0.008320 -0.064353  0.004022
  0.018278  0.061039 -0.123417  0.067700  0.018591 -0.018262  0.037751  0.000064
 -0.071762  0.033893  0.017556  0.178787  0.112946  0.081201 -0.013701 -0.249983
  0.021509  0.078369  0.068198 -0.065279 -0.076305  0.025450  0.055712 -0.331907
  0.174475 -0.094439  0.013477  0.039232  0.023470 -0.176915  0.074688  0.080609
 -0.129918  0.043180  0.046299 -0.008805 -0.005631 -0.003600  0.299486  0.087200
 -0.205046  0.040153  0.053672  0.043145  0.017650 -0.003673 -0.003815 -0.041188
 -0.002645 -0.002167  0.261480 -0.040869 -0.235107  0.049131  0.049564  0.044133
 -0.233662  0.049845  0.048989  0.043712 -0.663237  0.413851 -0.697927  0.411240
  0.102072  0.016687 -0.000222 -0.018508  0.096370  0.013332  0.016504  0.039314
  0.008320 -0.064353  0.004022  0.018278  0.061039 -0.123417  0.067700  0.018591
 -0.018262  0.037751  0.000064 -0.071762  0.033893  0.017556  0.178787  0.112946
  0.081201 -0.013701 -0.249983  0.021509  0.078369  0.068198 -0.065279 -0.076305
  0.025450  0.055712 -0.331907  0.174475 -0.094439  0.013477  0.039232  0.023470
 -0.176915  0.074688  0.080609 -0.129918  0.043180  0.046299 -0.008805 -0.005631
 -0.003600  0.299486  0.087200 -0.205046  0.040153  0.053672  0.043145  0.017650
 -0.003673 -0.003815 -0.041188 -0.002645 -0.002167  0.261480 -0.040869 -0.235107
  0.049131  0.049564  0.044133 -0.233662  0.049845  0.048989  0.043712 -0.663237
  0.413851 -0.697927  0.411240  0.102072  0.016687 -0.000222 -0.018508  0.096370
  0.013332  0.016504  0.039314  0.008320 -0.064353  0.004022  0.018278  0.061039
 -0.123417  0.067700  0.018591 -0.018262  0.037751  0.000064 -0.071762  0.033893
  0.017556  0.178787  0.112946  0.081201 -0.013701 -0.249983  0.021509  0.078369
  0.068198 -0.065279 -0.076305  0.025450  0.055712 -0.331907  0.174475 -0.094439
  0.013477  0.039232  0.023470 -0.176915  0.074688  0.080609 -0.129918  0.043180
  0.046299 -0.008805 -0.005631 -0.003600  0.299486  0.087200 -0.205046  0.040153
  0.053672  0.043145  0.017650 -0.003673 -0.003815 -0.041188 -0.002645 -0.002167
  0.261480 -0.040869 -0.235107  0.049131  0.049564  0.044133 -0.233662  0.049845
  0.048989  0.043712 -0.663237  0.413851 -0.697927  0.411240  0.102072  0.016687
 -0.000222 -0.018508  0.096370  0.013332  0.016504  0.039314  0.008320 -0.064353
  0.004022  0.018278  0.061039 -0.123417  0.067700  0.018591 -0.018262  0.037751
  0.000064 -0.071762  0.033893  0.017556  0.178787  0.112946  0.081201 -0.013701
 -0.249983  0.021509  0.078369  0.068198 -0.065279 -0.076305  0.025450  0.055712
 -0.331907  0.174475 -0.094439  0.013477  0.039232  0.023470 -0.176915  0.074688
  0.080609 -0.129918  0.043180  0.046299 -0.008805 -0.005631 -0.003600  0.299486
  0.087200 -0.205046  0.040153  0.053672  0.043145  0.017650 -0.003673 -0.003815
 -0.041188 -0.002645 -0.002167  0.261480 -0.040869 -0.235107  0.049131  0.049564
  0.044133 -0.233662  0.049845  0.048989  0.043712 -0.663237  0.413851 -0.697927
  0.411240  0.102072  0.016687 -0.000222 -0.018508  0.096370  0.013332  0.016504
  0.039314  0.008320 -0.064353  0.004022  0.018278  0.061039 -0.123417  0.067700
  0.018591 -0.018262  0.037751  0.000064 -0.071762  0.033893  0.017556  0.178787
  0.112946  0.081201 -0.013701 -0.249983  0.021509  0.078369  0.068198 -0.065279
 -0.076305  0.025450  0.055712 -0.331907  0.174475 -0.094439  0.013477  0.039232
  0.023470 -0.176915  0.074688  0.080609 -0.129918  0.043180  0.046299 -0.008805
 -0.005631 -0.003600  0.299486  0.087200 -0.205046  0.040153  0.053672  0.043145
  0.017650 -0.003673 -0.003815 -0.041188 -0.002645 -0.002167  0.261480 -0.040869
 -0.235107  0.049131  0.049564  0.044133 -0.233662  0.049845  0.048989  0.043712
 -0.663237  0.413851 -0.697927  0.411240  0.102072  0.016687 -0.000222 -0.018508
  0.096370  0.013332  0.016504  0.039314  0.008320 -0.064353  0.004022  0.018278
  0.061039 -0.123417  0.067700  0.018591 -0.018262  0.037751  0.000064 -0.071762
  0.033893  0.017556  0.178787  0.112946  0.081201 -0.013701 -0.249983  0.021509
  0.078369  0.068198 -0.065279 -0.076305  0.025450  0.055712 -0.331907  0.174475
 -0.094439  0.013477  0.039232  0.023470 -0.176915  0.074688  0.080609 -0.129918
  0.043180  0.046299 -0.008805 -0.005631 -0.003600  0.299486  0.087200 -0.205046
  0.040153  0.053672  0.043145  0.017650 -0.003673 -0.003815 -0.041188 -0.002645
 -0.002167  0.261480 -0.040869 -0.235107  0.049131  0.049564  0.044133 -0.233662
  0.049845  0.048989  0.043712 -0.663237  0.413851 -0.697927  0.411240  0.102072
  0.016687 -0.000222 -0.018508  0.096370  0.013332  0.016504  0.039314  0.008320
 -0.064353  0.004022  0.018278  0.061039 -0.123417  0.067700  0.018591 -0.018262
  0.037751  0.000064 -0.071762  0.033893  0.017556  0.178787  0.112946  0.081201
 -0.013701 -0.249983  0.021509  0.078369  0.068198 -0.065279 -0.076305  0.025450
  0.055712 -0.331907  0.174475 -0.094439  0.013477  0.039232  0.023470 -0.176915
  0.074688  0.080609 -0.129918  0.043180  0.046299 -0.008805 -0.005631 -0.003600
  0.299486  0.087200 -0.205046  0.040153  0.053672  0.043145  0.017650 -0.003673
 -0.003815 -0.041188 -0.002645 -0.002167  0.261480 -0.040869 -0.235107  0.049131
  0.049564  0.044133 -0.233662  0.049845  0.048989  0.043712 -0.663237  0.413851
 -0.697927  0.411240  0.102072  0.016687 -0.000222 -0.018508  0.096370  0.013332
  0.016504  0.039314  0.008320 -0.064353  0.004022  0.018278  0.061039 -0.123417
  0.067700  0.018591 -0.018262  0.037751  0.000064 -0.071762  0.033893  0.017556
  0.178787  0.112946  0.081201 -0.013701 -0.249983  0.021509  0.078369  0.068198
 -0.065279 -0.076305  0.025450  0.055712 -0.331907  0.174475 -0.094439  0.013477
  0.039232  0.023470 -0.176915  0.074688  0.080609 -0.129918  0.043180  0.046299
 -0.008805 -0.005631 -0.003600  0.299486  0.087200 -0.205046  0.040153  0.053672
  0.043145  0.017650 -0.003673 -0.003815 -0.041188 -0.002645 -0.002167  0.261480
 -0.040869 -0.235107  0.049131  0.049564  0.044133 -0.233662  0.049845  0.048989
  0.043712 -0.663237  0.413851 -0.697927  0.411240  0.102072  0.016687 -0.000222
 -0.018508  0.096370  0.013332  0.016504  0.039314  0.008320 -0.064353  0.004022
  0.018278  0.061039 -0.123417  0.067700  0.018591 -0.018262  0.037751  0.000064
 -0.071762  0.033893  0.017556  0.178787  0.112946  0.081201 -0.013701 -0.249983
  0.021509  0.078369  0.068198 -0.065279 -0.076305  0.025450  0.055712 -0.331907
  0.174475 -0.094439  0.013477  0.039232  0.023470 -0.176915  0.074688  0.080609
 -0.129918  0.043180  0.046299 -0.008805 -0.005631 -0.003600  0.299486  0.087200
 -0.205046  0.040153  0.053672  0.043145  0.017650 -0.003673 -0.003815 -0.041188
 -0.002645 -0.002167  0.261480 -0.040869 -0.235107  0.049131  0.049564  0.044133
 -0.233662  0.049845  0.048989  0.043712 -0.663237  0.413851 -0.697927  0.411240
  0.102072  0.016687 -0.000222 -0.018508  0.096370  0.013332  0.016504  0.039314
  0.008320 -0.064353  0.004022  0.018278  0.061039 -0.123417  0.067700  0.018591
 -0.018262  0.037751  0.000064 -0.071762  0.033893  0.017556  0.178787  0.112946
  0.081201 -0.013701 -0.249983  0.021509  0.078369  0.068198 -0.065279 -0.076305
  0.025450  0.055712 -0.331907  0.174475 -0.094439  0.013477  0.039232  0.023470
 -0.176915  0.074688  0.080609 -0.129918  0.043180  0.046299 -0.008805 -0.005631
 -0.003600  0.299486  0.087200 -0.205046  0.040153  0.053672  0.043145  0.017650
 -0.003673 -0.003815 -0.041188 -0.002645 -0.002167  0.261480 -0.040869 -0.235107
  0.049131  0.049564  0.044133 -0.233662  0.049845  0.048989  0.043712 -0.663237
  0.413851 -0.697927  0.411240  0.102072  0.016687 -0.000222 -0.018508  0.096370
  0.013332  0.016504  0.039314  0.008320 -0.064353  0.004022  0.018278  0.061039
 -0.123417  0.067700  0.018591 -0.018262  0.037751  0.000064 -0.071762  0.033893
  0.017556  0.178787  0.112946  0.081201 -0.013701 -0.249983  0.021509  0.078369
  0.068198 -0.065279 -0.076305  0.025450  0.055712 -0.331907  0.174475 -0.094439
  0.013477  0.039232  0.023470 -0.176915  0.074688  0.080609 -0.129918  0.043180
  0.046299 -0.008805 -0.005631 -0.003600  0.299486  0.087200 -0.205046  0.040153
  0.053672  0.043145  0.017650 -0.003673 -0.003815 -0.041188 -0.002645 -0.002167
  0.261480 -0.040869 -0.235107  0.049131  0.049564  0.044133 -0.233662  0.049845
  0.048989  0.043712 -0.663237  0.413851 -0.697927  0.411240  0.102072  0.016687
 -0.000222 -0.018508  0.096370  0.013332  0.016504  0.039314  0.008320 -0.064353
  0.004022  0.018278  0.061039 -0.123417  0.067700  0.018591 -0.018262  0.037751
  0.000064 -0.071762  0.033893  0.017556  0.178787  0.112946  0.081201 -0.013701
 -0.249983  0.021509  0.078369  0.068198 -0.065279 -0.076305  0.025450  0.055712
 -0.331907  0.174475 -0.094439  0.013477  0.039232  0.023470 -0.176915  0.074688
  0.080609 -0.129918  0.043180  0.046299 -0.008805 -0.005631 -0.003600  0.299486
  0.087200 -0.205046  0.040153  0.053672  0.043145  0.017650 -0.003673 -0.003815
 -0.041188 -0.002645 -0.002167  0.261480 -0.040869 -0.235107  0.049131  0.049564
  0.044133 -0.233662  0.049845  0.048989  0.043712 -0.663237  0.413851 -0.697927
  0.411240  0.102072  0.016687 -0.000222 -0.018508  0.096370  0.013332  0.016504
  0.039314  0.008320 -0.064353  0.004022  0.018278  0.061039 -0.123417  0.067700
  0.018591 -0.018262  0.037751  0.000064 -0.071762  0.033893  0.017556  0.178787
  0.112946  0.081201 -0.013701 -0.249983  0.021509  0.078369  0.068198 -0.065279
 -0.076305  0.025450  0.055712 -0.331907  0.174475 -0.094439  0.013477  0.039232
  0.023470 -0.176915  0.074688  0.080609 -0.129918  0.043180  0.046299 -0.008805
 -0.005631 -0.003600  0.299486  0.087200 -0.205046  0.040153  0.053672  0.043145
  0.017650 -0.003673 -0.003815 -0.041188 -0.002645 -0.002167  0.261480 -0.040869
 -0.235107  0.049131  0.049564  0.044133 -0.233662  0.049845  0.048989  0.043712
 -0.663237  0.413851 -0.697927  0.411240  0.102072  0.016687 -0.000222 -0.018508
  0.096370  0.013332  0.016504  0.039314  0.008320 -0.064353  0.004022  0.018278
  0.061039 -0.123417  0.067700  0.018591 -0.018262  0.037751  0.000064 -0.071762
  0.033893  0.017556  0.178787  0.112946  0.081201 -0.013701 -0.249983  0.021509
  0.078369  0.068198 -0.065279 -0.076305  0.025450  0.055712 -0.331907  0.174475
 -0.094439  0.013477  0.039232  0.023470 -0.176915  0.074688  0.080609 -0.129918
  0.043180  0.046299 -0.008805 -0.005631 -0.003600  0.299486  0.087200 -0.205046
  0.040153  0.053672  0.043145  0.017650 -0.003673 -0.003815 -0.041188 -0.002645
 -0.002167  0.261480 -0.040869 -0.235107  0.049131  0.049564  0.044133 -0.233662
  0.049845  0.048989  0.043712 -0.663237  0.413851 -0.697927  0.411240  0.102072
  0.016687 -0.000222 -0.018508  0.096370  0.013332  0.016504  0.039314  0.008320
 -0.064353  0.004022  0.018278  0.061039 -0.123417  0.067700  0.018591 -0.018262
  0.037751  0.000064 -0.071762  0.033893  0.017556  0.178787  0.112946  0.081201
 -0.013701 -0.249983  0.021509  0.078369  0.068198 -0.065279 -0.076305  0.025450
  0.055712 -0.331907  0.174475 -0.094439  0.013477  0.039232  0.023470 -0.176915
  0.074688  0.080609 -0.129918  0.043180  0.046299 -0.008805 -0.005631 -0.003600
  0.299486  0.087200 -0.205046  0.040153  0.053672  0.043145  0.017650 -0.003673
 -0.003815 -0.041188 -0.002645 -0.002167  0.261480 -0.040869 -0.235107  0.049131
  0.049564  0.044133 -0.233662  0.049845  0.048989  0.043712 -0.663237  0.413851
 -0.697927  0.411240  0.102072  0.016687 -0.000222 -0.018508  0.096370  0.013332
  0.016504  0.039314  0.008320 -0.064353  0.004022  0.018278  0.061039 -0.123417
  0.067700  0.018591 -0.018262  0.037751  0.000064 -0.071762  0.033893  0.017556
  0.178787  0.112946  0.081201 -0.013701 -0.249983  0.021509  0.078369  0.068198
 -0.065279 -0.076305  0.025450  0.055712 -0.331907  0.174475 -0.094439  0.013477
  0.039232  0.023470 -0.176915  0.074688  0.080609 -0.129918  0.043180  0.046299
 -0.008805 -0.005631 -0.003600  0.299486  0.087200 -0.205046  0.040153  0.053672
  0.043145  0.017650 -0.003673 -0.003815 -0.041188 -0.002645 -0.002167  0.261480
 -0.040869 -0.235107  0.049131  0.049564  0.044133 -0.233662  0.049845  0.048989
  0.043712 -0.663237  0.413851 -0.697927  0.411240  0.102072  0.016687 -0.000222
 -0.018508  0.096370  0.013332  0.016504  0.039314  0.008320 -0.064353  0.004022
  0.018278  0.061039 -0.123417  0.067700  0.018591 -0.018262  0.037751  0.000064
 -0.071762  0.033893  0.017556  0.178787  0.112946  0.081201 -0.013701 -0.249983
  0.021509  0.078369  0.068198 -0.065279 -0.076305  0.025450  0.055712 -0.331907
  0.174475 -0.094439  0.013477  0.039232  0.023470 -0.176915  0.074688  0.080609
 -0.129918  0.043180  0.046299 -0.008805 -0.005631 -0.003600  0.299486  0.087200
 -0.205046  0.040153  0.053672  0.043145  0.017650 -0.003673 -0.003815 -0.041188
 -0.002645 -0.002167  0.261480 -0.040869 -0.235107  0.049131  0.049564  0.044133
 -0.233662  0.049845  0.048989  0.043712 -0.663237  0.413851 -0.697927  0.411240
  0.102072  0.016687 -0.000222 -0.018508  0.096370  0.013332  0.016504  0.039314
  0.008320 -0.064353  0.004022  0.018278  0.061039 -0.123417  0.067700  0.018591
 -0.018262  0.037751  0.000064 -0.071762  0.033893  0.017556  0.178787  0.112946
  0.081201 -0.013701 -0.249983  0.021509  0.078369  0.068198 -0.065279 -0.076305
  0.025450  0.055712 -0.331907  0.174475 -0.094439  0.013477  0.039232  0.023470
 -0.176915  0.074688  0.080609 -0.129918  0.043180  0.046299 -0.008805 -0.005631
 -0.003600  0.299486  0.087200 -0.205046  0.040153  0.053672  0.043145  0.017650
 -0.003673 -0.003815 -0.041188 -0.002645 -0.002167  0.261480 -0.040869 -0.235107
  0.049131  0.049564  0.044133 -0.233662  0.049845  0.048989  0.043712 -0.663237
  0.413851 -0.697927  0.411240  0.102072  0.016687 -0.000222 -0.018508  0.096370
  0.013332  0.016504  0.039314  0.008320 -0.064353  0.004022  0.018278  0.061039
 -0.123417  0.067700  0.018591 -0.018262  0.037751  0.000064 -0.071762  0.033893
  0.017556  0.178787  0.112946  0.081201 -0.013701 -0.249983  0.021509  0.078369
  0.068198 -0.065279 -0.076305  0.025450  0.055712 -0.331907  0.174475 -0.094439
  0.013477  0.039232  0.023470 -0.176915  0.074688  0.080609 -0.129918  0.043180
  0.046299 -0.008805 -0.005631 -0.003600  0.299486  0.087200 -0.205046  0.040153
  0.053672  0.043145  0.017650 -0.003673 -0.003815 -0.041188 -0.002645 -0.002167
  0.261480 -0.040869 -0.235107  0.049131  0.049564  0.044133 -0.233662  0.049845
  0.048989  0.043712 -0.663237  0.413851 -0.697927  0.411240  0.102072  0.016687
 -0.000222 -0.018508  0.096370  0.013332  0.016504  0.039314  0.008320 -0.064353
  0.004022  0.018278  0.061039 -0.123417  0.067700  0.018591 -0.018262  0.037751
  0.000064 -0.071762  0.033893  0.017556  0.178787  0.112946  0.081201 -0.013701
 -0.249983  0.021509  0.078369  0.068198 -0.065279 -0.076305  0.025450  0.055712
 -0.331907  0.174475 -0.094439  0.013477  0.039232  0.023470 -0.176915  0.074688
  0.080609 -0.129918  0.043180  0.046299 -0.008805 -0.005631 -0.003600  0.299486
  0.087200 -0.205046  0.040153  0.053672  0.043145  0.017650 -0.003673 -0.003815
 -0.041188 -0.002645 -0.002167  0.261480 -0.040869 -0.235107  0.049131  0.049564
  0.044133 -0.233662  0.049845  0.048989  0.043712 -0.663237  0.413851 -0.697927
  0.411240  0.102072  0.016687 -0.000222 -0.018508  0.096370  0.013332  0.016504
  0.039314  0.008320 -0.064353  0.004022  0.018278  0.061039 -0.123417  0.067700
  0.018591 -0.018262  0.037751  0.000064 -0.071762  0.033893  0.017556  0.178787
  0.112946  0.081201 -0.013701 -0.249983  0.021509  0.078369  0.068198 -0.065279
 -0.076305  0.025450  0.055712 -0.331907  0.174475 -0.094439  0.013477  0.039232
  0.023470 -0.176915  0.074688  0.080609 -0.129918  0.043180  0.046299 -0.008805
 -0.005631 -0.003600  0.299486  0.087200 -0.205046  0.040153  0.053672  0.043145
  0.017650 -0.003673 -0.003815 -0.041188 -0.002645 -0.002167  0.261480 -0.040869
 -0.235107  0.049131  0.049564  0.044133 -0.233662  0.049845  0.048989  0.043712
 -0.663237  0.413851 -0.697927  0.411240  0.102072  0.016687 -0.000222 -0.018508
  0.096370  0.013332  0.016504  0.039314  0.008320 -0.064353  0.004022  0.018278
  0.061039 -0.123417  0.067700  0.018591 -0.018262  0.037751  0.000064 -0.071762
  0.033893  0.017556  0.178787  0.112946  0.081201 -0.013701 -0.249983  0.021509
  0.078369  0.068198 -0.065279 -0.076305  0.025450  0.055712 -0.331907  0.174475
 -0.094439  0.013477  0.039232  0.023470 -0.176915  0.074688  0.080609 -0.129918
  0.043180  0.046299 -0.008805 -0.005631 -0.003600  0.299486  0.087200 -0.205046
  0.040153  0.053672  0.043145  0.017650 -0.003673 -0.003815 -0.041188 -0.002645
 -0.002167  0.261480 -0.040869 -0.235107  0.049131  0.049564  0.044133 -0.233662
  0.049845  0.048989  0.043712 -0.663237  0.413851 -0.697927  0.411240  0.102072
  0.016687 -0.000222 -0.018508  0.096370  0.013332  0.016504  0.039314  0.008320
 -0.064353  0.004022  0.018278  0.061039 -0.123417  0.067700  0.018591 -0.018262
  0.037751  0.000064 -0.071762  0.033893  0.017556  0.178787  0.112946  0.081201
 -0.013701 -0.249983  0.021509  0.078369  0.068198 -0.065279 -0.076305  0.025450
  0.055712 -0.331907  0.174475 -0.094439  0.013477  0.039232  0.023470 -0.176915
  0.074688  0.080609 -0.129918  0.043180  0.046299 -0.008805 -0.005631 -0.003600
  0.299486  0.087200 -0.205046  0.040153  0.053672  0.043145  0.017650 -0.003673
 -0.003815 -0.041188 -0.002645 -0.002167  0.261480 -0.040869 -0.235107  0.049131
  0.049564  0.044133 -0.233662  0.049845  0.048989  0.043712 -0.663237  0.413851
 -0.697927  0.411240  0.102072  0.016687 -0.000222 -0.018508  0.096370  0.013332
  0.016504  0.039314  0.008320 -0.064353  0.004022  0.018278  0.061039 -0.123417
  0.067700  0.018591 -0.018262  0.037751  0.000064 -0.071762  0.033893  0.017556
  0.178787  0.112946  0.081201 -0.013701 -0.249983  0.021509  0.078369  0.068198
 -0.065279 -0.076305  0.025450  0.055712 -0.331907  0.174475 -0.094439  0.013477
  0.039232  0.023470 -0.176915  0.074688  0.080609 -0.129918  0.043180  0.046299
 -0.008805 -0.005631 -0.003600  0.299486  0.087200 -0.205046  0.040153  0.053672
  0.043145  0.017650 -0.003673 -0.003815 -0.041188 -0.002645 -0.002167  0.261480
 -0.040869 -0.235107  0.049131  0.049564  0.044133 -0.233662  0.049845  0.048989
  0.043712 -0.663237  0.413851 -0.697927  0.411240  0.102072  0.016687 -0.000222
 -0.018508  0.096370  0.013332  0.016504  0.039314  0.008320 -0.064353  0.004022
  0.018278  0.061039 -0.123417  0.067700  0.018591 -0.018262  0.037751  0.000064
 -0.071762  0.033893  0.017556  0.178787  0.112946  0.081201 -0.013701 -0.249983
  0.021509  0.078369  0.068198 -0.065279 -0.076305  0.025450  0.055712 -0.331907
  0.174475 -0.094439  0.013477  0.039232  0.023470 -0.176915  0.074688  0.080609
 -0.129918  0.043180  0.046299 -0.008805 -0.005631 -0.003600  0.299486  0.087200
 -0.205046  0.040153  0.053672  0.043145  0.017650 -0.003673 -0.003815 -0.041188
 -0.002645 -0.002167  0.261480 -0.040869 -0.235107  0.049131  0.049564  0.044133
 -0.233662  0.049845  0.048989  0.043712 -0.663237  0.413851 -0.697927  0.411240
  0.102072  0.016687 -0.000222 -0.018508  0.096370  0.013332  0.016504  0.039314
  0.008320 -0.064353  0.004022  0.018278  0.061039 -0.123417  0.067700  0.018591
 -0.018262  0.037751  0.000064 -0.071762  0.033893  0.017556  0.178787  0.112946
  0.081201 -0.013701 -0.249983  0.021509  0.078369  0.068198 -0.065279 -0.076305
  0.025450  0.055712 -0.331907  0.174475 -0.094439  0.013477  0.039232  0.023470
 -0.176915  0.074688  0.080609 -0.129918  0.043180  0.046299 -0.008805 -0.005631
 -0.003600  0.299486  0.087200 -0.205046  0.040153  0.053672  0.043145  0.017650
 -0.003673 -0.003815 -0.041188 -0.002645 -0.002167  0.261480 -0.040869 -0.235107
  0.049131  0.049564  0.044133 -0.233662  0.049845  0.048989  0.043712 -0.663237
  0.413851 -0.697927  0.411240  0.102072  0.016687 -0.000222 -0.018508  0.096370
  0.013332  0.016504  0.039314  0.008320 -0.064353  0.004022  0.018278  0.061039
 -0.123417  0.067700  0.018591 -0.018262  0.037751  0.000064 -0.071762  0.033893
  0.017556  0.178787  0.112946  0.081201 -0.013701 -0.249983  0.021509  0.078369
  0.068198 -0.065279 -0.076305  0.025450  0.055712 -0.331907  0.174475 -0.094439
  0.013477  0.039232  0.023470 -0.176915  0.074688  0.080609 -0.129918  0.043180
  0.046299 -0.008805 -0.005631 -0.003600  0.299486  0.087200 -0.205046  0.040153
  0.053672  0.043145  0.017650 -0.003673 -0.003815 -0.041188 -0.002645 -0.002167
  0.261480 -0.040869 -0.235107  0.049131  0.049564  0.044133 -0.233662  0.049845
  0.048989  0.043712 -0.663237  0.413851 -0.697927  0.411240  0.102072  0.016687
 -0.000222 -0.018508  0.096370  0.013332  0.016504  0.039314  0.008320 -0.064353
  0.004022  0.018278  0.061039 -0.123417  0.067700  0.018591 -0.018262  0.037751
  0.000064 -0.071762  0.033893  0.017556  0.178787  0.112946  0.081201 -0.013701
 -0.249983  0.021509  0.078369  0.068198 -0.065279 -0.076305  0.025450  0.055712
 -0.331907  0.174475 -0.094439  0.013477  0.039232  0.023470 -0.176915  0.074688
  0.080609 -0.129918  0.043180  0.046299 -0.008805 -0.005631 -0.003600  0.299486
  0.087200 -0.205046  0.040153  0.053672  0.043145  0.017650 -0.003673 -0.003815
 -0.041188 -0.002645 -0.002167  0.261480 -0.040869 -0.235107  0.049131  0.049564
  0.044133 -0.233662  0.049845  0.048989  0.043712 -0.663237  0.413851 -0.697927
  0.411240  0.102072  0.016687 -0.000222 -0.018508  0.096370  0.013332  0.016504
  0.039314  0.008320 -0.064353  0.004022  0.018278  0.061039 -0.123417  0.067700
  0.018591 -0.018262  0.037751  0.000064 -0.071762  0.033893  0.017556  0.178787
  0.112946  0.081201 -0.013701 -0.249983  0.021509  0.078369  0.068198 -0.065279
 -0.076305  0.025450  0.055712 -0.331907  0.174475 -0.094439  0.013477  0.039232
  0.023470 -0.176915  0.074688  0.080609 -0.129918  0.043180  0.046299 -0.008805
 -0.005631 -0.003600  0.299486  0.087200 -0.205046  0.040153  0.053672  0.043145
  0.017650 -0.003673 -0.003815 -0.041188 -0.002645 -0.002167  0.261480 -0.040869
 -0.235107  0.049131  0.049564  0.044133 -0.233662  0.049845  0.048989  0.043712
 -0.663237  0.413851 -0.697927  0.411240  0.102072  0.016687 -0.000222 -0.018508
  0.096370  0.013332  0.016504  0.039314  0.008320 -0.064353  0.004022  0.018278
  0.061039 -0.123417  0.067700  0.018591 -0.018262  0.037751  0.000064 -0.071762
  0.033893  0.017556  0.178787  0.112946  0.081201 -0.013701 -0.249983  0.021509
  0.078369  0.068198 -0.065279 -0.076305  0.025450  0.055712 -0.331907  0.174475
 -0.094439  0.013477  0.039232  0.023470 -0.176915  0.074688  0.080609 -0.129918
  0.043180  0.046299 -0.008805 -0.005631 -0.003600  0.299486  0.087200 -0.205046
  0.040153  0.053672  0.043145  0.017650 -0.003673 -0.003815 -0.041188 -0.002645
 -0.002167  0.261480 -0.040869 -0.235107  0.049131  0.049564  0.044133 -0.233662
  0.049845  0.048989  0.043712 -0.663237  0.413851 -0.697927  0.411240  0.102072
  0.016687 -0.000222 -0.018508  0.096370  0.013332  0.016504  0.039314  0.008320
 -0.064353  0.004022  0.018278  0.061039 -0.123417  0.067700  0.018591 -0.018262
  0.037751  0.000064 -0.071762  0.033893  0.017556  0.178787  0.112946  0.081201
 -0.013701 -0.249983  0.021509  0.078369  0.068198 -0.065279 -0.076305  0.025450
  0.055712 -0.331907  0.174475 -0.094439  0.013477  0.039232  0.023470 -0.176915
  0.074688  0.080609 -0.129918  0.043180  0.046299 -0.008805 -0.005631 -0.003600
  0.299486  0.087200 -0.205046  0.040153  0.053672  0.043145  0.017650 -0.003673
 -0.003815 -0.041188 -0.002645 -0.002167  0.261480 -0.040869 -0.235107  0.049131
  0.049564  0.044133 -0.233662  0.049845  0.048989  0.043712 -0.663237  0.413851
 -0.697927  0.411240  0.102072  0.016687 -0.000222 -0.018508  0.096370  0.013332
  0.016504  0.039314  0.008320 -0.064353  0.004022  0.018278  0.061039 -0.123417
  0.067700  0.018591 -0.018262  0.037751  0.000064 -0.071762  0.033893  0.017556
  0.178787  0.112946  0.081201 -0.013701 -0.249983  0.021509  0.078369  0.068198
 -0.065279 -0.076305  0.025450  0.055712 -0.331907  0.174475 -0.094439  0.013477
  0.039232  0.023470 -0.176915  0.074688  0.080609 -0.129918  0.043180  0.046299
 -0.008805 -0.005631 -0.003600  0.299486  0.087200 -0.205046  0.040153  0.053672
  0.043145  0.017650 -0.003673 -0.003815 -0.041188 -0.002645 -0.002167  0.261480
 -0.040869 -0.235107  0.049131  0.049564  0.044133 -0.233662  0.049845  0.048989
  0.043712 -0.663237  0.413851 -0.697927  0.411240  0.102072  0.016687 -0.000222
 -0.018508  0.096370  0.013332  0.016504  0.039314  0.008320 -0.064353  0.004022
  0.018278  0.061039 -0.123417  0.067700  0.018591 -0.018262  0.037751  0.000064
 -0.071762  0.033893  0.017556  0.178787  0.112946  0.081201 -0.013701 -0.249983
  0.021509  0.078369  0.068198 -0.065279 -0.076305  0.025450  0.055712 -0.331907
  0.174475 -0.094439  0.013477  0.039232  0.023470 -0.176915  0.074688  0.080609
 -0.129918  0.043180  0.046299 -0.008805 -0.005631 -0.003600  0.299486  0.087200
 -0.205046  0.040153  0.053672  0.043145  0.017650 -0.003673 -0.003815 -0.041188
 -0.002645 -0.002167  0.261480 -0.040869 -0.235107  0.049131  0.049564  0.044133
 -0.233662  0.049845  0.048989  0.043712 -0.663237  0.413851 -0.697927  0.411240
  0.102072  0.016687 -0.000222 -0.018508  0.096370  0.013332  0.016504  0.039314
  0.008320 -0.064353  0.004022  0.018278  0.061039 -0.123417  0.067700  0.018591
 -0.018262  0.037751  0.000064 -0.071762  0.033893  0.017556  0.178787  0.112946
  0.081201 -0.013701 -0.249983  0.021509  0.078369  0.068198 -0.065279 -0.076305
  0.025450  0.055712 -0.331907  0.174475 -0.094439  0.013477  0.039232  0.023470
 -0.176915  0.074688  0.080609 -0.129918  0.043180  0.046299 -0.008805 -0.005631
 -0.003600  0.299486  0.087200 -0.205046  0.040153  0.053672  0.043145  0.017650
 -0.003673 -0.003815 -0.041188 -0.002645 -0.002167  0.261480 -0.040869 -0.235107
  0.049131  0.049564  0.044133 -0.233662  0.049845  0.048989  0.043712 -0.663237
  0.413851 -0.697927  0.411240  0.102072  0.016687 -0.000222 -0.018508  0.096370
  0.013332  0.016504  0.039314  0.008320 -0.064353  0.004022  0.018278  0.061039
 -0.123417  0.067700  0.018591 -0.018262  0.037751  0.000064 -0.071762  0.033893
  0.017556  0.178787  0.112946  0.081201 -0.013701 -0.249983  0.021509  0.078369
  0.068198 -0.065279 -0.076305  0.025450  0.055712 -0.331907  0.174475 -0.094439
  0.013477  0.039232  0.023470 -0.176915  0.074688  0.080609 -0.129918  0.043180
  0.046299 -0.008805 -0.005631 -0.003600  0.299486  0.087200 -0.205046  0.040153
  0.053672  0.043145  0.017650 -0.003673 -0.003815 -0.041188 -0.002645 -0.002167
  0.261480 -0.040869 -0.235107  0.049131  0.049564  0.044133 -0.233662  0.049845
  0.048989  0.043712 -0.663237  0.413851 -0.697927  0.411240  0.102072  0.016687
 -0.000222 -0.018508  0.096370  0.013332  0.016504  0.039314  0.008320 -0.064353
  0.004022  0.018278  0.061039 -0.123417  0.067700  0.018591 -0.018262  0.037751
  0.000064 -0.071762  0.033893  0.017556  0.178787  0.112946  0.081201 -0.013701
 -0.249983  0.021509  0.078369  0.068198 -0.065279 -0.076305  0.025450  0.055712
 -0.331907  0.174475 -0.094439  0.013477  0.039232  0.023470 -0.176915  0.074688
  0.080609 -0.129918  0.043180  0.046299 -0.008805 -0.005631 -0.003600  0.299486
  0.087200 -0.205046  0.040153  0.053672  0.043145  0.017650 -0.003673 -0.003815
 -0.041188 -0.002645 -0.002167  0.261480 -0.040869 -0.235107  0.049131  0.049564
  0.044133 -0.233662  0.049845  0.048989  0.043712 -0.663237  0.413851 -0.697927
  0.411240  0.102072  0.016687 -0.000222 -0.018508  0.096370  0.013332  0.016504
  0.039314  0.008320 -0.064353  0.004022  0.018278  0.061039 -0.123417  0.067700
  0.018591 -0.018262  0.037751  0.000064 -0.071762  0.033893  0.017556  0.178787
  0.112946  0.081201 -0.013701 -0.249983  0.021509  0.078369  0.068198 -0.065279
 -0.076305  0.025450  0.055712 -0.331907  0.174475 -0.094439  0.013477  0.039232
  0.023470 -0.176915  0.074688  0.080609 -0.129918  0.043180  0.046299 -0.008805
 -0.005631 -0.003600  0.299486  0.087200 -0.205046  0.040153  0.053672  0.043145
  0.017650 -0.003673 -0.003815 -0.041188 -0.002645 -0.002167  0.261480 -0.040869
 -0.235107  0.049131  0.049564  0.044133 -0.233662  0.049845  0.048989  0.043712
 -0.663237  0.413851 -0.697927  0.411240  0.102072  0.016687 -0.000222 -0.018508
  0.096370  0.013332  0.016504  0.039314  0.008320 -0.064353  0.004022  0.018278
  0.061039 -0.123417  0.067700  0.018591 -0.018262  0.037751  0.000064 -0.071762
  0.033893  0.017556  0.178787  0.112946  0.081201 -0.013701 -0.249983  0.021509
  0.078369  0.068198 -0.065279 -0.076305  0.025450  0.055712 -0.331907  0.174475
 -0.094439  0.013477  0.039232  0.023470 -0.176915  0.074688  0.080609 -0.129918
  0.043180  0.046299 -0.008805 -0.005631 -0.003600  0.299486  0.087200 -0.205046
  0.040153  0.053672  0.043145  0.017650 -0.003673 -0.003815 -0.041188 -0.002645
 -0.002167  0.261480 -0.040869 -0.235107  0.049131  0.049564  0.044133 -0.233662
  0.049845  0.048989  0.043712 -0.663237  0.413851 -0.697927  0.411240  0.102072
  0.016687 -0.000222 -0.018508  0.096370  0.013332  0.016504  0.039314  0.008320
 -0.064353  0.004022  0.018278  0.061039 -0.123417  0.067700  0.018591 -0.018262
  0.037751  0.000064 -0.071762  0.033893  0.017556  0.178787  0.112946  0.081201
 -0.013701 -0.249983  0.021509  0.078369  0.068198 -0.065279 -0.076305  0.025450
  0.055712 -0.331907  0.174475 -0.094439  0.013477  0.039232  0.023470 -0.176915
  0.074688  0.080609 -0.129918  0.043180  0.046299 -0.008805 -0.005631 -0.003600
  0.299486  0.087200 -0.205046  0.040153  0.053672  0.043145  0.017650 -0.003673
 -0.003815 -0.041188 -0.002645 -0.002167  0.261480 -0.040869 -0.235107  0.049131
  0.049564  0.044133 -0.233662  0.049845  0.048989  0.043712 -0.663237  0.413851
 -0.697927  0.411240  0.102072  0.016687 -0.000222 -0.018508  0.096370  0.013332
  0.016504  0.039314  0.008320 -0.064353  0.004022  0.018278  0.061039 -0.123417
  0.067700  0.018591 -0.018262  0.037751  0.000064 -0.071762  0.033893  0.017556
  0.178787  0.112946  0.081201 -0.013701 -0.249983  0.021509  0.078369  0.068198
 -0.065279 -0.076305  0.025450  0.055712 -0.331907  0.174475 -0.094439  0.013477
  0.039232  0.023470 -0.176915  0.074688  0.080609 -0.129918  0.043180  0.046299
 -0.008805 -0.005631 -0.003600  0.299486  0.087200 -0.205046  0.040153  0.053672
  0.043145  0.017650 -0.003673 -0.003815 -0.041188 -0.002645 -0.002167  0.261480
 -0.040869 -0.235107  0.049131  0.049564  0.044133 -0.233662  0.049845  0.048989
  0.043712 -0.663237  0.413851 -0.697927  0.411240  0.102072  0.016687 -0.000222
 -0.018508  0.096370  0.013332  0.016504  0.039314  0.008320 -0.064353  0.004022
  0.018278  0.061039 -0.123417  0.067700  0.018591 -0.018262  0.037751  0.000064
 -0.071762  0.033893  0.017556  0.178787  0.112946  0.081201 -0.013701 -0.249983
  0.021509  0.078369  0.068198 -0.065279 -0.076305  0.025450  0.055712 -0.331907
  0.174475 -0.094439  0.013477  0.039232  0.023470 -0.176915  0.074688  0.080609
 -0.129918  0.043180  0.046299 -0.008805 -0.005631 -0.003600  0.299486  0.087200
 -0.205046  0.040153  0.053672  0.043145  0.017650 -0.003673 -0.003815 -0.041188
 -0.002645 -0.002167  0.261480 -0.040869 -0.235107  0.049131  0.049564  0.044133
 -0.233662  0.049845  0.048989  0.043712 -0.663237  0.413851 -0.697927  0.411240
  0.102072  0.016687 -0.000222 -0.018508  0.096370  0.013332  0.016504  0.039314
  0.008320 -0.064353  0.004022  0.018278  0.061039 -0.123417  0.067700  0.018591
 -0.018262  0.037751  0.000064 -0.071762  0.033893  0.017556  0.178787  0.112946
  0.081201 -0.013701 -0.249983  0.021509  0.078369  0.068198 -0.065279 -0.076305
  0.025450  0.055712 -0.331907  0.174475 -0.094439  0.013477  0.039232  0.023470
 -0.176915  0.074688  0.080609 -0.129918  0.043180  0.046299 -0.008805 -0.005631
 -0.003600  0.299486  0.087200 -0.205046  0.040153  0.053672  0.043145  0.017650
 -0.003673 -0.003815 -0.041188 -0.002645 -0.002167  0.261480 -0.040869 -0.235107
  0.049131  0.049564  0.044133 -0.233662  0.049845  0.048989  0.043712 -0.663237
  0.413851 -0.697927  0.411240  0.102072  0.016687 -0.000222 -0.018508  0.096370
  0.013332  0.016504  0.039314  0.008320 -0.064353  0.004022  0.018278  0.061039
 -0.123417  0.067700  0.018591 -0.018262  0.037751  0.000064 -0.071762  0.033893
  0.017556  0.178787  0.112946  0.081201 -0.013701 -0.249983  0.021509  0.078369
  0.068198 -0.065279 -0.076305  0.025450  0.055712 -0.331907  0.174475 -0.094439
  0.013477  0.039232  0.023470 -0.176915  0.074688  0.080609 -0.129918  0.043180
  0.046299 -0.008805 -0.005631 -0.003600  0.299486  0.087200 -0.205046  0.040153
  0.053672  0.043145  0.017650 -0.003673 -0.003815 -0.041188 -0.002645 -0.002167
  0.261480 -0.040869 -0.235107  0.049131  0.049564  0.044133 -0.233662  0.049845
  0.048989  0.043712 -0.663237  0.413851 -0.697927  0.411240  0.102072  0.016687
 -0.000222 -0.018508  0.096370  0.013332  0.016504  0.039314  0.008320 -0.064353
  0.004022  0.018278  0.061039 -0.123417  0.067700  0.018591 -0.018262  0.037751
  0.000064 -0.071762  0.033893  0.017556  0.178787  0.112946  0.081201 -0.013701
 -0.249983  0.021509  0.078369  0.068198 -0.065279 -0.076305  0.025450  0.055712
 -0.331907  0.174475 -0.094439  0.013477  0.039232  0.023470 -0.176915  0.074688
  0.080609 -0.129918  0.043180  0.046299 -0.008805 -0.005631 -0.003600  0.299486
  0.087200 -0.205046  0.040153  0.053672  0.043145  0.017650 -0.003673 -0.003815
 -0.041188 -0.002645 -0.002167  0.261480 -0.040869 -0.235107  0.049131  0.049564
  0.044133 -0.233662  0.049845  0.048989  0.043712 -0.663237  0.413851 -0.697927
  0.411240  0.102072  0.016687 -0.000222 -0.018508  0.096370  0.013332  0.016504
  0.039314  0.008320 -0.064353  0.004022  0.018278  0.061039 -0.123417  0.067700
  0.018591 -0.018262  0.037751  0.000064 -0.071762  0.033893  0.017556  0.178787
  0.112946  0.081201 -0.013701 -0.249983  0.021509  0.078369  0.068198 -0.065279
 -0.076305  0.025450  0.055712 -0.331907  0.174475 -0.094439  0.013477  0.039232
  0.023470 -0.176915  0.074688  0.080609 -0.129918  0.043180  0.046299 -0.008805
 -0.005631 -0.003600  0.299486  0.087200 -0.205046  0.040153  0.053672  0.043145
  0.017650 -0.003673 -0.003815 -0.041188 -0.002645 -0.002167  0.261480 -0.040869
 -0.235107  0.049131  0.049564  0.044133 -0.233662  0.049845  0.048989  0.043712
 -0.663237  0.413851 -0.697927  0.411240  0.102072  0.016687 -0.000222 -0.018508
  0.096370  0.013332  0.016504  0.039314  0.008320 -0.064353  0.004022  0.018278
  0.061039 -0.123417  0.067700  0.018591 -0.018262  0.037751  0.000064 -0.071762
  0.033893  0.017556  0.178787  0.112946  0.081201 -0.013701 -0.249983  0.021509
  0.078369  0.068198 -0.065279 -0.076305  0.025450  0.055712 -0.331907  0.174475
 -0.094439  0.013477  0.039232  0.023470 -0.176915  0.074688  0.080609 -0.129918
  0.043180  0.046299 -0.008805 -0.005631 -0.003600  0.299486  0.087200 -0.205046
  0.040153  0.053672  0.043145  0.017650 -0.003673 -0.003815 -0.041188 -0.002645
 -0.002167  0.261480 -0.040869 -0.235107  0.049131  0.049564  0.044133 -0.233662
  0.049845  0.048989  0.043712 -0.663237  0.413851 -0.697927  0.411240  0.102072
  0.016687 -0.000222 -0.018508  0.096370  0.013332  0.016504  0.039314  0.008320
 -0.064353  0.004022  0.018278  0.061039 -0.123417  0.067700  0.018591 -0.018262
  0.037751  0.000064 -0.071762  0.033893  0.017556  0.178787  0.112946  0.081201
 -0.013701 -0.249983  0.021509  0.078369  0.068198 -0.065279 -0.076305  0.025450
  0.055712 -0.331907  0.174475 -0.094439  0.013477  0.039232  0.023470 -0.176915
  0.074688  0.080609 -0.129918  0.043180  0.046299 -0.008805 -0.005631 -0.003600
  0.299486  0.087200 -0.205046  0.040153  0.053672  0.043145  0.017650 -0.003673
 -0.003815 -0.041188 -0.002645 -0.002167  0.261480 -0.040869 -0.235107  0.049131
  0.049564  0.044133 -0.233662  0.049845  0.048989  0.043712 -0.663237  0.413851
 -0.697927  0.411240  0.102072  0.016687 -0.000222 -0.018508  0.096370  0.013332
  0.016504  0.039314  0.008320 -0.064353  0.004022  0.018278  0.061039 -0.123417
  0.067700  0.018591 -0.018262  0.037751  0.000064 -0.071762  0.033893  0.017556
  0.178787  0.112946  0.081201 -0.013701 -0.249983  0.021509  0.078369  0.068198
 -0.065279 -0.076305  0.025450  0.055712 -0.331907  0.174475 -0.094439  0.013477
  0.039232  0.023470 -0.176915  0.074688  0.080609 -0.129918  0.043180  0.046299
 -0.008805 -0.005631 -0.003600  0.299486  0.087200 -0.205046  0.040153  0.053672
  0.043145  0.017650 -0.003673 -0.003815 -0.041188 -0.002645 -0.002167  0.261480
 -0.040869 -0.235107  0.049131  0.049564  0.044133 -0.233662  0.049845  0.048989
  0.043712 -0.663237  0.413851 -0.697927  0.411240  0.102072  0.016687 -0.000222
 -0.018508  0.096370  0.013332  0.016504  0.039314  0.008320 -0.064353  0.004022
  0.018278  0.061039 -0.123417  0.067700  0.018591 -0.018262  0.037751  0.000064
 -0.071762  0.033893  0.017556  0.178787  0.112946  0.081201 -0.013701 -0.249983
  0.021509  0.078369  0.068198 -0.065279 -0.076305  0.025450  0.055712 -0.331907
  0.174475 -0.094439  0.013477  0.039232  0.023470 -0.176915  0.074688  0.080609
 -0.129918  0.043180  0.046299 -0.008805 -0.005631 -0.003600  0.299486  0.087200
 -0.205046  0.040153  0.053672  0.043145  0.017650 -0.003673 -0.003815 -0.041188
 -0.002645 -0.002167  0.261480 -0.040869 -0.235107  0.049131  0.049564  0.044133
 -0.233662  0.049845  0.048989  0.043712 -0.663237  0.413851 -0.697927  0.411240
  0.102072  0.016687 -0.000222 -0.018508  0.096370  0.013332  0.016504  0.039314
  0.008320 -0.064353  0.004022  0.018278  0.061039 -0.123417  0.067700  0.018591
 -0.018262  0.037751  0.000064 -0.071762  0.033893  0.017556  0.178787  0.112946
  0.081201 -0.013701 -0.249983  0.021509  0.078369  0.068198 -0.065279 -0.076305
  0.025450  0.055712 -0.331907  0.174475 -0.094439  0.013477  0.039232  0.023470
 -0.176915  0.074688  0.080609 -0.129918  0.043180  0.046299 -0.008805 -0.005631
 -0.003600  0.299486  0.087200 -0.205046  0.040153  0.053672  0.043145  0.017650
 -0.003673 -0.003815 -0.041188 -0.002645 -0.002167  0.261480 -0.040869 -0.235107
  0.049131  0.049564  0.044133 -0.233662  0.049845  0.048989  0.043712 -0.663237
  0.413851 -0.697927  0.411240  0.102072  0.016687 -0.000222 -0.018508  0.096370
  0.013332  0.016504  0.039314  0.008320 -0.064353  0.004022  0.018278  0.061039
 -0.123417  0.067700  0.018591 -0.018262  0.037751  0.000064 -0.071762  0.033893
  0.017556  0.178787  0.112946  0.081201 -0.013701 -0.249983  0.021509  0.078369
  0.068198 -0.065279 -0.076305  0.025450  0.055712 -0.331907  0.174475 -0.094439
  0.013477  0.039232  0.023470 -0.176915  0.074688  0.080609 -0.129918  0.043180
  0.046299 -0.008805 -0.005631 -0.003600  0.299486  0.087200 -0.205046  0.040153
  0.053672  0.043145  0.017650 -0.003673 -0.003815 -0.041188 -0.002645 -0.002167
  0.261480 -0.040869 -0.235107  0.049131  0.049564  0.044133 -0.233662  0.049845
  0.048989  0.043712 -0.663237  0.413851 -0.697927  0.411240  0.102072  0.016687
 -0.000222 -0.018508  0.096370  0.013332  0.016504  0.039314  0.008320 -0.064353
  0.004022  0.018278  0.061039 -0.123417  0.067700  0.018591 -0.018262  0.037751
  0.000064 -0.071762  0.033893  0.017556  0.178787  0.112946  0.081201 -0.013701
 -0.249983  0.021509  0.078369  0.068198 -0.065279 -0.076305  0.025450  0.055712
 -0.331907  0.174475 -0.094439  0.013477  0.039232  0.023470 -0.176915  0.074688
  0.080609 -0.129918  0.043180  0.046299 -0.008805 -0.005631 -0.003600  0.299486
  0.087200 -0.205046  0.040153  0.053672  0.043145  0.017650 -0.003673 -0.003815
 -0.041188 -0.002645 -0.002167  0.261480 -0.040869 -0.235107  0.049131  0.049564
  0.044133 -0.233662  0.049845  0.048989  0.043712 -0.663237  0.413851 -0.697927
  0.411240  0.102072  0.016687 -0.000222 -0.018508  0.096370  0.013332  0.016504
  0.039314  0.008320 -0.064353  0.004022  0.018278  0.061039 -0.123417  0.067700
  0.018591 -0.018262  0.037751  0.000064 -0.071762  0.033893  0.017556  0.178787
  0.112946  0.081201 -0.013701 -0.249983  0.021509  0.078369  0.068198 -0.065279
 -0.076305  0.025450  0.055712 -0.331907  0.174475 -0.094439  0.013477  0.039232
  0.023470 -0.176915  0.074688  0.080609 -0.129918  0.043180  0.046299 -0.008805
 -0.005631 -0.003600  0.299486  0.087200 -0.205046  0.040153  0.053672  0.043145
  0.017650 -0.003673 -0.003815 -0.041188 -0.002645 -0.002167  0.261480 -0.040869
 -0.235107  0.049131  0.049564  0.044133 -0.233662  0.049845  0.048989  0.043712
 -0.663237  0.413851 -0.697927  0.411240  0.102072  0.016687 -0.000222 -0.018508
  0.096370  0.013332  0.016504  0.039314  0.008320 -0.064353  0.004022  0.018278
  0.061039 -0.123417  0.067700  0.018591 -0.018262  0.037751  0.000064 -0.071762
  0.033893  0.017556  0.178787  0.112946  0.081201 -0.013701 -0.249983  0.021509
  0.078369  0.068198 -0.065279 -0.076305  0.025450  0.055712 -0.331907  0.174475
 -0.094439  0.013477  0.039232  0.023470 -0.176915  0.074688  0.080609 -0.129918
  0.043180  0.046299 -0.008805 -0.005631 -0.003600  0.299486  0.087200 -0.205046
  0.040153  0.053672  0.043145  0.017650 -0.003673 -0.003815 -0.041188 -0.002645
 -0.002167  0.261480 -0.040869 -0.235107  0.049131  0.049564  0.044133 -0.233662
  0.049845  0.048989  0.043712 -0.663237  0.413851 -0.697927  0.411240  0.102072
  0.016687 -0.000222 -0.018508  0.096370  0.013332  0.016504  0.039314  0.008320
 -0.064353  0.004022  0.018278  0.061039 -0.123417  0.067700  0.018591 -0.018262
  0.037751  0.000064 -0.071762  0.033893  0.017556  0.178787  0.112946  0.081201
 -0.013701 -0.249983  0.021509  0.078369  0.068198 -0.065279 -0.076305  0.025450
  0.055712 -0.331907  0.174475 -0.094439  0.013477  0.039232  0.023470 -0.176915
  0.074688  0.080609 -0.129918  0.043180  0.046299 -0.008805 -0.005631 -0.003600
  0.299486  0.087200 -0.205046  0.040153  0.053672  0.043145  0.017650 -0.003673
 -0.003815 -0.041188 -0.002645 -0.002167  0.261480 -0.040869 -0.235107  0.049131
  0.049564  0.044133 -0.233662  0.049845  0.048989  0.043712 -0.663237  0.413851
 -0.697927  0.411240  0.102072  0.016687 -0.000222 -0.018508  0.096370  0.013332
  0.016504  0.039314  0.008320 -0.064353  0.004022  0.018278  0.061039 -0.123417
  0.067700  0.018591 -0.018262  0.037751  0.000064 -0.071762  0.033893  0.017556
  0.178787  0.112946  0.081201 -0.013701 -0.249983  0.021509  0.078369  0.068198
 -0.065279 -0.076305  0.025450  0.055712 -0.331907  0.174475 -0.094439  0.013477
  0.039232  0.023470 -0.176915  0.074688  0.080609 -0.129918  0.043180  0.046299
 -0.008805 -0.005631 -0.003600  0.299486  0.087200 -0.205046  0.040153  0.053672
  0.043145  0.017650 -0.003673 -0.003815 -0.041188 -0.002645 -0.002167  0.261480
 -0.040869 -0.235107  0.049131  0.049564  0.044133 -0.233662  0.049845  0.048989
  0.043712 -0.663237  0.413851 -0.697927  0.411240  0.102072  0.016687 -0.000222
 -0.018508  0.096370  0.013332  0.016504  0.039314  0.008320 -0.064353  0.004022
  0.018278  0.061039 -0.123417  0.067700  0.018591 -0.018262  0.037751  0.000064
 -0.071762  0.033893  0.017556  0.178787  0.112946  0.081201 -0.013701 -0.249983
  0.021509  0.078369  0.068198 -0.065279 -0.076305  0.025450  0.055712 -0.331907
  0.174475 -0.094439  0.013477  0.039232  0.023470 -0.176915  0.074688  0.080609
 -0.129918  0.043180  0.046299 -0.008805 -0.005631 -0.003600  0.299486  0.087200
 -0.205046  0.040153  0.053672  0.043145  0.017650 -0.003673 -0.003815 -0.041188
 -0.002645 -0.002167  0.261480 -0.040869 -0.235107  0.049131  0.049564  0.044133
 -0.233662  0.049845  0.048989  0.043712 -0.663237  0.413851 -0.697927  0.411240
  0.102072  0.016687 -0.000222 -0.018508  0.096370  0.013332  0.016504  0.039314
  0.008320 -0.064353  0.004022  0.018278  0.061039 -0.123417  0.067700  0.018591
 -0.018262  0.037751  0.000064 -0.071762  0.033893  0.017556  0.178787  0.112946
  0.081201 -0.013701 -0.249983  0.021509  0.078369  0.068198 -0.065279 -0.076305
  0.025450  0.055712 -0.331907  0.174475 -0.094439  0.013477  0.039232  0.023470
 -0.176915  0.074688  0.080609 -0.129918  0.043180  0.046299 -0.008805 -0.005631
 -0.003600  0.299486  0.087200 -0.205046  0.040153  0.053672  0.043145  0.017650
 -0.003673 -0.003815 -0.041188 -0.002645 -0.002167  0.261480 -0.040869 -0.235107
  0.049131  0.049564  0.044133 -0.233662  0.049845  0.048989  0.043712 -0.663237
  0.413851 -0.697927  0.411240  0.102072  0.016687 -0.000222 -0.018508  0.096370
  0.013332  0.016504  0.039314  0.008320 -0.064353  0.004022  0.018278  0.061039
 -0.123417  0.067700  0.018591 -0.018262  0.037751  0.000064 -0.071762  0.033893
  0.017556  0.178787  0.112946  0.081201 -0.013701 -0.249983  0.021509  0.078369
  0.068198 -0.065279 -0.076305  0.025450  0.055712 -0.331907  0.174475 -0.094439
  0.013477  0.039232  0.023470 -0.176915  0.074688  0.080609 -0.129918  0.043180
  0.046299 -0.008805 -0.005631 -0.003600  0.299486  0.087200 -0.205046  0.040153
  0.053672  0.043145  0.017650 -0.003673 -0.003815 -0.041188 -0.002645 -0.002167
  0.261480 -0.040869 -0.235107  0.049131  0.049564  0.044133 -0.233662  0.049845
  0.048989  0.043712 -0.663237  0.413851 -0.697927  0.411240  0.102072  0.016687
 -0.000222 -0.018508  0.096370  0.013332  0.016504  0.039314  0.008320 -0.064353
  0.004022  0.018278  0.061039 -0.123417  0.067700  0.018591 -0.018262  0.037751
  0.000064 -0.071762  0.033893  0.017556  0.178787  0.112946  0.081201 -0.013701
 -0.249983  0.021509  0.078369  0.068198 -0.065279 -0.076305  0.025450  0.055712
 -0.331907  0.174475 -0.094439  0.013477  0.039232  0.023470 -0.176915  0.074688
  0.080609 -0.129918  0.043180  0.046299 -0.008805 -0.005631 -0.003600  0.299486
  0.087200 -0.205046  0.040153  0.053672  0.043145  0.017650 -0.003673 -0.003815
 -0.041188 -0.002645 -0.002167  0.261480 -0.040869 -0.235107  0.049131  0.049564
  0.044133 -0.233662  0.049845  0.048989  0.043712 -0.663237  0.413851 -0.697927
  0.411240  0.102072  0.016687 -0.000222 -0.018508  0.096370  0.013332  0.016504
  0.039314  0.008320 -0.064353  0.004022  0.018278  0.061039 -0.123417  0.067700
  0.018591 -0.018262  0.037751  0.000064 -0.071762  0.033893  0.017556  0.178787
  0.112946  0.081201 -0.013701 -0.249983  0.021509  0.078369  0.068198 -0.065279
 -0.076305  0.025450  0.055712 -0.331907  0.174475 -0.094439  0.013477  0.039232
  0.023470 -0.176915  0.074688  0.080609 -0.129918  0.043180  0.046299 -0.008805
 -0.005631 -0.003600  0.299486  0.087200 -0.205046  0.040153  0.053672  0.043145
  0.017650 -0.003673 -0.003815 -0.041188 -0.002645 -0.002167  0.261480 -0.040869
 -0.235107  0.049131  0.049564  0.044133 -0.233662  0.049845  0.048989  0.043712
 -0.663237  0.413851 -0.697927  0.411240  0.102072  0.016687 -0.000222 -0.018508
  0.096370  0.013332  0.016504  0.039314  0.008320 -0.064353  0.004022  0.018278
  0.061039 -0.123417  0.067700  0.018591 -0.018262  0.037751  0.000064 -0.071762
  0.033893  0.017556  0.178787  0.112946  0.081201 -0.013701 -0.249983  0.021509
  0.078369  0.068198 -0.065279 -0.076305  0.025450  0.055712 -0.331907  0.174475
 -0.094439  0.013477  0.039232  0.023470 -0.176915  0.074688  0.080609 -0.129918
  0.043180  0.046299 -0.008805 -0.005631 -0.003600  0.299486  0.087200 -0.205046
  0.040153  0.053672  0.043145  0.017650 -0.003673 -0.003815 -0.041188 -0.002645
 -0.002167  0.261480 -0.040869 -0.235107  0.049131  0.049564  0.044133 -0.233662
  0.049845  0.048989  0.043712 -0.663237  0.413851 -0.697927  0.411240  0.102072
  0.016687 -0.000222 -0.018508  0.096370  0.013332  0.016504  0.039314  0.008320
 -0.064353  0.004022  0.018278  0.061039 -0.123417  0.067700  0.018591 -0.018262
  0.037751  0.000064 -0.071762  0.033893  0.017556  0.178787  0.112946  0.081201
 -0.013701 -0.249983  0.021509  0.078369  0.068198 -0.065279 -0.076305  0.025450
  0.055712 -0.331907  0.174475 -0.094439  0.013477  0.039232  0.023470 -0.176915
  0.074688  0.080609 -0.129918  0.043180  0.046299 -0.008805 -0.005631 -0.003600
  0.299486  0.087200 -0.205046  0.040153  0.053672  0.043145  0.017650 -0.003673
 -0.003815 -0.041188 -0.002645 -0.002167  0.261480 -0.040869 -0.235107  0.049131
  0.049564  0.044133 -0.233662  0.049845  0.048989  0.043712 -0.663237  0.413851
 -0.697927  0.411240  0.102072  0.016687 -0.000222 -0.018508  0.096370  0.013332
  0.016504  0.039314  0.008320 -0.064353  0.004022  0.018278  0.061039 -0.123417
  0.067700  0.018591 -0.018262  0.037751  0.000064 -0.071762  0.033893  0.017556
  0.178787  0.112946  0.081201 -0.013701 -0.249983  0.021509  0.078369  0.068198
 -0.065279 -0.076305  0.025450  0.055712 -0.331907  0.174475 -0.094439  0.013477
  0.039232  0.023470 -0.176915  0.074688  0.080609 -0.129918  0.043180  0.046299
 -0.008805 -0.005631 -0.003600  0.299486  0.087200 -0.205046  0.040153  0.053672
  0.043145  0.017650 -0.003673 -0.003815 -0.041188 -0.002645 -0.002167  0.261480
 -0.040869 -0.235107  0.049131  0.049564  0.044133 -0.233662  0.049845  0.048989
  0.043712 -0.663237  0.413851 -0.697927  0.411240  0.102072  0.016687 -0.000222
 -0.018508  0.096370  0.013332  0.016504  0.039314  0.008320 -0.064353  0.004022
  0.018278  0.061039 -0.123417  0.067700  0.018591 -0.018262  0.037751  0.000064
 -0.071762  0.033893  0.017556  0.178787  0.112946  0.081201 -0.013701 -0.249983
  0.021509  0.078369  0.068198 -0.065279 -0.076305  0.025450  0.055712 -0.331907
  0.174475 -0.094439  0.013477  0.039232  0.023470 -0.176915  0.074688  0.080609
 -0.129918  0.043180  0.046299 -0.008805 -0.005631 -0.003600  0.299486  0.087200
 -0.205046  0.040153  0.053672  0.043145  0.017650 -0.003673 -0.003815 -0.041188
 -0.002645 -0.002167  0.261480 -0.040869 -0.235107  0.049131  0.049564  0.044133
 -0.233662  0.049845  0.048989  0.043712 -0.663237  0.413851 -0.697927  0.411240
  0.102072  0.016687 -0.000222 -0.018508  0.096370  0.013332  0.016504  0.039314
  0.008320 -0.064353  0.004022  0.018278  0.061039 -0.123417  0.067700  0.018591
 -0.018262  0.037751  0.000064 -0.071762  0.033893  0.017556  0.178787  0.112946
  0.081201 -0.013701 -0.249983  0.021509  0.078369  0.068198 -0.065279 -0.076305
  0.025450  0.055712 -0.331907  0.174475 -0.094439  0.013477  0.039232  0.023470
 -0.176915  0.074688  0.080609 -0.129918  0.043180  0.046299 -0.008805 -0.005631
 -0.003600  0.299486  0.087200 -0.205046  0.040153  0.053672  0.043145  0.017650
 -0.003673 -0.003815 -0.041188 -0.002645 -0.002167  0.261480 -0.040869 -0.235107
  0.049131  0.049564  0.044133 -0.233662  0.049845  0.048989  0.043712 -0.663237
  0.413851 -0.697927  0.411240  0.102072  0.016687 -0.000222 -0.018508  0.096370
  0.013332  0.016504  0.039314  0.008320 -0.064353  0.004022  0.018278  0.061039
 -0.123417  0.067700  0.018591 -0.018262  0.037751  0.000064 -0.071762  0.033893
  0.017556  0.178787  0.112946  0.081201 -0.013701 -0.249983  0.021509  0.078369
  0.068198 -0.065279 -0.076305  0.025450  0.055712 -0.331907  0.174475 -0.094439
  0.013477  0.039232  0.023470 -0.176915  0.074688  0.080609 -0.129918  0.043180
  0.046299 -0.008805 -0.005631 -0.003600  0.299486  0.087200 -0.205046  0.040153
  0.053672  0.043145  0.017650 -0.003673 -0.003815 -0.041188 -0.002645 -0.002167
  0.261480 -0.040869 -0.235107  0.049131  0.049564  0.044133 -0.233662  0.049845
  0.048989  0.043712 -0.663237  0.413851 -0.697927  0.411240  0.102072  0.016687
 -0.000222 -0.018508  0.096370  0.013332  0.016504  0.039314  0.008320 -0.064353
  0.004022  0.018278  0.061039 -0.123417  0.067700  0.018591 -0.018262  0.037751
  0.000064 -0.071762  0.033893  0.017556  0.178787  0.112946  0.081201 -0.013701
 -0.249983  0.021509  0.078369  0.068198 -0.065279 -0.076305  0.025450  0.055712
 -0.331907  0.174475 -0.094439  0.013477  0.039232  0.023470 -0.176915  0.074688
  0.080609 -0.129918  0.043180  0.046299 -0.008805 -0.005631 -0.003600  0.299486
  0.087200 -0.205046  0.040153  0.053672  0.043145  0.017650 -0.003673 -0.003815
 -0.041188 -0.002645 -0.002167  0.261480 -0.040869 -0.235107  0.049131  0.049564
  0.044133 -0.233662  0.049845  0.048989  0.043712 -0.663237  0.413851 -0.697927
  0.411240  0.102072  0.016687 -0.000222 -0.018508  0.096370  0.013332  0.016504
  0.039314  0.008320 -0.064353  0.004022  0.018278  0.061039 -0.123417  0.067700
  0.018591 -0.018262  0.037751  0.000064 -0.071762  0.033893  0.017556  0.178787
  0.112946  0.081201 -0.013701 -0.249983  0.021509  0.078369  0.068198 -0.065279
 -0.076305  0.025450  0.055712 -0.331907  0.174475 -0.094439  0.013477  0.039232
  0.023470 -0.176915  0.074688  0.080609 -0.129918  0.043180  0.046299 -0.008805
 -0.005631 -0.003600  0.299486  0.087200 -0.205046  0.040153  0.053672  0.043145
  0.017650 -0.003673 -0.003815 -0.041188 -0.002645 -0.002167  0.261480 -0.040869
 -0.235107  0.049131  0.049564  0.044133 -0.233662  0.049845  0.048989  0.043712
 -0.663237  0.413851 -0.697927  0.411240  0.102072  0.016687 -0.000222 -0.018508
  0.096370  0.013332  0.016504  0.039314  0.008320 -0.064353  0.004022  0.018278
  0.061039 -0.123417  0.067700  0.018591 -0.018262  0.037751  0.000064 -0.071762
  0.033893  0.017556  0.178787  0.112946  0.081201 -0.013701 -0.249983  0.021509
  0.078369  0.068198 -0.065279 -0.076305  0.025450  0.055712 -0.331907  0.174475
 -0.094439  0.013477  0.039232  0.023470 -0.176915  0.074688  0.080609 -0.129918
  0.043180  0.046299 -0.008805 -0.005631 -0.003600  0.299486  0.087200 -0.205046
  0.040153  0.053672  0.043145  0.017650 -0.003673 -0.003815 -0.041188 -0.002645
 -0.002167  0.261480 -0.040869 -0.235107  0.049131  0.049564  0.044133 -0.233662
  0.049845  0.048989  0.043712 -0.663237  0.413851 -0.697927  0.411240  0.102072
  0.016687 -0.000222 -0.018508  0.096370  0.013332  0.016504  0.039314  0.008320
 -0.064353  0.004022  0.018278  0.061039 -0.123417  0.067700  0.018591 -0.018262
  0.037751  0.000064 -0.071762  0.033893  0.017556  0.178787  0.112946  0.081201
 -0.013701 -0.249983  0.021509  0.078369  0.068198 -0.065279 -0.076305  0.025450
  0.055712 -0.331907  0.174475 -0.094439  0.013477  0.039232  0.023470 -0.176915
  0.074688  0.080609 -0.129918  0.043180  0.046299 -0.008805 -0.005631 -0.003600
  0.299486  0.087200 -0.205046  0.040153  0.053672  0.043145  0.017650 -0.003673
 -0.003815 -0.041188 -0.002645 -0.002167  0.261480 -0.040869 -0.235107  0.049131
  0.049564  0.044133 -0.233662  0.049845  0.048989  0.043712 -0.663237  0.413851
 -0.697927  0.411240  0.102072  0.016687 -0.000222 -0.018508  0.096370  0.013332
  0.016504  0.039314  0.008320 -0.064353  0.004022  0.018278  0.061039 -0.123417
  0.067700  0.018591 -0.018262  0.037751  0.000064 -0.071762  0.033893  0.017556
  0.178787  0.112946  0.081201 -0.013701 -0.249983  0.021509  0.078369  0.068198
 -0.065279 -0.076305  0.025450  0.055712 -0.331907  0.174475 -0.094439  0.013477
  0.039232  0.023470 -0.176915  0.074688  0.080609 -0.129918  0.043180  0.046299
 -0.008805 -0.005631 -0.003600  0.299486  0.087200 -0.205046  0.040153  0.053672
  0.043145  0.017650 -0.003673 -0.003815 -0.041188 -0.002645 -0.002167  0.261480
 -0.040869 -0.235107  0.049131  0.049564  0.044133 -0.233662  0.049845  0.048989
  0.043712 -0.663237  0.413851 -0.697927  0.411240  0.102072  0.016687 -0.000222
 -0.018508  0.096370  0.013332  0.016504  0.039314  0.008320 -0.064353  0.004022
  0.018278  0.061039 -0.123417  0.067700  0.018591 -0.018262  0.037751  0.000064
 -0.071762  0.033893  0.017556  0.178787  0.112946  0.081201 -0.013701 -0.249983
  0.021509  0.078369  0.068198 -0.065279 -0.076305  0.025450  0.055712 -0.331907
  0.174475 -0.094439  0.013477  0.039232  0.023470 -0.176915  0.074688  0.080609
 -0.129918  0.043180  0.046299 -0.008805 -0.005631 -0.003600  0.299486  0.087200
 -0.205046  0.040153  0.053672  0.043145  0.017650 -0.003673 -0.003815 -0.041188
 -0.002645 -0.002167  0.261480 -0.040869 -0.235107  0.049131  0.049564  0.044133
 -0.233662  0.049845  0.048989  0.043712 -0.663237  0.413851 -0.697927  0.411240
  0.102072  0.016687 -0.000222 -0.018508  0.096370  0.013332  0.016504  0.039314
  0.008320 -0.064353  0.004022  0.018278  0.061039 -0.123417  0.067700  0.018591
 -0.018262  0.037751  0.000064 -0.071762  0.033893  0.017556  0.178787  0.112946
  0.081201 -0.013701 -0.249983  0.021509  0.078369  0.068198 -0.065279 -0.076305
  0.025450  0.055712 -0.331907  0.174475 -0.094439  0.013477  0.039232  0.023470
 -0.176915  0.074688  0.080609 -0.129918  0.043180  0.046299 -0.008805 -0.005631
 -0.003600  0.299486  0.087200 -0.205046  0.040153  0.053672  0.043145  0.017650
 -0.003673 -0.003815 -0.041188 -0.002645 -0.002167  0.261480 -0.040869 -0.235107
  0.049131  0.049564  0.044133 -0.233662  0.049845  0.048989  0.043712 -0.663237
  0.413851 -0.697927  0.411240  0.102072  0.016687 -0.000222 -0.018508  0.096370
  0.013332  0.016504  0.039314  0.008320 -0.064353  0.004022  0.018278  0.061039
 -0.123417  0.067700  0.018591 -0.018262  0.037751  0.000064 -0.071762  0.033893
  0.017556  0.178787  0.112946  0.081201 -0.013701 -0.249983  0.021509  0.078369
  0.068198 -0.065279 -0.076305  0.025450  0.055712 -0.331907  0.174475 -0.094439
  0.013477  0.039232  0.023470 -0.176915  0.074688  0.080609 -0.129918  0.043180
  0.046299 -0.008805 -0.005631 -0.003600  0.299486  0.087200 -0.205046  0.040153
  0.053672  0.043145  0.017650 -0.003673 -0.003815 -0.041188 -0.002645 -0.002167
  0.261480 -0.040869 -0.235107  0.049131  0.049564  0.044133 -0.233662  0.049845
  0.048989  0.043712 -0.663237  0.413851 -0.697927  0.411240  0.102072  0.016687
 -0.000222 -0.018508  0.096370  0.013332  0.016504  0.039314  0.008320 -0.064353
  0.004022  0.018278  0.061039 -0.123417  0.067700  0.018591 -0.018262  0.037751
  0.000064 -0.071762  0.033893  0.017556  0.178787  0.112946  0.081201 -0.013701
 -0.249983  0.021509  0.078369  0.068198 -0.065279 -0.076305  0.025450  0.055712
 -0.331907  0.174475 -0.094439  0.013477  0.039232  0.023470 -0.176915  0.074688
  0.080609 -0.129918  0.043180  0.046299 -0.008805 -0.005631 -0.003600  0.299486
  0.087200 -0.205046  0.040153  0.053672  0.043145  0.017650 -0.003673 -0.003815
 -0.041188 -0.002645 -0.002167  0.261480 -0.040869 -0.235107  0.049131  0.049564
  0.044133 -0.233662  0.049845  0.048989  0.043712 -0.663237  0.413851 -0.697927
  0.411240  0.102072  0.016687 -0.000222 -0.018508  0.096370  0.013332  0.016504
  0.039314  0.008320 -0.064353  0.004022  0.018278  0.061039 -0.123417  0.067700
  0.018591 -0.018262  0.037751  0.000064 -0.071762  0.033893  0.017556  0.178787
  0.112946  0.081201 -0.013701 -0.249983  0.021509  0.078369  0.068198 -0.065279
 -0.076305  0.025450  0.055712 -0.331907  0.174475 -0.094439  0.013477  0.039232
  0.023470 -0.176915  0.074688  0.080609 -0.129918  0.043180  0.046299 -0.008805
 -0.005631 -0.003600  0.299486  0.087200 -0.205046  0.040153  0.053672  0.043145
  0.017650 -0.003673 -0.003815 -0.041188 -0.002645 -0.002167  0.261480 -0.040869
 -0.235107  0.049131  0.049564  0.044133 -0.233662  0.049845  0.048989  0.043712
 -0.663237  0.413851 -0.697927  0.411240  0.102072  0.016687 -0.000222 -0.018508
  0.096370  0.013332  0.016504  0.039314  0.008320 -0.064353  0.004022  0.018278
  0.061039 -0.123417  0.067700  0.018591 -0.018262  0.037751  0.000064 -0.071762
  0.033893  0.017556  0.178787  0.112946  0.081201 -0.013701 -0.249983  0.021509
  0.078369  0.068198 -0.065279 -0.076305  0.025450  0.055712 -0.331907  0.174475
 -0.094439  0.013477  0.039232  0.023470 -0.176915  0.074688  0.080609 -0.129918
  0.043180  0.046299 -0.008805 -0.005631 -0.003600  0.299486  0.087200 -0.205046
  0.040153  0.053672  0.043145  0.017650 -0.003673 -0.003815 -0.041188 -0.002645
 -0.002167  0.261480 -0.040869 -0.235107  0.049131  0.049564  0.044133 -0.233662
  0.049845  0.048989  0.043712 -0.663237  0.413851 -0.697927  0.411240  0.102072
  0.016687 -0.000222 -0.018508  0.096370  0.013332  0.016504  0.039314  0.008320
 -0.064353  0.004022  0.018278  0.061039 -0.123417  0.067700  0.018591 -0.018262
  0.037751  0.000064 -0.071762  0.033893  0.017556  0.178787  0.112946  0.081201
 -0.013701 -0.249983  0.021509  0.078369  0.068198 -0.065279 -0.076305  0.025450
  0.055712 -0.331907  0.174475 -0.094439  0.013477  0.039232  0.023470 -0.176915
  0.074688  0.080609 -0.129918  0.043180  0.046299 -0.008805 -0.005631 -0.003600
  0.299486  0.087200 -0.205046  0.040153  0.053672  0.043145  0.017650 -0.003673
 -0.003815 -0.041188 -0.002645 -0.002167  0.261480 -0.040869 -0.235107  0.049131
  0.049564  0.044133 -0.233662  0.049845  0.048989  0.043712 -0.663237  0.413851
 -0.697927  0.411240  0.102072  0.016687 -0.000222 -0.018508  0.096370  0.013332
  0.016504  0.039314  0.008320 -0.064353  0.004022  0.018278  0.061039 -0.123417
  0.067700  0.018591 -0.018262  0.037751  0.000064 -0.071762  0.033893  0.017556
  0.178787  0.112946  0.081201 -0.013701 -0.249983  0.021509  0.078369  0.068198
 -0.065279 -0.076305  0.025450  0.055712 -0.331907  0.174475 -0.094439  0.013477
  0.039232  0.023470 -0.176915  0.074688  0.080609 -0.129918  0.043180  0.046299
 -0.008805 -0.005631 -0.003600  0.299486  0.087200 -0.205046  0.040153  0.053672
  0.043145  0.017650 -0.003673 -0.003815 -0.041188 -0.002645 -0.002167  0.261480
 -0.040869 -0.235107  0.049131  0.049564  0.044133 -0.233662  0.049845  0.048989
  0.043712 -0.663237  0.413851 -0.697927  0.411240  0.102072  0.016687 -0.000222
 -0.018508  0.096370  0.013332  0.016504  0.039314  0.008320 -0.064353  0.004022
  0.018278  0.061039 -0.123417  0.067700  0.018591 -0.018262  0.037751  0.000064
 -0.071762  0.033893  0.017556  0.178787  0.112946  0.081201 -0.013701 -0.249983
  0.021509  0.078369  0.068198 -0.065279 -0.076305  0.025450  0.055712 -0.331907
  0.174475 -0.094439  0.013477  0.039232  0.023470 -0.176915  0.074688  0.080609
 -0.129918  0.043180  0.046299 -0.008805 -0.005631 -0.003600  0.299486  0.087200
 -0.205046  0.040153  0.053672  0.043145  0.017650 -0.003673 -0.003815 -0.041188
 -0.002645 -0.002167  0.261480 -0.040869 -0.235107  0.049131  0.049564  0.044133
 -0.233662  0.049845  0.048989  0.043712 -0.663237  0.413851 -0.697927  0.411240
  0.102072  0.016687 -0.000222 -0.018508  0.096370  0.013332  0.016504  0.039314
  0.008320 -0.064353  0.004022  0.018278  0.061039 -0.123417  0.067700  0.018591
 -0.018262  0.037751  0.000064 -0.071762  0.033893  0.017556  0.178787  0.112946
  0.081201 -0.013701 -0.249983  0.021509  0.078369  0.068198 -0.065279 -0.076305
  0.025450  0.055712 -0.331907  0.174475 -0.094439  0.013477  0.039232  0.023470
 -0.176915  0.074688  0.080609 -0.129918  0.043180  0.046299 -0.008805 -0.005631
 -0.003600  0.299486  0.087200 -0.205046  0.040153  0.053672  0.043145  0.017650
 -0.003673 -0.003815 -0.041188 -0.002645 -0.002167  0.261480 -0.040869 -0.235107
  0.049131  0.049564  0.044133 -0.233662  0.049845  0.048989  0.043712 -0.663237
  0.413851 -0.697927  0.411240  0.102072  0.016687 -0.000222 -0.018508  0.096370
  0.013332  0.016504  0.039314  0.008320 -0.064353  0.004022  0.018278  0.061039
 -0.123417  0.067700  0.018591 -0.018262  0.037751  0.000064 -0.071762  0.033893
  0.017556  0.178787  0.112946  0.081201 -0.013701 -0.249983  0.021509  0.078369
  0.068198 -0.065279 -0.076305  0.025450  0.055712 -0.331907  0.174475 -0.094439
  0.013477  0.039232  0.023470 -0.176915  0.074688  0.080609 -0.129918  0.043180
  0.046299 -0.008805 -0.005631 -0.003600  0.299486  0.087200 -0.205046  0.040153
  0.053672  0.043145  0.017650 -0.003673 -0.003815 -0.041188 -0.002645 -0.002167
  0.261480 -0.040869 -0.235107  0.049131  0.049564  0.044133 -0.233662  0.049845
  0.048989  0.043712 -0.663237  0.413851 -0.697927  0.411240  0.102072  0.016687
 -0.000222 -0.018508  0.096370  0.013332  0.016504  0.039314  0.008320 -0.064353
  0.004022  0.018278  0.061039 -0.123417  0.067700  0.018591 -0.018262  0.037751
  0.000064 -0.071762  0.033893  0.017556  0.178787  0.112946  0.081201 -0.013701
 -0.249983  0.021509  0.078369  0.068198 -0.065279 -0.076305  0.025450  0.055712
 -0.331907  0.174475 -0.094439  0.013477  0.039232  0.023470 -0.176915  0.074688
  0.080609 -0.129918  0.043180  0.046299 -0.008805 -0.005631 -0.003600  0.299486
  0.087200 -0.205046  0.040153  0.053672  0.043145  0.017650 -0.003673 -0.003815
 -0.041188 -0.002645 -0.002167  0.261480 -0.040869 -0.235107  0.049131  0.049564
  0.044133 -0.233662  0.049845  0.048989  0.043712 -0.663237  0.413851 -0.697927
  0.411240  0.102072  0.016687 -0.000222 -0.018508  0.096370  0.013332  0.016504
  0.039314  0.008320 -0.064353  0.004022  0.018278  0.061039 -0.123417  0.067700
  0.018591 -0.018262  0.037751  0.000064 -0.071762  0.033893  0.017556  0.178787
  0.112946  0.081201 -0.013701 -0.249983  0.021509  0.078369  0.068198 -0.065279
 -0.076305  0.025450  0.055712 -0.331907  0.174475 -0.094439  0.013477  0.039232
  0.023470 -0.176915  0.074688  0.080609 -0.129918  0.043180  0.046299 -0.008805
 -0.005631 -0.003600  0.299486  0.087200 -0.205046  0.040153  0.053672  0.043145
  0.017650 -0.003673 -0.003815 -0.041188 -0.002645 -0.002167  0.261480 -0.040869
 -0.235107  0.049131  0.049564  0.044133 -0.233662  0.049845  0.048989  0.043712
 -0.663237  0.413851 -0.697927  0.411240  0.102072  0.016687 -0.000222 -0.018508
  0.096370  0.013332  0.016504  0.039314  0.008320 -0.064353  0.004022  0.018278
  0.061039 -0.123417  0.067700  0.018591 -0.018262  0.037751  0.000064 -0.071762
  0.033893  0.017556  0.178787  0.112946  0.081201 -0.013701 -0.249983  0.021509
  0.078369  0.068198 -0.065279 -0.076305  0.025450  0.055712 -0.331907  0.174475
 -0.094439  0.013477  0.039232  0.023470 -0.176915  0.074688  0.080609 -0.129918
  0.043180  0.046299 -0.008805 -0.005631 -0.003600  0.299486  0.087200 -0.205046
  0.040153  0.053672  0.043145  0.017650 -0.003673 -0.003815 -0.041188 -0.002645
 -0.002167  0.261480 -0.040869 -0.235107  0.049131  0.049564  0.044133 -0.233662
  0.049845  0.048989  0.043712 -0.663237  0.413851 -0.697927  0.411240  0.102072
  0.016687 -0.000222 -0.018508  0.096370  0.013332  0.016504  0.039314  0.008320
 -0.064353  0.004022  0.018278  0.061039 -0.123417  0.067700  0.018591 -0.018262
  0.037751  0.000064 -0.071762  0.033893  0.017556  0.178787  0.112946  0.081201
 -0.013701 -0.249983  0.021509  0.078369  0.068198 -0.065279 -0.076305  0.025450
  0.055712 -0.331907  0.174475 -0.094439  0.013477  0.039232  0.023470 -0.176915
  0.074688  0.080609 -0.129918  0.043180  0.046299 -0.008805 -0.005631 -0.003600
  0.299486  0.087200 -0.205046  0.040153  0.053672  0.043145  0.017650 -0.003673
 -0.003815 -0.041188 -0.002645 -0.002167  0.261480 -0.040869 -0.235107  0.049131
  0.049564  0.044133 -0.233662  0.049845  0.048989  0.043712 -0.663237  0.413851
 -0.697927  0.411240  0.102072  0.016687 -0.000222 -0.018508  0.096370  0.013332
  0.016504  0.039314  0.008320 -0.064353  0.004022  0.018278  0.061039 -0.123417
  0.067700  0.018591 -0.018262  0.037751  0.000064 -0.071762  0.033893  0.017556
  0.178787  0.112946  0.081201 -0.013701 -0.249983  0.021509  0.078369  0.068198
 -0.065279 -0.076305  0.025450  0.055712 -0.331907  0.174475 -0.094439  0.013477
  0.039232  0.023470 -0.176915  0.074688  0.080609 -0.129918  0.043180  0.046299
 -0.008805 -0.005631 -0.003600  0.299486  0.087200 -0.205046  0.040153  0.053672
  0.043145  0.017650 -0.003673 -0.003815 -0.041188 -0.002645 -0.002167  0.261480
 -0.040869 -0.235107  0.049131  0.049564  0.044133 -0.233662  0.049845  0.048989
  0.043712 -0.663237  0.413851 -0.697927  0.411240  0.102072  0.016687 -0.000222
 -0.018508  0.096370  0.013332  0.016504  0.039314  0.008320 -0.064353  0.004022
  0.018278  0.061039 -0.123417  0.067700  0.018591 -0.018262  0.037751  0.000064
 -0.071762  0.033893  0.017556  0.178787  0.112946  0.081201 -0.013701 -0.249983
  0.021509  0.078369  0.068198 -0.065279 -0.076305  0.025450  0.055712 -0.331907
  0.174475 -0.094439  0.013477  0.039232  0.023470 -0.176915  0.074688  0.080609
 -0.129918  0.043180  0.046299 -0.008805 -0.005631 -0.003600  0.299486  0.087200
 -0.205046  0.040153  0.053672  0.043145  0.017650 -0.003673 -0.003815 -0.041188
 -0.002645 -0.002167  0.261480 -0.040869 -0.235107  0.049131  0.049564  0.044133
 -0.233662  0.049845  0.048989  0.043712 -0.663237  0.413851 -0.697927  0.411240
  0.102072  0.016687 -0.000222 -0.018508  0.096370  0.013332  0.016504  0.039314
  0.008320 -0.064353  0.004022  0.018278  0.061039 -0.123417  0.067700  0.018591
 -0.018262  0.037751  0.000064 -0.071762  0.033893  0.017556  0.178787  0.112946
  0.081201 -0.013701 -0.249983  0.021509  0.078369  0.068198 -0.065279 -0.076305
  0.025450  0.055712 -0.331907  0.174475 -0.094439  0.013477  0.039232  0.023470
 -0.176915  0.074688  0.080609 -0.129918  0.043180  0.046299 -0.008805 -0.005631
 -0.003600  0.299486  0.087200 -0.205046  0.040153  0.053672  0.043145  0.017650
 -0.003673 -0.003815 -0.041188 -0.002645 -0.002167  0.261480 -0.040869 -0.235107
  0.049131  0.049564  0.044133 -0.233662  0.049845  0.048989  0.043712 -0.663237
  0.413851 -0.697927  0.411240  0.102072  0.016687 -0.000222 -0.018508  0.096370
  0.013332  0.016504  0.039314  0.008320 -0.064353  0.004022  0.018278  0.061039
 -0.123417  0.067700  0.018591 -0.018262  0.037751  0.000064 -0.071762  0.033893
  0.017556  0.178787  0.112946  0.081201 -0.013701 -0.249983  0.021509  0.078369
  0.068198 -0.065279 -0.076305  0.025450  0.055712 -0.331907  0.174475 -0.094439
  0.013477  0.039232  0.023470 -0.176915  0.074688  0.080609 -0.129918  0.043180
  0.046299 -0.008805 -0.005631 -0.003600  0.299486  0.087200 -0.205046  0.040153
  0.053672  0.043145  0.017650 -0.003673 -0.003815 -0.041188 -0.002645 -0.002167
  0.261480 -0.040869 -0.235107  0.049131  0.049564  0.044133 -0.233662  0.049845
  0.048989  0.043712 -0.663237  0.413851 -0.697927  0.411240  0.102072  0.016687
 -0.000222 -0.018508  0.096370  0.013332  0.016504  0.039314  0.008320 -0.064353
  0.004022  0.018278  0.061039 -0.123417  0.067700  0.018591 -0.018262  0.037751
  0.000064 -0.071762  0.033893  0.017556  0.178787  0.112946  0.081201 -0.013701
 -0.249983  0.021509  0.078369  0.068198 -0.065279 -0.076305  0.025450  0.055712
 -0.331907  0.174475 -0.094439  0.013477  0.039232  0.023470 -0.176915  0.074688
  0.080609 -0.129918  0.043180  0.046299 -0.008805 -0.005631 -0.003600  0.299486
  0.087200 -0.205046  0.040153  0.053672  0.043145  0.017650 -0.003673 -0.003815
 -0.041188 -0.002645 -0.002167  0.261480 -0.040869 -0.235107  0.049131  0.049564
  0.044133 -0.233662  0.049845  0.048989  0.043712 -0.663237  0.413851 -0.697927
  0.411240  0.102072  0.016687 -0.000222 -0.018508  0.096370  0.013332  0.016504
  0.039314  0.008320 -0.064353  0.004022  0.018278  0.061039 -0.123417  0.067700
  0.018591 -0.018262  0.037751  0.000064 -0.071762  0.033893  0.017556  0.178787
  0.112946  0.081201 -0.013701 -0.249983  0.021509  0.078369  0.068198 -0.065279
 -0.076305  0.025450  0.055712 -0.331907  0.174475 -0.094439  0.013477  0.039232
  0.023470 -0.176915  0.074688  0.080609 -0.129918  0.043180  0.046299 -0.008805
 -0.005631 -0.003600  0.299486  0.087200 -0.205046  0.040153  0.053672  0.043145
  0.017650 -0.003673 -0.003815 -0.041188 -0.002645 -0.002167  0.261480 -0.040869
 -0.235107  0.049131  0.049564  0.044133 -0.233662  0.049845  0.048989  0.043712
 -0.663237  0.413851 -0.697927  0.411240  0.102072  0.016687 -0.000222 -0.018508
  0.096370  0.013332  0.016504  0.039314  0.008320 -0.064353  0.004022  0.018278
  0.061039 -0.123417  0.067700  0.018591 -0.018262  0.037751  0.000064 -0.071762
  0.033893  0.017556  0.178787  0.112946  0.081201 -0.013701 -0.249983  0.021509
  0.078369  0.068198 -0.065279 -0.076305  0.025450  0.055712 -0.331907  0.174475
 -0.094439  0.013477  0.039232  0.023470 -0.176915  0.074688  0.080609 -0.129918
  0.043180  0.046299 -0.008805 -0.005631 -0.003600  0.299486  0.087200 -0.205046
  0.040153  0.053672  0.043145  0.017650 -0.003673 -0.003815 -0.041188 -0.002645
 -0.002167  0.261480 -0.040869 -0.235107  0.049131  0.049564  0.044133 -0.233662
  0.049845  0.048989  0.043712 -0.663237  0.413851 -0.697927  0.411240  0.102072
  0.016687 -0.000222 -0.018508  0.096370  0.013332  0.016504  0.039314  0.008320
 -0.064353  0.004022  0.018278  0.061039 -0.123417  0.067700  0.018591 -0.018262
  0.037751  0.000064 -0.071762  0.033893  0.017556  0.178787  0.112946  0.081201
 -0.013701 -0.249983  0.021509  0.078369  0.068198 -0.065279 -0.076305  0.025450
  0.055712 -0.331907  0.174475 -0.094439  0.013477  0.039232  0.023470 -0.176915
  0.074688  0.080609 -0.129918  0.043180  0.046299 -0.008805 -0.005631 -0.003600
  0.299486  0.087200 -0.205046  0.040153  0.053672  0.043145  0.017650 -0.003673
 -0.003815 -0.041188 -0.002645 -0.002167  0.261480 -0.040869 -0.235107  0.049131
  0.049564  0.044133 -0.233662  0.049845  0.048989  0.043712 -0.663237  0.413851
 -0.697927  0.411240  0.102072  0.016687 -0.000222 -0.018508  0.096370  0.013332
  0.016504  0.039314  0.008320 -0.064353  0.004022  0.018278  0.061039 -0.123417
  0.067700  0.018591 -0.018262  0.037751  0.000064 -0.071762  0.033893  0.017556
  0.178787  0.112946  0.081201 -0.013701 -0.249983  0.021509  0.078369  0.068198
 -0.065279 -0.076305  0.025450  0.055712 -0.331907  0.174475 -0.094439  0.013477
  0.039232  0.023470 -0.176915  0.074688  0.080609 -0.129918  0.043180  0.046299
 -0.008805 -0.005631 -0.003600  0.299486  0.087200 -0.205046  0.040153  0.053672
  0.043145  0.017650 -0.003673 -0.003815 -0.041188 -0.002645 -0.002167  0.261480
 -0.040869 -0.235107  0.049131  0.049564  0.044133 -0.233662  0.049845  0.048989
  0.043712 -0.663237  0.413851 -0.697927  0.411240  0.102072  0.016687 -0.000222
 -0.018508  0.096370  0.013332  0.016504  0.039314  0.008320 -0.064353  0.004022
  0.018278  0.061039 -0.123417  0.067700  0.018591 -0.018262  0.037751  0.000064
 -0.071762  0.033893  0.017556  0.178787  0.112946  0.081201 -0.013701 -0.249983
  0.021509  0.078369  0.068198 -0.065279 -0.076305  0.025450  0.055712 -0.331907
  0.174475 -0.094439  0.013477  0.039232  0.023470 -0.176915  0.074688  0.080609
 -0.129918  0.043180  0.046299 -0.008805 -0.005631 -0.003600  0.299486  0.087200
 -0.205046  0.040153  0.053672  0.043145  0.017650 -0.003673 -0.003815 -0.041188
 -0.002645 -0.002167  0.261480 -0.040869 -0.235107  0.049131  0.049564  0.044133
 -0.233662  0.049845  0.048989  0.043712
