 -0.663237  0.413851 -0.697927  0.411240  0.102072  0.016687 -0.000222 -0.018508
  0.096370  0.013332  0.016504  0.039314  0.008320 -0.095222  0.019218  0.019218
  0.061039 -0.090866  0.035504  0.035504 -0.082065  0.040938  0.040938 -0.098205
  0.031407  0.031407  0.178787  0.112946  0.081201 -0.013701 -0.167570  0.033199
  0.033199  0.033199 -0.065279 -0.039466  0.022584  0.022584 -0.331907  0.174475
 -0.050854  0.012527  0.012527  0.012527 -0.213175  0.090710  0.090710 -0.129888
  0.047777  0.047777 -0.005299 -0.005821 -0.005821  0.299486  0.087200 -0.112398
  0.021105  0.021105  0.021105  0.003475  0.002456  0.002456 -0.068306  0.005218
  0.005218  0.261480 -0.040869 -0.205272  0.039775  0.039775  0.039775 -0.212447
  0.041700  0.041700  0.041700 -0.663237  0.413851 -0.697927  0.411240  0.102072
  0.016687 -0.000222 -0.018508  0.096370  0.013332  0.016504  0.039314  0.008320
 -0.095222  0.019218  0.019218  0.061039 -0.090866  0.035504  0.035504 -0.082065
  0.040938  0.040938 -0.098205  0.031407  0.031407  0.178787  0.112946  0.081201
 -0.013701 -0.167570  0.033199  0.033199  0.033199 -0.065279 -0.039466  0.022584
  0.022584 -0.331907  0.174475 -0.050854  0.012527  0.012527  0.012527 -0.213175
  0.090710  0.090710 -0.129888  0.047777  0.047777 -0.005299 -0.005821 -0.005821
  0.299486  0.087200 -0.112398  0.021105  0.021105  0.021105  0.003475  0.002456
  0.002456 -0.068306  0.005218  0.005218  0.261480 -0.040869 -0.205272  0.039775
  0.039775  0.039775 -0.212447  0.041700  0.041700  0.041700 -0.663237  0.413851
 -0.697927  0.411240  0.102072  0.016687 -0.000222 -0.018508  0.096370  0.013332
  0.016504  0.039314  0.008320 -0.095222  0.019218  0.019218  0.061039 -0.090866
  0.035504  0.035504 -0.082065  0.040938  0.040938 -0.098205  0.031407  0.031407
  0.178787  0.112946  0.081201 -0.013701 -0.167570  0.033199  0.033199  0.033199
 -0.065279 -0.039466  0.022584  0.022584 -0.331907  0.174475 -0.050854  0.012527
  0.012527  0.012527 -0.213175  0.090710  0.090710 -0.129888  0.047777  0.047777
 -0.005299 -0.005821 -0.005821  0.299486  0.087200 -0.112398  0.021105  0.021105
  0.021105  0.003475  0.002456  0.002456 -0.068306  0.005218  0.005218  0.261480
 -0.040869 -0.205272  0.039775  0.039775  0.039775 -0.212447  0.041700  0.041700
  0.041700 -0.663237  0.413851 -0.697927  0.411240  0.102072  0.016687 -0.000222
 -0.018508  0.096370  0.013332  0.016504  0.039314  0.008320 -0.095222  0.019218
  0.019218  0.061039 -0.090866  0.035504  0.035504 -0.082065  0.040938  0.040938
 -0.098205  0.031407  0.031407  0.178787  0.112946  0.081201 -0.013701 -0.167570
  0.033199  0.033199  0.033199 -0.065279 -0.039466  0.022584  0.022584 -0.331907
  0.174475 -0.050854  0.012527  0.012527  0.012527 -0.213175  0.090710  0.090710
 -0.129888  0.047777  0.047777 -0.005299 -0.005821 -0.005821  0.299486  0.087200
 -0.112398  0.021105  0.021105  0.021105  0.003475  0.002456  0.002456 -0.068306
  0.005218  0.005218  0.261480 -0.040869 -0.205272  0.039775  0.039775  0.039775
 -0.212447  0.041700  0.041700  0.041700 -0.663237  0.413851 -0.697927  0.411240
  0.102072  0.016687 -0.000222 -0.018508  0.096370  0.013332  0.016504  0.039314
  0.008320 -0.095222  0.019218  0.019218  0.061039 -0.090866  0.035504  0.035504
 -0.082065  0.040938  0.040938 -0.098205  0.031407  0.031407  0.178787  0.112946
  0.081201 -0.013701 -0.167570  0.033199  0.033199  0.033199 -0.065279 -0.039466
  0.022584  0.022584 -0.331907  0.174475 -0.050854  0.012527  0.012527  0.012527
 -0.213175  0.090710  0.090710 -0.129888  0.047777  0.047777 -0.005299 -0.005821
 -0.005821  0.299486  0.087200 -0.112398  0.021105  0.021105  0.021105  0.003475
  0.002456  0.002456 -0.068306  0.005218  0.005218  0.261480 -0.040869 -0.205272
  0.039775  0.039775  0.039775 -0.212447  0.041700  0.041700  0.041700 -0.663237
  0.413851 -0.697927  0.411240  0.102072  0.016687 -0.000222 -0.018508  0.096370
  0.013332  0.016504  0.039314  0.008320 -0.095222  0.019218  0.019218  0.061039
 -0.090866  0.035504  0.035504 -0.082065  0.040938  0.040938 -0.098205  0.031407
  0.031407  0.178787  0.112946  0.081201 -0.013701 -0.167570  0.033199  0.033199
  0.033199 -0.065279 -0.039466  0.022584  0.022584 -0.331907  0.174475 -0.050854
  0.012527  0.012527  0.012527 -0.213175  0.090710  0.090710 -0.129888  0.047777
  0.047777 -0.005299 -0.005821 -0.005821  0.299486  0.087200 -0.112398  0.021105
  0.021105  0.021105  0.003475  0.002456  0.002456 -0.068306  0.005218  0.005218
  0.261480 -0.040869 -0.205272  0.039775  0.039775  0.039775 -0.212447  0.041700
  0.041700  0.041700 -0.663237  0.413851 -0.697927  0.411240  0.102072  0.016687
 -0.000222 -0.018508  0.096370  0.013332  0.016504  0.039314  0.008320 -0.095222
  0.019218  0.019218  0.061039 -0.090866  0.035504  0.035504 -0.082065  0.040938
  0.040938 -0.098205  0.031407  0.031407  0.178787  0.112946  0.081201 -0.013701
 -0.167570  0.033199  0.033199  0.033199 -0.065279 -0.039466  0.022584  0.022584
 -0.331907  0.174475 -0.050854  0.012527  0.012527  0.012527 -0.213175  0.090710
  0.090710 -0.129888  0.047777  0.047777 -0.005299 -0.005821 -0.005821  0.299486
  0.087200 -0.112398  0.021105  0.021105  0.021105  0.003475  0.002456  0.002456
 -0.068306  0.005218  0.005218  0.261480 -0.040869 -0.205272  0.039775  0.039775
  0.039775 -0.212447  0.041700  0.041700  0.041700 -0.663237  0.413851 -0.697927
  0.411240  0.102072  0.016687 -0.000222 -0.018508  0.096370  0.013332  0.016504
  0.039314  0.008320 -0.095222  0.019218  0.019218  0.061039 -0.090866  0.035504
  0.035504 -0.082065  0.040938  0.040938 -0.098205  0.031407  0.031407  0.178787
  0.112946  0.081201 -0.013701 -0.167570  0.033199  0.033199  0.033199 -0.065279
 -0.039466  0.022584  0.022584 -0.331907  0.174475 -0.050854  0.012527  0.012527
  0.012527 -0.213175  0.090710  0.090710 -0.129888  0.047777  0.047777 -0.005299
 -0.005821 -0.005821  0.299486  0.087200 -0.112398  0.021105  0.021105  0.021105
  0.003475  0.002456  0.002456 -0.068306  0.005218  0.005218  0.261480 -0.040869
 -0.205272  0.039775  0.039775  0.039775 -0.212447  0.041700  0.041700  0.041700
 -0.663237  0.413851 -0.697927  0.411240  0.102072  0.016687 -0.000222 -0.018508
  0.096370  0.013332  0.016504  0.039314  0.008320 -0.095222  0.019218  0.019218
  0.061039 -0.090866  0.035504  0.035504 -0.082065  0.040938  0.040938 -0.098205
  0.031407  0.031407  0.178787  0.112946  0.081201 -0.013701 -0.167570  0.033199
  0.033199  0.033199 -0.065279 -0.039466  0.022584  0.022584 -0.331907  0.174475
 -0.050854  0.012527  0.012527  0.012527 -0.213175  0.090710  0.090710 -0.129888
  0.047777  0.047777 -0.005299 -0.005821 -0.005821  0.299486  0.087200 -0.112398
  0.021105  0.021105  0.021105  0.003475  0.002456  0.002456 -0.068306  0.005218
  0.005218  0.261480 -0.040869 -0.205272  0.039775  0.039775  0.039775 -0.212447
  0.041700  0.041700  0.041700 -0.663237  0.413851 -0.697927  0.411240  0.102072
  0.016687 -0.000222 -0.018508  0.096370  0.013332  0.016504  0.039314  0.008320
 -0.095222  0.019218  0.019218  0.061039 -0.090866  0.035504  0.035504 -0.082065
  0.040938  0.040938 -0.098205  0.031407  0.031407  0.178787  0.112946  0.081201
 -0.013701 -0.167570  0.033199  0.033199  0.033199 -0.065279 -0.039466  0.022584
  0.022584 -0.331907  0.174475 -0.050854  0.012527  0.012527  0.012527 -0.213175
  0.090710  0.090710 -0.129888  0.047777  0.047777 -0.005299 -0.005821 -0.005821
  0.299486  0.087200 -0.112398  0.021105  0.021105  0.021105  0.003475  0.002456
  0.002456 -0.068306  0.005218  0.005218  0.261480 -0.040869 -0.205272  0.039775
  0.039775  0.039775 -0.212447  0.041700  0.041700  0.041700 -0.663237  0.413851
 -0.697927  0.411240  0.102072  0.016687 -0.000222 -0.018508  0.096370  0.013332
  0.016504  0.039314  0.008320 -0.095222  0.019218  0.019218  0.061039 -0.090866
  0.035504  0.035504 -0.082065  0.040938  0.040938 -0.098205  0.031407  0.031407
  0.178787  0.112946  0.081201 -0.013701 -0.167570  0.033199  0.033199  0.033199
 -0.065279 -0.039466  0.022584  0.022584 -0.331907  0.174475 -0.050854  0.012527
  0.012527  0.012527 -0.213175  0.090710  0.090710 -0.129888  0.047777  0.047777
 -0.005299 -0.005821 -0.005821  0.299486  0.087200 -0.112398  0.021105  0.021105
  0.021105  0.003475  0.002456  0.002456 -0.068306  0.005218  0.005218  0.261480
 -0.040869 -0.205272  0.039775  0.039775  0.039775 -0.212447  0.041700  0.041700
  0.041700 -0.663237  0.413851 -0.697927  0.411240  0.102072  0.016687 -0.000222
 -0.018508  0.096370  0.013332  0.016504  0.039314  0.008320 -0.095222  0.019218
  0.019218  0.061039 -0.090866  0.035504  0.035504 -0.082065  0.040938  0.040938
 -0.098205  0.031407  0.031407  0.178787  0.112946  0.081201 -0.013701 -0.167570
  0.033199  0.033199  0.033199 -0.065279 -0.039466  0.022584  0.022584 -0.331907
  0.174475 -0.050854  0.012527  0.012527  0.012527 -0.213175  0.090710  0.090710
 -0.129888  0.047777  0.047777 -0.005299 -0.005821 -0.005821  0.299486  0.087200
 -0.112398  0.021105  0.021105  0.021105  0.003475  0.002456  0.002456 -0.068306
  0.005218  0.005218  0.261480 -0.040869 -0.205272  0.039775  0.039775  0.039775
 -0.212447  0.041700  0.041700  0.041700 -0.663237  0.413851 -0.697927  0.411240
  0.102072  0.016687 -0.000222 -0.018508  0.096370  0.013332  0.016504  0.039314
  0.008320 -0.095222  0.019218  0.019218  0.061039 -0.090866  0.035504  0.035504
 -0.082065  0.040938  0.040938 -0.098205  0.031407  0.031407  0.178787  0.112946
  0.081201 -0.013701 -0.167570  0.033199  0.033199  0.033199 -0.065279 -0.039466
  0.022584  0.022584 -0.331907  0.174475 -0.050854  0.012527  0.012527  0.012527
 -0.213175  0.090710  0.090710 -0.129888  0.047777  0.047777 -0.005299 -0.005821
 -0.005821  0.299486  0.087200 -0.112398  0.021105  0.021105  0.021105  0.003475
  0.002456  0.002456 -0.068306  0.005218  0.005218  0.261480 -0.040869 -0.205272
  0.039775  0.039775  0.039775 -0.212447  0.041700  0.041700  0.041700 -0.663237
  0.413851 -0.697927  0.411240  0.102072  0.016687 -0.000222 -0.018508  0.096370
  0.013332  0.016504  0.039314  0.008320 -0.095222  0.019218  0.019218  0.061039
 -0.090866  0.035504  0.035504 -0.082065  0.040938  0.040938 -0.098205  0.031407
  0.031407  0.178787  0.112946  0.081201 -0.013701 -0.167570  0.033199  0.033199
  0.033199 -0.065279 -0.039466  0.022584  0.022584 -0.331907  0.174475 -0.050854
  0.012527  0.012527  0.012527 -0.213175  0.090710  0.090710 -0.129888  0.047777
  0.047777 -0.005299 -0.005821 -0.005821  0.299486  0.087200 -0.112398  0.021105
  0.021105  0.021105  0.003475  0.002456  0.002456 -0.068306  0.005218  0.005218
  0.261480 -0.040869 -0.205272  0.039775  0.039775  0.039775 -0.212447  0.041700
  0.041700  0.041700 -0.663237  0.413851 -0.697927  0.411240  0.102072  0.016687
 -0.000222 -0.018508  0.096370  0.013332  0.016504  0.039314  0.008320 -0.095222
  0.019218  0.019218  0.061039 -0.090866  0.035504  0.035504 -0.082065  0.040938
  0.040938 -0.098205  0.031407  0.031407  0.178787  0.112946  0.081201 -0.013701
 -0.167570  0.033199  0.033199  0.033199 -0.065279 -0.039466  0.022584  0.022584
 -0.331907  0.174475 -0.050854  0.012527  0.012527  0.012527 -0.213175  0.090710
  0.090710 -0.129888  0.047777  0.047777 -0.005299 -0.005821 -0.005821  0.299486
  0.087200 -0.112398  0.021105  0.021105  0.021105  0.003475  0.002456  0.002456
 -0.068306  0.005218  0.005218  0.261480 -0.040869 -0.205272  0.039775  0.039775
  0.039775 -0.212447  0.041700  0.041700  0.041700 -0.663237  0.413851 -0.697927
  0.411240  0.102072  0.016687 -0.000222 -0.018508  0.096370  0.013332  0.016504
  0.039314  0.008320 -0.095222  0.019218  0.019218  0.061039 -0.090866  0.035504
  0.035504 -0.082065  0.040938  0.040938 -0.098205  0.031407  0.031407  0.178787
  0.112946  0.081201 -0.013701 -0.167570  0.033199  0.033199  0.033199 -0.065279
 -0.039466  0.022584  0.022584 -0.331907  0.174475 -0.050854  0.012527  0.012527
  0.012527 -0.213175  0.090710  0.090710 -0.129888  0.047777  0.047777 -0.005299
 -0.005821 -0.005821  0.299486  0.087200 -0.112398  0.021105  0.021105  0.021105
  0.003475  0.002456  0.002456 -0.068306  0.005218  0.005218  0.261480 -0.040869
 -0.205272  0.039775  0.039775  0.039775 -0.212447  0.041700  0.041700  0.041700
 -0.663237  0.413851 -0.697927  0.411240  0.102072  0.016687 -0.000222 -0.018508
  0.096370  0.013332  0.016504  0.039314  0.008320 -0.095222  0.019218  0.019218
  0.061039 -0.090866  0.035504  0.035504 -0.082065  0.040938  0.040938 -0.098205
  0.031407  0.031407  0.178787  0.112946  0.081201 -0.013701 -0.167570  0.033199
  0.033199  0.033199 -0.065279 -0.039466  0.022584  0.022584 -0.331907  0.174475
 -0.050854  0.012527  0.012527  0.012527 -0.213175  0.090710  0.090710 -0.129888
  0.047777  0.047777 -0.005299 -0.005821 -0.005821  0.299486  0.087200 -0.112398
  0.021105  0.021105  0.021105  0.003475  0.002456  0.002456 -0.068306  0.005218
  0.005218  0.261480 -0.040869 -0.205272  0.039775  0.039775  0.039775 -0.212447
  0.041700  0.041700  0.041700 -0.663237  0.413851 -0.697927  0.411240  0.102072
  0.016687 -0.000222 -0.018508  0.096370  0.013332  0.016504  0.039314  0.008320
 -0.095222  0.019218  0.019218  0.061039 -0.090866  0.035504  0.035504 -0.082065
  0.040938  0.040938 -0.098205  0.031407  0.031407  0.178787  0.112946  0.081201
 -0.013701 -0.167570  0.033199  0.033199  0.033199 -0.065279 -0.039466  0.022584
  0.022584 -0.331907  0.174475 -0.050854  0.012527  0.012527  0.012527 -0.213175
  0.090710  0.090710 -0.129888  0.047777  0.047777 -0.005299 -0.005821 -0.005821
  0.299486  0.087200 -0.112398  0.021105  0.021105  0.021105  0.003475  0.002456
  0.002456 -0.068306  0.005218  0.005218  0.261480 -0.040869 -0.205272  0.039775
  0.039775  0.039775 -0.212447  0.041700  0.041700  0.041700 -0.663237  0.413851
 -0.697927  0.411240  0.102072  0.016687 -0.000222 -0.018508  0.096370  0.013332
  0.016504  0.039314  0.008320 -0.095222  0.019218  0.019218  0.061039 -0.090866
  0.035504  0.035504 -0.082065  0.040938  0.040938 -0.098205  0.031407  0.031407
  0.178787  0.112946  0.081201 -0.013701 -0.167570  0.033199  0.033199  0.033199
 -0.065279 -0.039466  0.022584  0.022584 -0.331907  0.174475 -0.050854  0.012527
  0.012527  0.012527 -0.213175  0.090710  0.090710 -0.129888  0.047777  0.047777
 -0.005299 -0.005821 -0.005821  0.299486  0.087200 -0.112398  0.021105  0.021105
  0.021105  0.003475  0.002456  0.002456 -0.068306  0.005218  0.005218  0.261480
 -0.040869 -0.205272  0.039775  0.039775  0.039775 -0.212447  0.041700  0.041700
  0.041700 -0.663237  0.413851 -0.697927  0.411240  0.102072  0.016687 -0.000222
 -0.018508  0.096370  0.013332  0.016504  0.039314  0.008320 -0.095222  0.019218
  0.019218  0.061039 -0.090866  0.035504  0.035504 -0.082065  0.040938  0.040938
 -0.098205  0.031407  0.031407  0.178787  0.112946  0.081201 -0.013701 -0.167570
  0.033199  0.033199  0.033199 -0.065279 -0.039466  0.022584  0.022584 -0.331907
  0.174475 -0.050854  0.012527  0.012527  0.012527 -0.213175  0.090710  0.090710
 -0.129888  0.047777  0.047777 -0.005299 -0.005821 -0.005821  0.299486  0.087200
 -0.112398  0.021105  0.021105  0.021105  0.003475  0.002456  0.002456 -0.068306
  0.005218  0.005218  0.261480 -0.040869 -0.205272  0.039775  0.039775  0.039775
 -0.212447  0.041700  0.041700  0.041700 -0.663237  0.413851 -0.697927  0.411240
  0.102072  0.016687 -0.000222 -0.018508  0.096370  0.013332  0.016504  0.039314
  0.008320 -0.095222  0.019218  0.019218  0.061039 -0.090866  0.035504  0.035504
 -0.082065  0.040938  0.040938 -0.098205  0.031407  0.031407  0.178787  0.112946
  0.081201 -0.013701 -0.167570  0.033199  0.033199  0.033199 -0.065279 -0.039466
  0.022584  0.022584 -0.331907  0.174475 -0.050854  0.012527  0.012527  0.012527
 -0.213175  0.090710  0.090710 -0.129888  0.047777  0.047777 -0.005299 -0.005821
 -0.005821  0.299486  0.087200 -0.112398  0.021105  0.021105  0.021105  0.003475
  0.002456  0.002456 -0.068306  0.005218  0.005218  0.261480 -0.040869 -0.205272
  0.039775  0.039775  0.039775 -0.212447  0.041700  0.041700  0.041700 -0.663237
  0.413851 -0.697927  0.411240  0.102072  0.016687 -0.000222 -0.018508  0.096370
  0.013332  0.016504  0.039314  0.008320 -0.095222  0.019218  0.019218  0.061039
 -0.090866  0.035504  0.035504 -0.082065  0.040938  0.040938 -0.098205  0.031407
  0.031407  0.178787  0.112946  0.081201 -0.013701 -0.167570  0.033199  0.033199
  0.033199 -0.065279 -0.039466  0.022584  0.022584 -0.331907  0.174475 -0.050854
  0.012527  0.012527  0.012527 -0.213175  0.090710  0.090710 -0.129888  0.047777
  0.047777 -0.005299 -0.005821 -0.005821  0.299486  0.087200 -0.112398  0.021105
  0.021105  0.021105  0.003475  0.002456  0.002456 -0.068306  0.005218  0.005218
  0.261480 -0.040869 -0.205272  0.039775  0.039775  0.039775 -0.212447  0.041700
  0.041700  0.041700 -0.663237  0.413851 -0.697927  0.411240  0.102072  0.016687
 -0.000222 -0.018508  0.096370  0.013332  0.016504  0.039314  0.008320 -0.095222
  0.019218  0.019218  0.061039 -0.090866  0.035504  0.035504 -0.082065  0.040938
  0.040938 -0.098205  0.031407  0.031407  0.178787  0.112946  0.081201 -0.013701
 -0.167570  0.033199  0.033199  0.033199 -0.065279 -0.039466  0.022584  0.022584
 -0.331907  0.174475 -0.050854  0.012527  0.012527  0.012527 -0.213175  0.090710
  0.090710 -0.129888  0.047777  0.047777 -0.005299 -0.005821 -0.005821  0.299486
  0.087200 -0.112398  0.021105  0.021105  0.021105  0.003475  0.002456  0.002456
 -0.068306  0.005218  0.005218  0.261480 -0.040869 -0.205272  0.039775  0.039775
  0.039775 -0.212447  0.041700  0.041700  0.041700 -0.663237  0.413851 -0.697927
  0.411240  0.102072  0.016687 -0.000222 -0.018508  0.096370  0.013332  0.016504
  0.039314  0.008320 -0.095222  0.019218  0.019218  0.061039 -0.090866  0.035504
  0.035504 -0.082065  0.040938  0.040938 -0.098205  0.031407  0.031407  0.178787
  0.112946  0.081201 -0.013701 -0.167570  0.033199  0.033199  0.033199 -0.065279
 -0.039466  0.022584  0.022584 -0.331907  0.174475 -0.050854  0.012527  0.012527
  0.012527 -0.213175  0.090710  0.090710 -0.129888  0.047777  0.047777 -0.005299
 -0.005821 -0.005821  0.299486  0.087200 -0.112398  0.021105  0.021105  0.021105
  0.003475  0.002456  0.002456 -0.068306  0.005218  0.005218  0.261480 -0.040869
 -0.205272  0.039775  0.039775  0.039775 -0.212447  0.041700  0.041700  0.041700
 -0.663237  0.413851 -0.697927  0.411240  0.102072  0.016687 -0.000222 -0.018508
  0.096370  0.013332  0.016504  0.039314  0.008320 -0.095222  0.019218  0.019218
  0.061039 -0.090866  0.035504  0.035504 -0.082065  0.040938  0.040938 -0.098205
  0.031407  0.031407  0.178787  0.112946  0.081201 -0.013701 -0.167570  0.033199
  0.033199  0.033199 -0.065279 -0.039466  0.022584  0.022584 -0.331907  0.174475
 -0.050854  0.012527  0.012527  0.012527 -0.213175  0.090710  0.090710 -0.129888
  0.047777  0.047777 -0.005299 -0.005821 -0.005821  0.299486  0.087200 -0.112398
  0.021105  0.021105  0.021105  0.003475  0.002456  0.002456 -0.068306  0.005218
  0.005218  0.261480 -0.040869 -0.205272  0.039775  0.039775  0.039775 -0.212447
  0.041700  0.041700  0.041700 -0.663237  0.413851 -0.697927  0.411240  0.102072
  0.016687 -0.000222 -0.018508  0.096370  0.013332  0.016504  0.039314  0.008320
 -0.095222  0.019218  0.019218  0.061039 -0.090866  0.035504  0.035504 -0.082065
  0.040938  0.040938 -0.098205  0.031407  0.031407  0.178787  0.112946  0.081201
 -0.013701 -0.167570  0.033199  0.033199  0.033199 -0.065279 -0.039466  0.022584
  0.022584 -0.331907  0.174475 -0.050854  0.012527  0.012527  0.012527 -0.213175
  0.090710  0.090710 -0.129888  0.047777  0.047777 -0.005299 -0.005821 -0.005821
  0.299486  0.087200 -0.112398  0.021105  0.021105  0.021105  0.003475  0.002456
  0.002456 -0.068306  0.005218  0.005218  0.261480 -0.040869 -0.205272  0.039775
  0.039775  0.039775 -0.212447  0.041700  0.041700  0.041700 -0.663237  0.413851
 -0.697927  0.411240  0.102072  0.016687 -0.000222 -0.018508  0.096370  0.013332
  0.016504  0.039314  0.008320 -0.095222  0.019218  0.019218  0.061039 -0.090866
  0.035504  0.035504 -0.082065  0.040938  0.040938 -0.098205  0.031407  0.031407
  0.178787  0.112946  0.081201 -0.013701 -0.167570  0.033199  0.033199  0.033199
 -0.065279 -0.039466  0.022584  0.022584 -0.331907  0.174475 -0.050854  0.012527
  0.012527  0.012527 -0.213175  0.090710  0.090710 -0.129888  0.047777  0.047777
 -0.005299 -0.005821 -0.005821  0.299486  0.087200 -0.112398  0.021105  0.021105
  0.021105  0.003475  0.002456  0.002456 -0.068306  0.005218  0.005218  0.261480
 -0.040869 -0.205272  0.039775  0.039775  0.039775 -0.212447  0.041700  0.041700
  0.041700 -0.663237  0.413851 -0.697927  0.411240  0.102072  0.016687 -0.000222
 -0.018508  0.096370  0.013332  0.016504  0.039314  0.008320 -0.095222  0.019218
  0.019218  0.061039 -0.090866  0.035504  0.035504 -0.082065  0.040938  0.040938
 -0.098205  0.031407  0.031407  0.178787  0.112946  0.081201 -0.013701 -0.167570
  0.033199  0.033199  0.033199 -0.065279 -0.039466  0.022584  0.022584 -0.331907
  0.174475 -0.050854  0.012527  0.012527  0.012527 -0.213175  0.090710  0.090710
 -0.129888  0.047777  0.047777 -0.005299 -0.005821 -0.005821  0.299486  0.087200
 -0.112398  0.021105  0.021105  0.021105  0.003475  0.002456  0.002456 -0.068306
  0.005218  0.005218  0.261480 -0.040869 -0.205272  0.039775  0.039775  0.039775
 -0.212447  0.041700  0.041700  0.041700 -0.663237  0.413851 -0.697927  0.411240
  0.102072  0.016687 -0.000222 -0.018508  0.096370  0.013332  0.016504  0.039314
  0.008320 -0.095222  0.019218  0.019218  0.061039 -0.090866  0.035504  0.035504
 -0.082065  0.040938  0.040938 -0.098205  0.031407  0.031407  0.178787  0.112946
  0.081201 -0.013701 -0.167570  0.033199  0.033199  0.033199 -0.065279 -0.039466
  0.022584  0.022584 -0.331907  0.174475 -0.050854  0.012527  0.012527  0.012527
 -0.213175  0.090710  0.090710 -0.129888  0.047777  0.047777 -0.005299 -0.005821
 -0.005821  0.299486  0.087200 -0.112398  0.021105  0.021105  0.021105  0.003475
  0.002456  0.002456 -0.068306  0.005218  0.005218  0.261480 -0.040869 -0.205272
  0.039775  0.039775  0.039775 -0.212447  0.041700  0.041700  0.041700 -0.663237
  0.413851 -0.697927  0.411240  0.102072  0.016687 -0.000222 -0.018508  0.096370
  0.013332  0.016504  0.039314  0.008320 -0.095222  0.019218  0.019218  0.061039
 -0.090866  0.035504  0.035504 -0.082065  0.040938  0.040938 -0.098205  0.031407
  0.031407  0.178787  0.112946  0.081201 -0.013701 -0.167570  0.033199  0.033199
  0.033199 -0.065279 -0.039466  0.022584  0.022584 -0.331907  0.174475 -0.050854
  0.012527  0.012527  0.012527 -0.213175  0.090710  0.090710 -0.129888  0.047777
  0.047777 -0.005299 -0.005821 -0.005821  0.299486  0.087200 -0.112398  0.021105
  0.021105  0.021105  0.003475  0.002456  0.002456 -0.068306  0.005218  0.005218
  0.261480 -0.040869 -0.205272  0.039775  0.039775  0.039775 -0.212447  0.041700
  0.041700  0.041700 -0.663237  0.413851 -0.697927  0.411240  0.102072  0.016687
 -0.000222 -0.018508  0.096370  0.013332  0.016504  0.039314  0.008320 -0.095222
  0.019218  0.019218  0.061039 -0.090866  0.035504  0.035504 -0.082065  0.040938
  0.040938 -0.098205  0.031407  0.031407  0.178787  0.112946  0.081201 -0.013701
 -0.167570  0.033199  0.033199  0.033199 -0.065279 -0.039466  0.022584  0.022584
 -0.331907  0.174475 -0.050854  0.012527  0.012527  0.012527 -0.213175  0.090710
  0.090710 -0.129888  0.047777  0.047777 -0.005299 -0.005821 -0.005821  0.299486
  0.087200 -0.112398  0.021105  0.021105  0.021105  0.003475  0.002456  0.002456
 -0.068306  0.005218  0.005218  0.261480 -0.040869 -0.205272  0.039775  0.039775
  0.039775 -0.212447  0.041700  0.041700  0.041700 -0.663237  0.413851 -0.697927
  0.411240  0.102072  0.016687 -0.000222 -0.018508  0.096370  0.013332  0.016504
  0.039314  0.008320 -0.095222  0.019218  0.019218  0.061039 -0.090866  0.035504
  0.035504 -0.082065  0.040938  0.040938 -0.098205  0.031407  0.031407  0.178787
  0.112946  0.081201 -0.013701 -0.167570  0.033199  0.033199  0.033199 -0.065279
 -0.039466  0.022584  0.022584 -0.331907  0.174475 -0.050854  0.012527  0.012527
  0.012527 -0.213175  0.090710  0.090710 -0.129888  0.047777  0.047777 -0.005299
 -0.005821 -0.005821  0.299486  0.087200 -0.112398  0.021105  0.021105  0.021105
  0.003475  0.002456  0.002456 -0.068306  0.005218  0.005218  0.261480 -0.040869
 -0.205272  0.039775  0.039775  0.039775 -0.212447  0.041700  0.041700  0.041700
 -0.663237  0.413851 -0.697927  0.411240  0.102072  0.016687 -0.000222 -0.018508
  0.096370  0.013332  0.016504  0.039314  0.008320 -0.095222  0.019218  0.019218
  0.061039 -0.090866  0.035504  0.035504 -0.082065  0.040938  0.040938 -0.098205
  0.031407  0.031407  0.178787  0.112946  0.081201 -0.013701 -0.167570  0.033199
  0.033199  0.033199 -0.065279 -0.039466  0.022584  0.022584 -0.331907  0.174475
 -0.050854  0.012527  0.012527  0.012527 -0.213175  0.090710  0.090710 -0.129888
  0.047777  0.047777 -0.005299 -0.005821 -0.005821  0.299486  0.087200 -0.112398
  0.021105  0.021105  0.021105  0.003475  0.002456  0.002456 -0.068306  0.005218
  0.005218  0.261480 -0.040869 -0.205272  0.039775  0.039775  0.039775 -0.212447
  0.041700  0.041700  0.041700 -0.663237  0.413851 -0.697927  0.411240  0.102072
  0.016687 -0.000222 -0.018508  0.096370  0.013332  0.016504  0.039314  0.008320
 -0.095222  0.019218  0.019218  0.061039 -0.090866  0.035504  0.035504 -0.082065
  0.040938  0.040938 -0.098205  0.031407  0.031407  0.178787  0.112946  0.081201
 -0.013701 -0.167570  0.033199  0.033199  0.033199 -0.065279 -0.039466  0.022584
  0.022584 -0.331907  0.174475 -0.050854  0.012527  0.012527  0.012527 -0.213175
  0.090710  0.090710 -0.129888  0.047777  0.047777 -0.005299 -0.005821 -0.005821
  0.299486  0.087200 -0.112398  0.021105  0.021105  0.021105  0.003475  0.002456
  0.002456 -0.068306  0.005218  0.005218  0.261480 -0.040869 -0.205272  0.039775
  0.039775  0.039775 -0.212447  0.041700  0.041700  0.041700 -0.663237  0.413851
 -0.697927  0.411240  0.102072  0.016687 -0.000222 -0.018508  0.096370  0.013332
  0.016504  0.039314  0.008320 -0.095222  0.019218  0.019218  0.061039 -0.090866
  0.035504  0.035504 -0.082065  0.040938  0.040938 -0.098205  0.031407  0.031407
  0.178787  0.112946  0.081201 -0.013701 -0.167570  0.033199  0.033199  0.033199
 -0.065279 -0.039466  0.022584  0.022584 -0.331907  0.174475 -0.050854  0.012527
  0.012527  0.012527 -0.213175  0.090710  0.090710 -0.129888  0.047777  0.047777
 -0.005299 -0.005821 -0.005821  0.299486  0.087200 -0.112398  0.021105  0.021105
  0.021105  0.003475  0.002456  0.002456 -0.068306  0.005218  0.005218  0.261480
 -0.040869 -0.205272  0.039775  0.039775  0.039775 -0.212447  0.041700  0.041700
  0.041700 -0.663237  0.413851 -0.697927  0.411240  0.102072  0.016687 -0.000222
 -0.018508  0.096370  0.013332  0.016504  0.039314  0.008320 -0.095222  0.019218
  0.019218  0.061039 -0.090866  0.035504  0.035504 -0.082065  0.040938  0.040938
 -0.098205  0.031407  0.031407  0.178787  0.112946  0.081201 -0.013701 -0.167570
  0.033199  0.033199  0.033199 -0.065279 -0.039466  0.022584  0.022584 -0.331907
  0.174475 -0.050854  0.012527  0.012527  0.012527 -0.213175  0.090710  0.090710
 -0.129888  0.047777  0.047777 -0.005299 -0.005821 -0.005821  0.299486  0.087200
 -0.112398  0.021105  0.021105  0.021105  0.003475  0.002456  0.002456 -0.068306
  0.005218  0.005218  0.261480 -0.040869 -0.205272  0.039775  0.039775  0.039775
 -0.212447  0.041700  0.041700  0.041700 -0.663237  0.413851 -0.697927  0.411240
  0.102072  0.016687 -0.000222 -0.018508  0.096370  0.013332  0.016504  0.039314
  0.008320 -0.095222  0.019218  0.019218  0.061039 -0.090866  0.035504  0.035504
 -0.082065  0.040938  0.040938 -0.098205  0.031407  0.031407  0.178787  0.112946
  0.081201 -0.013701 -0.167570  0.033199  0.033199  0.033199 -0.065279 -0.039466
  0.022584  0.022584 -0.331907  0.174475 -0.050854  0.012527  0.012527  0.012527
 -0.213175  0.090710  0.090710 -0.129888  0.047777  0.047777 -0.005299 -0.005821
 -0.005821  0.299486  0.087200 -0.112398  0.021105  0.021105  0.021105  0.003475
  0.002456  0.002456 -0.068306  0.005218  0.005218  0.261480 -0.040869 -0.205272
  0.039775  0.039775  0.039775 -0.212447  0.041700  0.041700  0.041700 -0.663237
  0.413851 -0.697927  0.411240  0.102072  0.016687 -0.000222 -0.018508  0.096370
  0.013332  0.016504  0.039314  0.008320 -0.095222  0.019218  0.019218  0.061039
 -0.090866  0.035504  0.035504 -0.082065  0.040938  0.040938 -0.098205  0.031407
  0.031407  0.178787  0.112946  0.081201 -0.013701 -0.167570  0.033199  0.033199
  0.033199 -0.065279 -0.039466  0.022584  0.022584 -0.331907  0.174475 -0.050854
  0.012527  0.012527  0.012527 -0.213175  0.090710  0.090710 -0.129888  0.047777
  0.047777 -0.005299 -0.005821 -0.005821  0.299486  0.087200 -0.112398  0.021105
  0.021105  0.021105  0.003475  0.002456  0.002456 -0.068306  0.005218  0.005218
  0.261480 -0.040869 -0.205272  0.039775  0.039775  0.039775 -0.212447  0.041700
  0.041700  0.041700 -0.663237  0.413851 -0.697927  0.411240  0.102072  0.016687
 -0.000222 -0.018508  0.096370  0.013332  0.016504  0.039314  0.008320 -0.095222
  0.019218  0.019218  0.061039 -0.090866  0.035504  0.035504 -0.082065  0.040938
  0.040938 -0.098205  0.031407  0.031407  0.178787  0.112946  0.081201 -0.013701
 -0.167570  0.033199  0.033199  0.033199 -0.065279 -0.039466  0.022584  0.022584
 -0.331907  0.174475 -0.050854  0.012527  0.012527  0.012527 -0.213175  0.090710
  0.090710 -0.129888  0.047777  0.047777 -0.005299 -0.005821 -0.005821  0.299486
  0.087200 -0.112398  0.021105  0.021105  0.021105  0.003475  0.002456  0.002456
 -0.068306  0.005218  0.005218  0.261480 -0.040869 -0.205272  0.039775  0.039775
  0.039775 -0.212447  0.041700  0.041700  0.041700 -0.663237  0.413851 -0.697927
  0.411240  0.102072  0.016687 -0.000222 -0.018508  0.096370  0.013332  0.016504
  0.039314  0.008320 -0.095222  0.019218  0.019218  0.061039 -0.090866  0.035504
  0.035504 -0.082065  0.040938  0.040938 -0.098205  0.031407  0.031407  0.178787
  0.112946  0.081201 -0.013701 -0.167570  0.033199  0.033199  0.033199 -0.065279
 -0.039466  0.022584  0.022584 -0.331907  0.174475 -0.050854  0.012527  0.012527
  0.012527 -0.213175  0.090710  0.090710 -0.129888  0.047777  0.047777 -0.005299
 -0.005821 -0.005821  0.299486  0.087200 -0.112398  0.021105  0.021105  0.021105
  0.003475  0.002456  0.002456 -0.068306  0.005218  0.005218  0.261480 -0.040869
 -0.205272  0.039775  0.039775  0.039775 -0.212447  0.041700  0.041700  0.041700
 -0.663237  0.413851 -0.697927  0.411240  0.102072  0.016687 -0.000222 -0.018508
  0.096370  0.013332  0.016504  0.039314  0.008320 -0.095222  0.019218  0.019218
  0.061039 -0.090866  0.035504  0.035504 -0.082065  0.040938  0.040938 -0.098205
  0.031407  0.031407  0.178787  0.112946  0.081201 -0.013701 -0.167570  0.033199
  0.033199  0.033199 -0.065279 -0.039466  0.022584  0.022584 -0.331907  0.174475
 -0.050854  0.012527  0.012527  0.012527 -0.213175  0.090710  0.090710 -0.129888
  0.047777  0.047777 -0.005299 -0.005821 -0.005821  0.299486  0.087200 -0.112398
  0.021105  0.021105  0.021105  0.003475  0.002456  0.002456 -0.068306  0.005218
  0.005218  0.261480 -0.040869 -0.205272  0.039775  0.039775  0.039775 -0.212447
  0.041700  0.041700  0.041700 -0.663237  0.413851 -0.697927  0.411240  0.102072
  0.016687 -0.000222 -0.018508  0.096370  0.013332  0.016504  0.039314  0.008320
 -0.095222  0.019218  0.019218  0.061039 -0.090866  0.035504  0.035504 -0.082065
  0.040938  0.040938 -0.098205  0.031407  0.031407  0.178787  0.112946  0.081201
 -0.013701 -0.167570  0.033199  0.033199  0.033199 -0.065279 -0.039466  0.022584
  0.022584 -0.331907  0.174475 -0.050854  0.012527  0.012527  0.012527 -0.213175
  0.090710  0.090710 -0.129888  0.047777  0.047777 -0.005299 -0.005821 -0.005821
  0.299486  0.087200 -0.112398  0.021105  0.021105  0.021105  0.003475  0.002456
  0.002456 -0.068306  0.005218  0.005218  0.261480 -0.040869 -0.205272  0.039775
  0.039775  0.039775 -0.212447  0.041700  0.041700  0.041700 -0.663237  0.413851
 -0.697927  0.411240  0.102072  0.016687 -0.000222 -0.018508  0.096370  0.013332
  0.016504  0.039314  0.008320 -0.095222  0.019218  0.019218  0.061039 -0.090866
  0.035504  0.035504 -0.082065  0.040938  0.040938 -0.098205  0.031407  0.031407
  0.178787  0.112946  0.081201 -0.013701 -0.167570  0.033199  0.033199  0.033199
 -0.065279 -0.039466  0.022584  0.022584 -0.331907  0.174475 -0.050854  0.012527
  0.012527  0.012527 -0.213175  0.090710  0.090710 -0.129888  0.047777  0.047777
 -0.005299 -0.005821 -0.005821  0.299486  0.087200 -0.112398  0.021105  0.021105
  0.021105  0.003475  0.002456  0.002456 -0.068306  0.005218  0.005218  0.261480
 -0.040869 -0.205272  0.039775  0.039775  0.039775 -0.212447  0.041700  0.041700
  0.041700 -0.663237  0.413851 -0.697927  0.411240  0.102072  0.016687 -0.000222
 -0.018508  0.096370  0.013332  0.016504  0.039314  0.008320 -0.095222  0.019218
  0.019218  0.061039 -0.090866  0.035504  0.035504 -0.082065  0.040938  0.040938
 -0.098205  0.031407  0.031407  0.178787  0.112946  0.081201 -0.013701 -0.167570
  0.033199  0.033199  0.033199 -0.065279 -0.039466  0.022584  0.022584 -0.331907
  0.174475 -0.050854  0.012527  0.012527  0.012527 -0.213175  0.090710  0.090710
 -0.129888  0.047777  0.047777 -0.005299 -0.005821 -0.005821  0.299486  0.087200
 -0.112398  0.021105  0.021105  0.021105  0.003475  0.002456  0.002456 -0.068306
  0.005218  0.005218  0.261480 -0.040869 -0.205272  0.039775  0.039775  0.039775
 -0.212447  0.041700  0.041700  0.041700 -0.663237  0.413851 -0.697927  0.411240
  0.102072  0.016687 -0.000222 -0.018508  0.096370  0.013332  0.016504  0.039314
  0.008320 -0.095222  0.019218  0.019218  0.061039 -0.090866  0.035504  0.035504
 -0.082065  0.040938  0.040938 -0.098205  0.031407  0.031407  0.178787  0.112946
  0.081201 -0.013701 -0.167570  0.033199  0.033199  0.033199 -0.065279 -0.039466
  0.022584  0.022584 -0.331907  0.174475 -0.050854  0.012527  0.012527  0.012527
 -0.213175  0.090710  0.090710 -0.129888  0.047777  0.047777 -0.005299 -0.005821
 -0.005821  0.299486  0.087200 -0.112398  0.021105  0.021105  0.021105  0.003475
  0.002456  0.002456 -0.068306  0.005218  0.005218  0.261480 -0.040869 -0.205272
  0.039775  0.039775  0.039775 -0.212447  0.041700  0.041700  0.041700 -0.663237
  0.413851 -0.697927  0.411240  0.102072  0.016687 -0.000222 -0.018508  0.096370
  0.013332  0.016504  0.039314  0.008320 -0.095222  0.019218  0.019218  0.061039
 -0.090866  0.035504  0.035504 -0.082065  0.040938  0.040938 -0.098205  0.031407
  0.031407  0.178787  0.112946  0.081201 -0.013701 -0.167570  0.033199  0.033199
  0.033199 -0.065279 -0.039466  0.022584  0.022584 -0.331907  0.174475 -0.050854
  0.012527  0.012527  0.012527 -0.213175  0.090710  0.090710 -0.129888  0.047777
  0.047777 -0.005299 -0.005821 -0.005821  0.299486  0.087200 -0.112398  0.021105
  0.021105  0.021105  0.003475  0.002456  0.002456 -0.068306  0.005218  0.005218
  0.261480 -0.040869 -0.205272  0.039775  0.039775  0.039775 -0.212447  0.041700
  0.041700  0.041700 -0.663237  0.413851 -0.697927  0.411240  0.102072  0.016687
 -0.000222 -0.018508  0.096370  0.013332  0.016504  0.039314  0.008320 -0.095222
  0.019218  0.019218  0.061039 -0.090866  0.035504  0.035504 -0.082065  0.040938
  0.040938 -0.098205  0.031407  0.031407  0.178787  0.112946  0.081201 -0.013701
 -0.167570  0.033199  0.033199  0.033199 -0.065279 -0.039466  0.022584  0.022584
 -0.331907  0.174475 -0.050854  0.012527  0.012527  0.012527 -0.213175  0.090710
  0.090710 -0.129888  0.047777  0.047777 -0.005299 -0.005821 -0.005821  0.299486
  0.087200 -0.112398  0.021105  0.021105  0.021105  0.003475  0.002456  0.002456
 -0.068306  0.005218  0.005218  0.261480 -0.040869 -0.205272  0.039775  0.039775
  0.039775 -0.212447  0.041700  0.041700  0.041700 -0.663237  0.413851 -0.697927
  0.411240  0.102072  0.016687 -0.000222 -0.018508  0.096370  0.013332  0.016504
  0.039314  0.008320 -0.095222  0.019218  0.019218  0.061039 -0.090866  0.035504
  0.035504 -0.082065  0.040938  0.040938 -0.098205  0.031407  0.031407  0.178787
  0.112946  0.081201 -0.013701 -0.167570  0.033199  0.033199  0.033199 -0.065279
 -0.039466  0.022584  0.022584 -0.331907  0.174475 -0.050854  0.012527  0.012527
  0.012527 -0.213175  0.090710  0.090710 -0.129888  0.047777  0.047777 -0.005299
 -0.005821 -0.005821  0.299486  0.087200 -0.112398  0.021105  0.021105  0.021105
  0.003475  0.002456  0.002456 -0.068306  0.005218  0.005218  0.261480 -0.040869
 -0.205272  0.039775  0.039775  0.039775 -0.212447  0.041700  0.041700  0.041700
 -0.663237  0.413851 -0.697927  0.411240  0.102072  0.016687 -0.000222 -0.018508
  0.096370  0.013332  0.016504  0.039314  0.008320 -0.095222  0.019218  0.019218
  0.061039 -0.090866  0.035504  0.035504 -0.082065  0.040938  0.040938 -0.098205
  0.031407  0.031407  0.178787  0.112946  0.081201 -0.013701 -0.167570  0.033199
  0.033199  0.033199 -0.065279 -0.039466  0.022584  0.022584 -0.331907  0.174475
 -0.050854  0.012527  0.012527  0.012527 -0.213175  0.090710  0.090710 -0.129888
  0.047777  0.047777 -0.005299 -0.005821 -0.005821  0.299486  0.087200 -0.112398
  0.021105  0.021105  0.021105  0.003475  0.002456  0.002456 -0.068306  0.005218
  0.005218  0.261480 -0.040869 -0.205272  0.039775  0.039775  0.039775 -0.212447
  0.041700  0.041700  0.041700 -0.663237  0.413851 -0.697927  0.411240  0.102072
  0.016687 -0.000222 -0.018508  0.096370  0.013332  0.016504  0.039314  0.008320
 -0.095222  0.019218  0.019218  0.061039 -0.090866  0.035504  0.035504 -0.082065
  0.040938  0.040938 -0.098205  0.031407  0.031407  0.178787  0.112946  0.081201
 -0.013701 -0.167570  0.033199  0.033199  0.033199 -0.065279 -0.039466  0.022584
  0.022584 -0.331907  0.174475 -0.050854  0.012527  0.012527  0.012527 -0.213175
  0.090710  0.090710 -0.129888  0.047777  0.047777 -0.005299 -0.005821 -0.005821
  0.299486  0.087200 -0.112398  0.021105  0.021105  0.021105  0.003475  0.002456
  0.002456 -0.068306  0.005218  0.005218  0.261480 -0.040869 -0.205272  0.039775
  0.039775  0.039775 -0.212447  0.041700  0.041700  0.041700 -0.663237  0.413851
 -0.697927  0.411240  0.102072  0.016687 -0.000222 -0.018508  0.096370  0.013332
  0.016504  0.039314  0.008320 -0.095222  0.019218  0.019218  0.061039 -0.090866
  0.035504  0.035504 -0.082065  0.040938  0.040938 -0.098205  0.031407  0.031407
  0.178787  0.112946  0.081201 -0.013701 -0.167570  0.033199  0.033199  0.033199
 -0.065279 -0.039466  0.022584  0.022584 -0.331907  0.174475 -0.050854  0.012527
  0.012527  0.012527 -0.213175  0.090710  0.090710 -0.129888  0.047777  0.047777
 -0.005299 -0.005821 -0.005821  0.299486  0.087200 -0.112398  0.021105  0.021105
  0.021105  0.003475  0.002456  0.002456 -0.068306  0.005218  0.005218  0.261480
 -0.040869 -0.205272  0.039775  0.039775  0.039775 -0.212447  0.041700  0.041700
  0.041700 -0.663237  0.413851 -0.697927  0.411240  0.102072  0.016687 -0.000222
 -0.018508  0.096370  0.013332  0.016504  0.039314  0.008320 -0.095222  0.019218
  0.019218  0.061039 -0.090866  0.035504  0.035504 -0.082065  0.040938  0.040938
 -0.098205  0.031407  0.031407  0.178787  0.112946  0.081201 -0.013701 -0.167570
  0.033199  0.033199  0.033199 -0.065279 -0.039466  0.022584  0.022584 -0.331907
  0.174475 -0.050854  0.012527  0.012527  0.012527 -0.213175  0.090710  0.090710
 -0.129888  0.047777  0.047777 -0.005299 -0.005821 -0.005821  0.299486  0.087200
 -0.112398  0.021105  0.021105  0.021105  0.003475  0.002456  0.002456 -0.068306
  0.005218  0.005218  0.261480 -0.040869 -0.205272  0.039775  0.039775  0.039775
 -0.212447  0.041700  0.041700  0.041700 -0.663237  0.413851 -0.697927  0.411240
  0.102072  0.016687 -0.000222 -0.018508  0.096370  0.013332  0.016504  0.039314
  0.008320 -0.095222  0.019218  0.019218  0.061039 -0.090866  0.035504  0.035504
 -0.082065  0.040938  0.040938 -0.098205  0.031407  0.031407  0.178787  0.112946
  0.081201 -0.013701 -0.167570  0.033199  0.033199  0.033199 -0.065279 -0.039466
  0.022584  0.022584 -0.331907  0.174475 -0.050854  0.012527  0.012527  0.012527
 -0.213175  0.090710  0.090710 -0.129888  0.047777  0.047777 -0.005299 -0.005821
 -0.005821  0.299486  0.087200 -0.112398  0.021105  0.021105  0.021105  0.003475
  0.002456  0.002456 -0.068306  0.005218  0.005218  0.261480 -0.040869 -0.205272
  0.039775  0.039775  0.039775 -0.212447  0.041700  0.041700  0.041700 -0.663237
  0.413851 -0.697927  0.411240  0.102072  0.016687 -0.000222 -0.018508  0.096370
  0.013332  0.016504  0.039314  0.008320 -0.095222  0.019218  0.019218  0.061039
 -0.090866  0.035504  0.035504 -0.082065  0.040938  0.040938 -0.098205  0.031407
  0.031407  0.178787  0.112946  0.081201 -0.013701 -0.167570  0.033199  0.033199
  0.033199 -0.065279 -0.039466  0.022584  0.022584 -0.331907  0.174475 -0.050854
  0.012527  0.012527  0.012527 -0.213175  0.090710  0.090710 -0.129888  0.047777
  0.047777 -0.005299 -0.005821 -0.005821  0.299486  0.087200 -0.112398  0.021105
  0.021105  0.021105  0.003475  0.002456  0.002456 -0.068306  0.005218  0.005218
  0.261480 -0.040869 -0.205272  0.039775  0.039775  0.039775 -0.212447  0.041700
  0.041700  0.041700 -0.663237  0.413851 -0.697927  0.411240  0.102072  0.016687
 -0.000222 -0.018508  0.096370  0.013332  0.016504  0.039314  0.008320 -0.095222
  0.019218  0.019218  0.061039 -0.090866  0.035504  0.035504 -0.082065  0.040938
  0.040938 -0.098205  0.031407  0.031407  0.178787  0.112946  0.081201 -0.013701
 -0.167570  0.033199  0.033199  0.033199 -0.065279 -0.039466  0.022584  0.022584
 -0.331907  0.174475 -0.050854  0.012527  0.012527  0.012527 -0.213175  0.090710
  0.090710 -0.129888  0.047777  0.047777 -0.005299 -0.005821 -0.005821  0.299486
  0.087200 -0.112398  0.021105  0.021105  0.021105  0.003475  0.002456  0.002456
 -0.068306  0.005218  0.005218  0.261480 -0.040869 -0.205272  0.039775  0.039775
  0.039775 -0.212447  0.041700  0.041700  0.041700 -0.663237  0.413851 -0.697927
  0.411240  0.102072  0.016687 -0.000222 -0.018508  0.096370  0.013332  0.016504
  0.039314  0.008320 -0.095222  0.019218  0.019218  0.061039 -0.090866  0.035504
  0.035504 -0.082065  0.040938  0.040938 -0.098205  0.031407  0.031407  0.178787
  0.112946  0.081201 -0.013701 -0.167570  0.033199  0.033199  0.033199 -0.065279
 -0.039466  0.022584  0.022584 -0.331907  0.174475 -0.050854  0.012527  0.012527
  0.012527 -0.213175  0.090710  0.090710 -0.129888  0.047777  0.047777 -0.005299
 -0.005821 -0.005821  0.299486  0.087200 -0.112398  0.021105  0.021105  0.021105
  0.003475  0.002456  0.002456 -0.068306  0.005218  0.005218  0.261480 -0.040869
 -0.205272  0.039775  0.039775  0.039775 -0.212447  0.041700  0.041700  0.041700
 -0.663237  0.413851 -0.697927  0.411240  0.102072  0.016687 -0.000222 -0.018508
  0.096370  0.013332  0.016504  0.039314  0.008320 -0.095222  0.019218  0.019218
  0.061039 -0.090866  0.035504  0.035504 -0.082065  0.040938  0.040938 -0.098205
  0.031407  0.031407  0.178787  0.112946  0.081201 -0.013701 -0.167570  0.033199
  0.033199  0.033199 -0.065279 -0.039466  0.022584  0.022584 -0.331907  0.174475
 -0.050854  0.012527  0.012527  0.012527 -0.213175  0.090710  0.090710 -0.129888
  0.047777  0.047777 -0.005299 -0.005821 -0.005821  0.299486  0.087200 -0.112398
  0.021105  0.021105  0.021105  0.003475  0.002456  0.002456 -0.068306  0.005218
  0.005218  0.261480 -0.040869 -0.205272  0.039775  0.039775  0.039775 -0.212447
  0.041700  0.041700  0.041700 -0.663237  0.413851 -0.697927  0.411240  0.102072
  0.016687 -0.000222 -0.018508  0.096370  0.013332  0.016504  0.039314  0.008320
 -0.095222  0.019218  0.019218  0.061039 -0.090866  0.035504  0.035504 -0.082065
  0.040938  0.040938 -0.098205  0.031407  0.031407  0.178787  0.112946  0.081201
 -0.013701 -0.167570  0.033199  0.033199  0.033199 -0.065279 -0.039466  0.022584
  0.022584 -0.331907  0.174475 -0.050854  0.012527  0.012527  0.012527 -0.213175
  0.090710  0.090710 -0.129888  0.047777  0.047777 -0.005299 -0.005821 -0.005821
  0.299486  0.087200 -0.112398  0.021105  0.021105  0.021105  0.003475  0.002456
  0.002456 -0.068306  0.005218  0.005218  0.261480 -0.040869 -0.205272  0.039775
  0.039775  0.039775 -0.212447  0.041700  0.041700  0.041700 -0.663237  0.413851
 -0.697927  0.411240  0.102072  0.016687 -0.000222 -0.018508  0.096370  0.013332
  0.016504  0.039314  0.008320 -0.095222  0.019218  0.019218  0.061039 -0.090866
  0.035504  0.035504 -0.082065  0.040938  0.040938 -0.098205  0.031407  0.031407
  0.178787  0.112946  0.081201 -0.013701 -0.167570  0.033199  0.033199  0.033199
 -0.065279 -0.039466  0.022584  0.022584 -0.331907  0.174475 -0.050854  0.012527
  0.012527  0.012527 -0.213175  0.090710  0.090710 -0.129888  0.047777  0.047777
 -0.005299 -0.005821 -0.005821  0.299486  0.087200 -0.112398  0.021105  0.021105
  0.021105  0.003475  0.002456  0.002456 -0.068306  0.005218  0.005218  0.261480
 -0.040869 -0.205272  0.039775  0.039775  0.039775 -0.212447  0.041700  0.041700
  0.041700 -0.663237  0.413851 -0.697927  0.411240  0.102072  0.016687 -0.000222
 -0.018508  0.096370  0.013332  0.016504  0.039314  0.008320 -0.095222  0.019218
  0.019218  0.061039 -0.090866  0.035504  0.035504 -0.082065  0.040938  0.040938
 -0.098205  0.031407  0.031407  0.178787  0.112946  0.081201 -0.013701 -0.167570
  0.033199  0.033199  0.033199 -0.065279 -0.039466  0.022584  0.022584 -0.331907
  0.174475 -0.050854  0.012527  0.012527  0.012527 -0.213175  0.090710  0.090710
 -0.129888  0.047777  0.047777 -0.005299 -0.005821 -0.005821  0.299486  0.087200
 -0.112398  0.021105  0.021105  0.021105  0.003475  0.002456  0.002456 -0.068306
  0.005218  0.005218  0.261480 -0.040869 -0.205272  0.039775  0.039775  0.039775
 -0.212447  0.041700  0.041700  0.041700 -0.663237  0.413851 -0.697927  0.411240
  0.102072  0.016687 -0.000222 -0.018508  0.096370  0.013332  0.016504  0.039314
  0.008320 -0.095222  0.019218  0.019218  0.061039 -0.090866  0.035504  0.035504
 -0.082065  0.040938  0.040938 -0.098205  0.031407  0.031407  0.178787  0.112946
  0.081201 -0.013701 -0.167570  0.033199  0.033199  0.033199 -0.065279 -0.039466
  0.022584  0.022584 -0.331907  0.174475 -0.050854  0.012527  0.012527  0.012527
 -0.213175  0.090710  0.090710 -0.129888  0.047777  0.047777 -0.005299 -0.005821
 -0.005821  0.299486  0.087200 -0.112398  0.021105  0.021105  0.021105  0.003475
  0.002456  0.002456 -0.068306  0.005218  0.005218  0.261480 -0.040869 -0.205272
  0.039775  0.039775  0.039775 -0.212447  0.041700  0.041700  0.041700 -0.663237
  0.413851 -0.697927  0.411240  0.102072  0.016687 -0.000222 -0.018508  0.096370
  0.013332  0.016504  0.039314  0.008320 -0.095222  0.019218  0.019218  0.061039
 -0.090866  0.035504  0.035504 -0.082065  0.040938  0.040938 -0.098205  0.031407
  0.031407  0.178787  0.112946  0.081201 -0.013701 -0.167570  0.033199  0.033199
  0.033199 -0.065279 -0.039466  0.022584  0.022584 -0.331907  0.174475 -0.050854
  0.012527  0.012527  0.012527 -0.213175  0.090710  0.090710 -0.129888  0.047777
  0.047777 -0.005299 -0.005821 -0.005821  0.299486  0.087200 -0.112398  0.021105
  0.021105  0.021105  0.003475  0.002456  0.002456 -0.068306  0.005218  0.005218
  0.261480 -0.040869 -0.205272  0.039775  0.039775  0.039775 -0.212447  0.041700
  0.041700  0.041700 -0.663237  0.413851 -0.697927  0.411240  0.102072  0.016687
 -0.000222 -0.018508  0.096370  0.013332  0.016504  0.039314  0.008320 -0.095222
  0.019218  0.019218  0.061039 -0.090866  0.035504  0.035504 -0.082065  0.040938
  0.040938 -0.098205  0.031407  0.031407  0.178787  0.112946  0.081201 -0.013701
 -0.167570  0.033199  0.033199  0.033199 -0.065279 -0.039466  0.022584  0.022584
 -0.331907  0.174475 -0.050854  0.012527  0.012527  0.012527 -0.213175  0.090710
  0.090710 -0.129888  0.047777  0.047777 -0.005299 -0.005821 -0.005821  0.299486
  0.087200 -0.112398  0.021105  0.021105  0.021105  0.003475  0.002456  0.002456
 -0.068306  0.005218  0.005218  0.261480 -0.040869 -0.205272  0.039775  0.039775
  0.039775 -0.212447  0.041700  0.041700  0.041700 -0.663237  0.413851 -0.697927
  0.411240  0.102072  0.016687 -0.000222 -0.018508  0.096370  0.013332  0.016504
  0.039314  0.008320 -0.095222  0.019218  0.019218  0.061039 -0.090866  0.035504
  0.035504 -0.082065  0.040938  0.040938 -0.098205  0.031407  0.031407  0.178787
  0.112946  0.081201 -0.013701 -0.167570  0.033199  0.033199  0.033199 -0.065279
 -0.039466  0.022584  0.022584 -0.331907  0.174475 -0.050854  0.012527  0.012527
  0.012527 -0.213175  0.090710  0.090710 -0.129888  0.047777  0.047777 -0.005299
 -0.005821 -0.005821  0.299486  0.087200 -0.112398  0.021105  0.021105  0.021105
  0.003475  0.002456  0.002456 -0.068306  0.005218  0.005218  0.261480 -0.040869
 -0.205272  0.039775  0.039775  0.039775 -0.212447  0.041700  0.041700  0.041700
 -0.663237  0.413851 -0.697927  0.411240  0.102072  0.016687 -0.000222 -0.018508
  0.096370  0.013332  0.016504  0.039314  0.008320 -0.095222  0.019218  0.019218
  0.061039 -0.090866  0.035504  0.035504 -0.082065  0.040938  0.040938 -0.098205
  0.031407  0.031407  0.178787  0.112946  0.081201 -0.013701 -0.167570  0.033199
  0.033199  0.033199 -0.065279 -0.039466  0.022584  0.022584 -0.331907  0.174475
 -0.050854  0.012527  0.012527  0.012527 -0.213175  0.090710  0.090710 -0.129888
  0.047777  0.047777 -0.005299 -0.005821 -0.005821  0.299486  0.087200 -0.112398
  0.021105  0.021105  0.021105  0.003475  0.002456  0.002456 -0.068306  0.005218
  0.005218  0.261480 -0.040869 -0.205272  0.039775  0.039775  0.039775 -0.212447
  0.041700  0.041700  0.041700 -0.663237  0.413851 -0.697927  0.411240  0.102072
  0.016687 -0.000222 -0.018508  0.096370  0.013332  0.016504  0.039314  0.008320
 -0.095222  0.019218  0.019218  0.061039 -0.090866  0.035504  0.035504 -0.082065
  0.040938  0.040938 -0.098205  0.031407  0.031407  0.178787  0.112946  0.081201
 -0.013701 -0.167570  0.033199  0.033199  0.033199 -0.065279 -0.039466  0.022584
  0.022584 -0.331907  0.174475 -0.050854  0.012527  0.012527  0.012527 -0.213175
  0.090710  0.090710 -0.129888  0.047777  0.047777 -0.005299 -0.005821 -0.005821
  0.299486  0.087200 -0.112398  0.021105  0.021105  0.021105  0.003475  0.002456
  0.002456 -0.068306  0.005218  0.005218  0.261480 -0.040869 -0.205272  0.039775
  0.039775  0.039775 -0.212447  0.041700  0.041700  0.041700 -0.663237  0.413851
 -0.697927  0.411240  0.102072  0.016687 -0.000222 -0.018508  0.096370  0.013332
  0.016504  0.039314  0.008320 -0.095222  0.019218  0.019218  0.061039 -0.090866
  0.035504  0.035504 -0.082065  0.040938  0.040938 -0.098205  0.031407  0.031407
  0.178787  0.112946  0.081201 -0.013701 -0.167570  0.033199  0.033199  0.033199
 -0.065279 -0.039466  0.022584  0.022584 -0.331907  0.174475 -0.050854  0.012527
  0.012527  0.012527 -0.213175  0.090710  0.090710 -0.129888  0.047777  0.047777
 -0.005299 -0.005821 -0.005821  0.299486  0.087200 -0.112398  0.021105  0.021105
  0.021105  0.003475  0.002456  0.002456 -0.068306  0.005218  0.005218  0.261480
 -0.040869 -0.205272  0.039775  0.039775  0.039775 -0.212447  0.041700  0.041700
  0.041700 -0.663237  0.413851 -0.697927  0.411240  0.102072  0.016687 -0.000222
 -0.018508  0.096370  0.013332  0.016504  0.039314  0.008320 -0.095222  0.019218
  0.019218  0.061039 -0.090866  0.035504  0.035504 -0.082065  0.040938  0.040938
 -0.098205  0.031407  0.031407  0.178787  0.112946  0.081201 -0.013701 -0.167570
  0.033199  0.033199  0.033199 -0.065279 -0.039466  0.022584  0.022584 -0.331907
  0.174475 -0.050854  0.012527  0.012527  0.012527 -0.213175  0.090710  0.090710
 -0.129888  0.047777  0.047777 -0.005299 -0.005821 -0.005821  0.299486  0.087200
 -0.112398  0.021105  0.021105  0.021105  0.003475  0.002456  0.002456 -0.068306
  0.005218  0.005218  0.261480 -0.040869 -0.205272  0.039775  0.039775  0.039775
 -0.212447  0.041700  0.041700  0.041700 -0.663237  0.413851 -0.697927  0.411240
  0.102072  0.016687 -0.000222 -0.018508  0.096370  0.013332  0.016504  0.039314
  0.008320 -0.095222  0.019218  0.019218  0.061039 -0.090866  0.035504  0.035504
 -0.082065  0.040938  0.040938 -0.098205  0.031407  0.031407  0.178787  0.112946
  0.081201 -0.013701 -0.167570  0.033199  0.033199  0.033199 -0.065279 -0.039466
  0.022584  0.022584 -0.331907  0.174475 -0.050854  0.012527  0.012527  0.012527
 -0.213175  0.090710  0.090710 -0.129888  0.047777  0.047777 -0.005299 -0.005821
 -0.005821  0.299486  0.087200 -0.112398  0.021105  0.021105  0.021105  0.003475
  0.002456  0.002456 -0.068306  0.005218  0.005218  0.261480 -0.040869 -0.205272
  0.039775  0.039775  0.039775 -0.212447  0.041700  0.041700  0.041700 -0.663237
  0.413851 -0.697927  0.411240  0.102072  0.016687 -0.000222 -0.018508  0.096370
  0.013332  0.016504  0.039314  0.008320 -0.095222  0.019218  0.019218  0.061039
 -0.090866  0.035504  0.035504 -0.082065  0.040938  0.040938 -0.098205  0.031407
  0.031407  0.178787  0.112946  0.081201 -0.013701 -0.167570  0.033199  0.033199
  0.033199 -0.065279 -0.039466  0.022584  0.022584 -0.331907  0.174475 -0.050854
  0.012527  0.012527  0.012527 -0.213175  0.090710  0.090710 -0.129888  0.047777
  0.047777 -0.005299 -0.005821 -0.005821  0.299486  0.087200 -0.112398  0.021105
  0.021105  0.021105  0.003475  0.002456  0.002456 -0.068306  0.005218  0.005218
  0.261480 -0.040869 -0.205272  0.039775  0.039775  0.039775 -0.212447  0.041700
  0.041700  0.041700 -0.663237  0.413851 -0.697927  0.411240  0.102072  0.016687
 -0.000222 -0.018508  0.096370  0.013332  0.016504  0.039314  0.008320 -0.095222
  0.019218  0.019218  0.061039 -0.090866  0.035504  0.035504 -0.082065  0.040938
  0.040938 -0.098205  0.031407  0.031407  0.178787  0.112946  0.081201 -0.013701
 -0.167570  0.033199  0.033199  0.033199 -0.065279 -0.039466  0.022584  0.022584
 -0.331907  0.174475 -0.050854  0.012527  0.012527  0.012527 -0.213175  0.090710
  0.090710 -0.129888  0.047777  0.047777 -0.005299 -0.005821 -0.005821  0.299486
  0.087200 -0.112398  0.021105  0.021105  0.021105  0.003475  0.002456  0.002456
 -0.068306  0.005218  0.005218  0.261480 -0.040869 -0.205272  0.039775  0.039775
  0.039775 -0.212447  0.041700  0.041700  0.041700 -0.663237  0.413851 -0.697927
  0.411240  0.102072  0.016687 -0.000222 -0.018508  0.096370  0.013332  0.016504
  0.039314  0.008320 -0.095222  0.019218  0.019218  0.061039 -0.090866  0.035504
  0.035504 -0.082065  0.040938  0.040938 -0.098205  0.031407  0.031407  0.178787
  0.112946  0.081201 -0.013701 -0.167570  0.033199  0.033199  0.033199 -0.065279
 -0.039466  0.022584  0.022584 -0.331907  0.174475 -0.050854  0.012527  0.012527
  0.012527 -0.213175  0.090710  0.090710 -0.129888  0.047777  0.047777 -0.005299
 -0.005821 -0.005821  0.299486  0.087200 -0.112398  0.021105  0.021105  0.021105
  0.003475  0.002456  0.002456 -0.068306  0.005218  0.005218  0.261480 -0.040869
 -0.205272  0.039775  0.039775  0.039775 -0.212447  0.041700  0.041700  0.041700
 -0.663237  0.413851 -0.697927  0.411240  0.102072  0.016687 -0.000222 -0.018508
  0.096370  0.013332  0.016504  0.039314  0.008320 -0.095222  0.019218  0.019218
  0.061039 -0.090866  0.035504  0.035504 -0.082065  0.040938  0.040938 -0.098205
  0.031407  0.031407  0.178787  0.112946  0.081201 -0.013701 -0.167570  0.033199
  0.033199  0.033199 -0.065279 -0.039466  0.022584  0.022584 -0.331907  0.174475
 -0.050854  0.012527  0.012527  0.012527 -0.213175  0.090710  0.090710 -0.129888
  0.047777  0.047777 -0.005299 -0.005821 -0.005821  0.299486  0.087200 -0.112398
  0.021105  0.021105  0.021105  0.003475  0.002456  0.002456 -0.068306  0.005218
  0.005218  0.261480 -0.040869 -0.205272  0.039775  0.039775  0.039775 -0.212447
  0.041700  0.041700  0.041700 -0.663237  0.413851 -0.697927  0.411240  0.102072
  0.016687 -0.000222 -0.018508  0.096370  0.013332  0.016504  0.039314  0.008320
 -0.095222  0.019218  0.019218  0.061039 -0.090866  0.035504  0.035504 -0.082065
  0.040938  0.040938 -0.098205  0.031407  0.031407  0.178787  0.112946  0.081201
 -0.013701 -0.167570  0.033199  0.033199  0.033199 -0.065279 -0.039466  0.022584
  0.022584 -0.331907  0.174475 -0.050854  0.012527  0.012527  0.012527 -0.213175
  0.090710  0.090710 -0.129888  0.047777  0.047777 -0.005299 -0.005821 -0.005821
  0.299486  0.087200 -0.112398  0.021105  0.021105  0.021105  0.003475  0.002456
  0.002456 -0.068306  0.005218  0.005218  0.261480 -0.040869 -0.205272  0.039775
  0.039775  0.039775 -0.212447  0.041700  0.041700  0.041700 -0.663237  0.413851
 -0.697927  0.411240  0.102072  0.016687 -0.000222 -0.018508  0.096370  0.013332
  0.016504  0.039314  0.008320 -0.095222  0.019218  0.019218  0.061039 -0.090866
  0.035504  0.035504 -0.082065  0.040938  0.040938 -0.098205  0.031407  0.031407
  0.178787  0.112946  0.081201 -0.013701 -0.167570  0.033199  0.033199  0.033199
 -0.065279 -0.039466  0.022584  0.022584 -0.331907  0.174475 -0.050854  0.012527
  0.012527  0.012527 -0.213175  0.090710  0.090710 -0.129888  0.047777  0.047777
 -0.005299 -0.005821 -0.005821  0.299486  0.087200 -0.112398  0.021105  0.021105
  0.021105  0.003475  0.002456  0.002456 -0.068306  0.005218  0.005218  0.261480
 -0.040869 -0.205272  0.039775  0.039775  0.039775 -0.212447  0.041700  0.041700
  0.041700 -0.663237  0.413851 -0.697927  0.411240  0.102072  0.016687 -0.000222
 -0.018508  0.096370  0.013332  0.016504  0.039314  0.008320 -0.095222  0.019218
  0.019218  0.061039 -0.090866  0.035504  0.035504 -0.082065  0.040938  0.040938
 -0.098205  0.031407  0.031407  0.178787  0.112946  0.081201 -0.013701 -0.167570
  0.033199  0.033199  0.033199 -0.065279 -0.039466  0.022584  0.022584 -0.331907
  0.174475 -0.050854  0.012527  0.012527  0.012527 -0.213175  0.090710  0.090710
 -0.129888  0.047777  0.047777 -0.005299 -0.005821 -0.005821  0.299486  0.087200
 -0.112398  0.021105  0.021105  0.021105  0.003475  0.002456  0.002456 -0.068306
  0.005218  0.005218  0.261480 -0.040869 -0.205272  0.039775  0.039775  0.039775
 -0.212447  0.041700  0.041700  0.041700 -0.663237  0.413851 -0.697927  0.411240
  0.102072  0.016687 -0.000222 -0.018508  0.096370  0.013332  0.016504  0.039314
  0.008320 -0.095222  0.019218  0.019218  0.061039 -0.090866  0.035504  0.035504
 -0.082065  0.040938  0.040938 -0.098205  0.031407  0.031407  0.178787  0.112946
  0.081201 -0.013701 -0.167570  0.033199  0.033199  0.033199 -0.065279 -0.039466
  0.022584  0.022584 -0.331907  0.174475 -0.050854  0.012527  0.012527  0.012527
 -0.213175  0.090710  0.090710 -0.129888  0.047777  0.047777 -0.005299 -0.005821
 -0.005821  0.299486  0.087200 -0.112398  0.021105  0.021105  0.021105  0.003475
  0.002456  0.002456 -0.068306  0.005218  0.005218  0.261480 -0.040869 -0.205272
  0.039775  0.039775  0.039775 -0.212447  0.041700  0.041700  0.041700 -0.663237
  0.413851 -0.697927  0.411240  0.102072  0.016687 -0.000222 -0.018508  0.096370
  0.013332  0.016504  0.039314  0.008320 -0.095222  0.019218  0.019218  0.061039
 -0.090866  0.035504  0.035504 -0.082065  0.040938  0.040938 -0.098205  0.031407
  0.031407  0.178787  0.112946  0.081201 -0.013701 -0.167570  0.033199  0.033199
  0.033199 -0.065279 -0.039466  0.022584  0.022584 -0.331907  0.174475 -0.050854
  0.012527  0.012527  0.012527 -0.213175  0.090710  0.090710 -0.129888  0.047777
  0.047777 -0.005299 -0.005821 -0.005821  0.299486  0.087200 -0.112398  0.021105
  0.021105  0.021105  0.003475  0.002456  0.002456 -0.068306  0.005218  0.005218
  0.261480 -0.040869 -0.205272  0.039775  0.039775  0.039775 -0.212447  0.041700
  0.041700  0.041700 -0.663237  0.413851 -0.697927  0.411240  0.102072  0.016687
 -0.000222 -0.018508  0.096370  0.013332  0.016504  0.039314  0.008320 -0.095222
  0.019218  0.019218  0.061039 -0.090866  0.035504  0.035504 -0.082065  0.040938
  0.040938 -0.098205  0.031407  0.031407  0.178787  0.112946  0.081201 -0.013701
 -0.167570  0.033199  0.033199  0.033199 -0.065279 -0.039466  0.022584  0.022584
 -0.331907  0.174475 -0.050854  0.012527  0.012527  0.012527 -0.213175  0.090710
  0.090710 -0.129888  0.047777  0.047777 -0.005299 -0.005821 -0.005821  0.299486
  0.087200 -0.112398  0.021105  0.021105  0.021105  0.003475  0.002456  0.002456
 -0.068306  0.005218  0.005218  0.261480 -0.040869 -0.205272  0.039775  0.039775
  0.039775 -0.212447  0.041700  0.041700  0.041700 -0.663237  0.413851 -0.697927
  0.411240  0.102072  0.016687 -0.000222 -0.018508  0.096370  0.013332  0.016504
  0.039314  0.008320 -0.095222  0.019218  0.019218  0.061039 -0.090866  0.035504
  0.035504 -0.082065  0.040938  0.040938 -0.098205  0.031407  0.031407  0.178787
  0.112946  0.081201 -0.013701 -0.167570  0.033199  0.033199  0.033199 -0.065279
 -0.039466  0.022584  0.022584 -0.331907  0.174475 -0.050854  0.012527  0.012527
  0.012527 -0.213175  0.090710  0.090710 -0.129888  0.047777  0.047777 -0.005299
 -0.005821 -0.005821  0.299486  0.087200 -0.112398  0.021105  0.021105  0.021105
  0.003475  0.002456  0.002456 -0.068306  0.005218  0.005218  0.261480 -0.040869
 -0.205272  0.039775  0.039775  0.039775 -0.212447  0.041700  0.041700  0.041700
 -0.663237  0.413851 -0.697927  0.411240  0.102072  0.016687 -0.000222 -0.018508
  0.096370  0.013332  0.016504  0.039314  0.008320 -0.095222  0.019218  0.019218
  0.061039 -0.090866  0.035504  0.035504 -0.082065  0.040938  0.040938 -0.098205
  0.031407  0.031407  0.178787  0.112946  0.081201 -0.013701 -0.167570  0.033199
  0.033199  0.033199 -0.065279 -0.039466  0.022584  0.022584 -0.331907  0.174475
 -0.050854  0.012527  0.012527  0.012527 -0.213175  0.090710  0.090710 -0.129888
  0.047777  0.047777 -0.005299 -0.005821 -0.005821  0.299486  0.087200 -0.112398
  0.021105  0.021105  0.021105  0.003475  0.002456  0.002456 -0.068306  0.005218
  0.005218  0.261480 -0.040869 -0.205272  0.039775  0.039775  0.039775 -0.212447
  0.041700  0.041700  0.041700 -0.663237  0.413851 -0.697927  0.411240  0.102072
  0.016687 -0.000222 -0.018508  0.096370  0.013332  0.016504  0.039314  0.008320
 -0.095222  0.019218  0.019218  0.061039 -0.090866  0.035504  0.035504 -0.082065
  0.040938  0.040938 -0.098205  0.031407  0.031407  0.178787  0.112946  0.081201
 -0.013701 -0.167570  0.033199  0.033199  0.033199 -0.065279 -0.039466  0.022584
  0.022584 -0.331907  0.174475 -0.050854  0.012527  0.012527  0.012527 -0.213175
  0.090710  0.090710 -0.129888  0.047777  0.047777 -0.005299 -0.005821 -0.005821
  0.299486  0.087200 -0.112398  0.021105  0.021105  0.021105  0.003475  0.002456
  0.002456 -0.068306  0.005218  0.005218  0.261480 -0.040869 -0.205272  0.039775
  0.039775  0.039775 -0.212447  0.041700  0.041700  0.041700 -0.663237  0.413851
 -0.697927  0.411240  0.102072  0.016687 -0.000222 -0.018508  0.096370  0.013332
  0.016504  0.039314  0.008320 -0.095222  0.019218  0.019218  0.061039 -0.090866
  0.035504  0.035504 -0.082065  0.040938  0.040938 -0.098205  0.031407  0.031407
  0.178787  0.112946  0.081201 -0.013701 -0.167570  0.033199  0.033199  0.033199
 -0.065279 -0.039466  0.022584  0.022584 -0.331907  0.174475 -0.050854  0.012527
  0.012527  0.012527 -0.213175  0.090710  0.090710 -0.129888  0.047777  0.047777
 -0.005299 -0.005821 -0.005821  0.299486  0.087200 -0.112398  0.021105  0.021105
  0.021105  0.003475  0.002456  0.002456 -0.068306  0.005218  0.005218  0.261480
 -0.040869 -0.205272  0.039775  0.039775  0.039775 -0.212447  0.041700  0.041700
  0.041700 -0.663237  0.413851 -0.697927  0.411240  0.102072  0.016687 -0.000222
 -0.018508  0.096370  0.013332  0.016504  0.039314  0.008320 -0.095222  0.019218
  0.019218  0.061039 -0.090866  0.035504  0.035504 -0.082065  0.040938  0.040938
 -0.098205  0.031407  0.031407  0.178787  0.112946  0.081201 -0.013701 -0.167570
  0.033199  0.033199  0.033199 -0.065279 -0.039466  0.022584  0.022584 -0.331907
  0.174475 -0.050854  0.012527  0.012527  0.012527 -0.213175  0.090710  0.090710
 -0.129888  0.047777  0.047777 -0.005299 -0.005821 -0.005821  0.299486  0.087200
 -0.112398  0.021105  0.021105  0.021105  0.003475  0.002456  0.002456 -0.068306
  0.005218  0.005218  0.261480 -0.040869 -0.205272  0.039775  0.039775  0.039775
 -0.212447  0.041700  0.041700  0.041700 -0.663237  0.413851 -0.697927  0.411240
  0.102072  0.016687 -0.000222 -0.018508  0.096370  0.013332  0.016504  0.039314
  0.008320 -0.095222  0.019218  0.019218  0.061039 -0.090866  0.035504  0.035504
 -0.082065  0.040938  0.040938 -0.098205  0.031407  0.031407  0.178787  0.112946
  0.081201 -0.013701 -0.167570  0.033199  0.033199  0.033199 -0.065279 -0.039466
  0.022584  0.022584 -0.331907  0.174475 -0.050854  0.012527  0.012527  0.012527
 -0.213175  0.090710  0.090710 -0.129888  0.047777  0.047777 -0.005299 -0.005821
 -0.005821  0.299486  0.087200 -0.112398  0.021105  0.021105  0.021105  0.003475
  0.002456  0.002456 -0.068306  0.005218  0.005218  0.261480 -0.040869 -0.205272
  0.039775  0.039775  0.039775 -0.212447  0.041700  0.041700  0.041700 -0.663237
  0.413851 -0.697927  0.411240  0.102072  0.016687 -0.000222 -0.018508  0.096370
  0.013332  0.016504  0.039314  0.008320 -0.095222  0.019218  0.019218  0.061039
 -0.090866  0.035504  0.035504 -0.082065  0.040938  0.040938 -0.098205  0.031407
  0.031407  0.178787  0.112946  0.081201 -0.013701 -0.167570  0.033199  0.033199
  0.033199 -0.065279 -0.039466  0.022584  0.022584 -0.331907  0.174475 -0.050854
  0.012527  0.012527  0.012527 -0.213175  0.090710  0.090710 -0.129888  0.047777
  0.047777 -0.005299 -0.005821 -0.005821  0.299486  0.087200 -0.112398  0.021105
  0.021105  0.021105  0.003475  0.002456  0.002456 -0.068306  0.005218  0.005218
  0.261480 -0.040869 -0.205272  0.039775  0.039775  0.039775 -0.212447  0.041700
  0.041700  0.041700 -0.663237  0.413851 -0.697927  0.411240  0.102072  0.016687
 -0.000222 -0.018508  0.096370  0.013332  0.016504  0.039314  0.008320 -0.095222
  0.019218  0.019218  0.061039 -0.090866  0.035504  0.035504 -0.082065  0.040938
  0.040938 -0.098205  0.031407  0.031407  0.178787  0.112946  0.081201 -0.013701
 -0.167570  0.033199  0.033199  0.033199 -0.065279 -0.039466  0.022584  0.022584
 -0.331907  0.174475 -0.050854  0.012527  0.012527  0.012527 -0.213175  0.090710
  0.090710 -0.129888  0.047777  0.047777 -0.005299 -0.005821 -0.005821  0.299486
  0.087200 -0.112398  0.021105  0.021105  0.021105  0.003475  0.002456  0.002456
 -0.068306  0.005218  0.005218  0.261480 -0.040869 -0.205272  0.039775  0.039775
  0.039775 -0.212447  0.041700  0.041700  0.041700 -0.663237  0.413851 -0.697927
  0.411240  0.102072  0.016687 -0.000222 -0.018508  0.096370  0.013332  0.016504
  0.039314  0.008320 -0.095222  0.019218  0.019218  0.061039 -0.090866  0.035504
  0.035504 -0.082065  0.040938  0.040938 -0.098205  0.031407  0.031407  0.178787
  0.112946  0.081201 -0.013701 -0.167570  0.033199  0.033199  0.033199 -0.065279
 -0.039466  0.022584  0.022584 -0.331907  0.174475 -0.050854  0.012527  0.012527
  0.012527 -0.213175  0.090710  0.090710 -0.129888  0.047777  0.047777 -0.005299
 -0.005821 -0.005821  0.299486  0.087200 -0.112398  0.021105  0.021105  0.021105
  0.003475  0.002456  0.002456 -0.068306  0.005218  0.005218  0.261480 -0.040869
 -0.205272  0.039775  0.039775  0.039775 -0.212447  0.041700  0.041700  0.041700
 -0.663237  0.413851 -0.697927  0.411240  0.102072  0.016687 -0.000222 -0.018508
  0.096370  0.013332  0.016504  0.039314  0.008320 -0.095222  0.019218  0.019218
  0.061039 -0.090866  0.035504  0.035504 -0.082065  0.040938  0.040938 -0.098205
  0.031407  0.031407  0.178787  0.112946  0.081201 -0.013701 -0.167570  0.033199
  0.033199  0.033199 -0.065279 -0.039466  0.022584  0.022584 -0.331907  0.174475
 -0.050854  0.012527  0.012527  0.012527 -0.213175  0.090710  0.090710 -0.129888
  0.047777  0.047777 -0.005299 -0.005821 -0.005821  0.299486  0.087200 -0.112398
  0.021105  0.021105  0.021105  0.003475  0.002456  0.002456 -0.068306  0.005218
  0.005218  0.261480 -0.040869 -0.205272  0.039775  0.039775  0.039775 -0.212447
  0.041700  0.041700  0.041700 -0.663237  0.413851 -0.697927  0.411240  0.102072
  0.016687 -0.000222 -0.018508  0.096370  0.013332  0.016504  0.039314  0.008320
 -0.095222  0.019218  0.019218  0.061039 -0.090866  0.035504  0.035504 -0.082065
  0.040938  0.040938 -0.098205  0.031407  0.031407  0.178787  0.112946  0.081201
 -0.013701 -0.167570  0.033199  0.033199  0.033199 -0.065279 -0.039466  0.022584
  0.022584 -0.331907  0.174475 -0.050854  0.012527  0.012527  0.012527 -0.213175
  0.090710  0.090710 -0.129888  0.047777  0.047777 -0.005299 -0.005821 -0.005821
  0.299486  0.087200 -0.112398  0.021105  0.021105  0.021105  0.003475  0.002456
  0.002456 -0.068306  0.005218  0.005218  0.261480 -0.040869 -0.205272  0.039775
  0.039775  0.039775 -0.212447  0.041700  0.041700  0.041700 -0.663237  0.413851
 -0.697927  0.411240  0.102072  0.016687 -0.000222 -0.018508  0.096370  0.013332
  0.016504  0.039314  0.008320 -0.095222  0.019218  0.019218  0.061039 -0.090866
  0.035504  0.035504 -0.082065  0.040938  0.040938 -0.098205  0.031407  0.031407
  0.178787  0.112946  0.081201 -0.013701 -0.167570  0.033199  0.033199  0.033199
 -0.065279 -0.039466  0.022584  0.022584 -0.331907  0.174475 -0.050854  0.012527
  0.012527  0.012527 -0.213175  0.090710  0.090710 -0.129888  0.047777  0.047777
 -0.005299 -0.005821 -0.005821  0.299486  0.087200 -0.112398  0.021105  0.021105
  0.021105  0.003475  0.002456  0.002456 -0.068306  0.005218  0.005218  0.261480
 -0.040869 -0.205272  0.039775  0.039775  0.039775 -0.212447  0.041700  0.041700
  0.041700 -0.663237  0.413851 -0.697927  0.411240  0.102072  0.016687 -0.000222
 -0.018508  0.096370  0.013332  0.016504  0.039314  0.008320 -0.095222  0.019218
  0.019218  0.061039 -0.090866  0.035504  0.035504 -0.082065  0.040938  0.040938
 -0.098205  0.031407  0.031407  0.178787  0.112946  0.081201 -0.013701 -0.167570
  0.033199  0.033199  0.033199 -0.065279 -0.039466  0.022584  0.022584 -0.331907
  0.174475 -0.050854  0.012527  0.012527  0.012527 -0.213175  0.090710  0.090710
 -0.129888  0.047777  0.047777 -0.005299 -0.005821 -0.005821  0.299486  0.087200
 -0.112398  0.021105  0.021105  0.021105  0.003475  0.002456  0.002456 -0.068306
  0.005218  0.005218  0.261480 -0.040869 -0.205272  0.039775  0.039775  0.039775
 -0.212447  0.041700  0.041700  0.041700 -0.663237  0.413851 -0.697927  0.411240
  0.102072  0.016687 -0.000222 -0.018508  0.096370  0.013332  0.016504  0.039314
  0.008320 -0.095222  0.019218  0.019218  0.061039 -0.090866  0.035504  0.035504
 -0.082065  0.040938  0.040938 -0.098205  0.031407  0.031407  0.178787  0.112946
  0.081201 -0.013701 -0.167570  0.033199  0.033199  0.033199 -0.065279 -0.039466
  0.022584  0.022584 -0.331907  0.174475 -0.050854  0.012527  0.012527  0.012527
 -0.213175  0.090710  0.090710 -0.129888  0.047777  0.047777 -0.005299 -0.005821
 -0.005821  0.299486  0.087200 -0.112398  0.021105  0.021105  0.021105  0.003475
  0.002456  0.002456 -0.068306  0.005218  0.005218  0.261480 -0.040869 -0.205272
  0.039775  0.039775  0.039775 -0.212447  0.041700  0.041700  0.041700 -0.663237
  0.413851 -0.697927  0.411240  0.102072  0.016687 -0.000222 -0.018508  0.096370
  0.013332  0.016504  0.039314  0.008320 -0.095222  0.019218  0.019218  0.061039
 -0.090866  0.035504  0.035504 -0.082065  0.040938  0.040938 -0.098205  0.031407
  0.031407  0.178787  0.112946  0.081201 -0.013701 -0.167570  0.033199  0.033199
  0.033199 -0.065279 -0.039466  0.022584  0.022584 -0.331907  0.174475 -0.050854
  0.012527  0.012527  0.012527 -0.213175  0.090710  0.090710 -0.129888  0.047777
  0.047777 -0.005299 -0.005821 -0.005821  0.299486  0.087200 -0.112398  0.021105
  0.021105  0.021105  0.003475  0.002456  0.002456 -0.068306  0.005218  0.005218
  0.261480 -0.040869 -0.205272  0.039775  0.039775  0.039775 -0.212447  0.041700
  0.041700  0.041700 -0.663237  0.413851 -0.697927  0.411240  0.102072  0.016687
 -0.000222 -0.018508  0.096370  0.013332  0.016504  0.039314  0.008320 -0.095222
  0.019218  0.019218  0.061039 -0.090866  0.035504  0.035504 -0.082065  0.040938
  0.040938 -0.098205  0.031407  0.031407  0.178787  0.112946  0.081201 -0.013701
 -0.167570  0.033199  0.033199  0.033199 -0.065279 -0.039466  0.022584  0.022584
 -0.331907  0.174475 -0.050854  0.012527  0.012527  0.012527 -0.213175  0.090710
  0.090710 -0.129888  0.047777  0.047777 -0.005299 -0.005821 -0.005821  0.299486
  0.087200 -0.112398  0.021105  0.021105  0.021105  0.003475  0.002456  0.002456
 -0.068306  0.005218  0.005218  0.261480 -0.040869 -0.205272  0.039775  0.039775
  0.039775 -0.212447  0.041700  0.041700  0.041700 -0.663237  0.413851 -0.697927
  0.411240  0.102072  0.016687 -0.000222 -0.018508  0.096370  0.013332  0.016504
  0.039314  0.008320 -0.095222  0.019218  0.019218  0.061039 -0.090866  0.035504
  0.035504 -0.082065  0.040938  0.040938 -0.098205  0.031407  0.031407  0.178787
  0.112946  0.081201 -0.013701 -0.167570  0.033199  0.033199  0.033199 -0.065279
 -0.039466  0.022584  0.022584 -0.331907  0.174475 -0.050854  0.012527  0.012527
  0.012527 -0.213175  0.090710  0.090710 -0.129888  0.047777  0.047777 -0.005299
 -0.005821 -0.005821  0.299486  0.087200 -0.112398  0.021105  0.021105  0.021105
  0.003475  0.002456  0.002456 -0.068306  0.005218  0.005218  0.261480 -0.040869
 -0.205272  0.039775  0.039775  0.039775 -0.212447  0.041700  0.041700  0.041700
 -0.663237  0.413851 -0.697927  0.411240  0.102072  0.016687 -0.000222 -0.018508
  0.096370  0.013332  0.016504  0.039314  0.008320 -0.095222  0.019218  0.019218
  0.061039 -0.090866  0.035504  0.035504 -0.082065  0.040938  0.040938 -0.098205
  0.031407  0.031407  0.178787  0.112946  0.081201 -0.013701 -0.167570  0.033199
  0.033199  0.033199 -0.065279 -0.039466  0.022584  0.022584 -0.331907  0.174475
 -0.050854  0.012527  0.012527  0.012527 -0.213175  0.090710  0.090710 -0.129888
  0.047777  0.047777 -0.005299 -0.005821 -0.005821  0.299486  0.087200 -0.112398
  0.021105  0.021105  0.021105  0.003475  0.002456  0.002456 -0.068306  0.005218
  0.005218  0.261480 -0.040869 -0.205272  0.039775  0.039775  0.039775 -0.212447
  0.041700  0.041700  0.041700 -0.663237  0.413851 -0.697927  0.411240  0.102072
  0.016687 -0.000222 -0.018508  0.096370  0.013332  0.016504  0.039314  0.008320
 -0.095222  0.019218  0.019218  0.061039 -0.090866  0.035504  0.035504 -0.082065
  0.040938  0.040938 -0.098205  0.031407  0.031407  0.178787  0.112946  0.081201
 -0.013701 -0.167570  0.033199  0.033199  0.033199 -0.065279 -0.039466  0.022584
  0.022584 -0.331907  0.174475 -0.050854  0.012527  0.012527  0.012527 -0.213175
  0.090710  0.090710 -0.129888  0.047777  0.047777 -0.005299 -0.005821 -0.005821
  0.299486  0.087200 -0.112398  0.021105  0.021105  0.021105  0.003475  0.002456
  0.002456 -0.068306  0.005218  0.005218  0.261480 -0.040869 -0.205272  0.039775
  0.039775  0.039775 -0.212447  0.041700  0.041700  0.041700 -0.663237  0.413851
 -0.697927  0.411240  0.102072  0.016687 -0.000222 -0.018508  0.096370  0.013332
  0.016504  0.039314  0.008320 -0.095222  0.019218  0.019218  0.061039 -0.090866
  0.035504  0.035504 -0.082065  0.040938  0.040938 -0.098205  0.031407  0.031407
  0.178787  0.112946  0.081201 -0.013701 -0.167570  0.033199  0.033199  0.033199
 -0.065279 -0.039466  0.022584  0.022584 -0.331907  0.174475 -0.050854  0.012527
  0.012527  0.012527 -0.213175  0.090710  0.090710 -0.129888  0.047777  0.047777
 -0.005299 -0.005821 -0.005821  0.299486  0.087200 -0.112398  0.021105  0.021105
  0.021105  0.003475  0.002456  0.002456 -0.068306  0.005218  0.005218  0.261480
 -0.040869 -0.205272  0.039775  0.039775  0.039775 -0.212447  0.041700  0.041700
  0.041700 -0.663237  0.413851 -0.697927  0.411240  0.102072  0.016687 -0.000222
 -0.018508  0.096370  0.013332  0.016504  0.039314  0.008320 -0.095222  0.019218
  0.019218  0.061039 -0.090866  0.035504  0.035504 -0.082065  0.040938  0.040938
 -0.098205  0.031407  0.031407  0.178787  0.112946  0.081201 -0.013701 -0.167570
  0.033199  0.033199  0.033199 -0.065279 -0.039466  0.022584  0.022584 -0.331907
  0.174475 -0.050854  0.012527  0.012527  0.012527 -0.213175  0.090710  0.090710
 -0.129888  0.047777  0.047777 -0.005299 -0.005821 -0.005821  0.299486  0.087200
 -0.112398  0.021105  0.021105  0.021105  0.003475  0.002456  0.002456 -0.068306
  0.005218  0.005218  0.261480 -0.040869 -0.205272  0.039775  0.039775  0.039775
 -0.212447  0.041700  0.041700  0.041700
