 -0.727587  0.403744 -0.738274  0.409170  0.434599  0.201431 -0.058782 -0.053069
 -0.047517  0.005235 -0.035922 -0.076357 -0.021701 -0.209578  0.007821  0.026160
  0.368847 -0.195440  0.059687  0.006718  0.077417 -0.014258 -0.022761  0.019982
 -0.003424  0.000921  0.522264 -0.002613  0.278292 -0.065394 -0.466632  0.095865
  0.102005  0.084640 -0.069163 -0.117709 -0.005963  0.041529 -0.475764  0.178452
 -0.198640  0.018609  0.047186  0.032148 -0.111204  0.046495  0.031332 -0.123703
  0.011190  0.040323 -0.069494 -0.006700 -0.003604  0.461276  0.011996 -0.326299
  0.061942  0.071359  0.066636  0.113873 -0.031287 -0.032561 -0.090188 -0.004989
 -0.004509  0.419822 -0.086940 -0.295744  0.055613  0.057232  0.052087 -0.296751
  0.056831  0.057024  0.052772 -0.727587  0.403744 -0.738274  0.409170  0.434599
  0.201431 -0.058782 -0.053069 -0.047517  0.005235 -0.035922 -0.076357 -0.021701
 -0.209578  0.007821  0.026160  0.368847 -0.195440  0.059687  0.006718  0.077417
 -0.014258 -0.022761  0.019982 -0.003424  0.000921  0.522264 -0.002613  0.278292
 -0.065394 -0.466632  0.095865  0.102005  0.084640 -0.069163 -0.117709 -0.005963
  0.041529 -0.475764  0.178452 -0.198640  0.018609  0.047186  0.032148 -0.111204
  0.046495  0.031332 -0.123703  0.011190  0.040323 -0.069494 -0.006700 -0.003604
  0.461276  0.011996 -0.326299  0.061942  0.071359  0.066636  0.113873 -0.031287
 -0.032561 -0.090188 -0.004989 -0.004509  0.419822 -0.086940 -0.295744  0.055613
  0.057232  0.052087 -0.296751  0.056831  0.057024  0.052772 -0.727587  0.403744
 -0.738274  0.409170  0.434599  0.201431 -0.058782 -0.053069 -0.047517  0.005235
 -0.035922 -0.076357 -0.021701 -0.209578  0.007821  0.026160  0.368847 -0.195440
  0.059687  0.006718  0.077417 -0.014258 -0.022761  0.019982 -0.003424  0.000921
  0.522264 -0.002613  0.278292 -0.065394 -0.466632  0.095865  0.102005  0.084640
 -0.069163 -0.117709 -0.005963  0.041529 -0.475764  0.178452 -0.198640  0.018609
  0.047186  0.032148 -0.111204  0.046495  0.031332 -0.123703  0.011190  0.040323
 -0.069494 -0.006700 -0.003604  0.461276  0.011996 -0.326299  0.061942  0.071359
  0.066636  0.113873 -0.031287 -0.032561 -0.090188 -0.004989 -0.004509  0.419822
 -0.086940 -0.295744  0.055613  0.057232  0.052087 -0.296751  0.056831  0.057024
  0.052772 -0.727587  0.403744 -0.738274  0.409170  0.434599  0.201431 -0.058782
 -0.053069 -0.047517  0.005235 -0.035922 -0.076357 -0.021701 -0.209578  0.007821
  0.026160  0.368847 -0.195440  0.059687  0.006718  0.077417 -0.014258 -0.022761
  0.019982 -0.003424  0.000921  0.522264 -0.002613  0.278292 -0.065394 -0.466632
  0.095865  0.102005  0.084640 -0.069163 -0.117709 -0.005963  0.041529 -0.475764
  0.178452 -0.198640  0.018609  0.047186  0.032148 -0.111204  0.046495  0.031332
 -0.123703  0.011190  0.040323 -0.069494 -0.006700 -0.003604  0.461276  0.011996
 -0.326299  0.061942  0.071359  0.066636  0.113873 -0.031287 -0.032561 -0.090188
 -0.004989 -0.004509  0.419822 -0.086940 -0.295744  0.055613  0.057232  0.052087
 -0.296751  0.056831  0.057024  0.052772 -0.727587  0.403744 -0.738274  0.409170
  0.434599  0.201431 -0.058782 -0.053069 -0.047517  0.005235 -0.035922 -0.076357
 -0.021701 -0.209578  0.007821  0.026160  0.368847 -0.195440  0.059687  0.006718
  0.077417 -0.014258 -0.022761  0.019982 -0.003424  0.000921  0.522264 -0.002613
  0.278292 -0.065394 -0.466632  0.095865  0.102005  0.084640 -0.069163 -0.117709
 -0.005963  0.041529 -0.475764  0.178452 -0.198640  0.018609  0.047186  0.032148
 -0.111204  0.046495  0.031332 -0.123703  0.011190  0.040323 -0.069494 -0.006700
 -0.003604  0.461276  0.011996 -0.326299  0.061942  0.071359  0.066636  0.113873
 -0.031287 -0.032561 -0.090188 -0.004989 -0.004509  0.419822 -0.086940 -0.295744
  0.055613  0.057232  0.052087 -0.296751  0.056831  0.057024  0.052772 -0.727587
  0.403744 -0.738274  0.409170  0.434599  0.201431 -0.058782 -0.053069 -0.047517
  0.005235 -0.035922 -0.076357 -0.021701 -0.209578  0.007821  0.026160  0.368847
 -0.195440  0.059687  0.006718  0.077417 -0.014258 -0.022761  0.019982 -0.003424
  0.000921  0.522264 -0.002613  0.278292 -0.065394 -0.466632  0.095865  0.102005
  0.084640 -0.069163 -0.117709 -0.005963  0.041529 -0.475764  0.178452 -0.198640
  0.018609  0.047186  0.032148 -0.111204  0.046495  0.031332 -0.123703  0.011190
  0.040323 -0.069494 -0.006700 -0.003604  0.461276  0.011996 -0.326299  0.061942
  0.071359  0.066636  0.113873 -0.031287 -0.032561 -0.090188 -0.004989 -0.004509
  0.419822 -0.086940 -0.295744  0.055613  0.057232  0.052087 -0.296751  0.056831
  0.057024  0.052772 -0.727587  0.403744 -0.738274  0.409170  0.434599  0.201431
 -0.058782 -0.053069 -0.047517  0.005235 -0.035922 -0.076357 -0.021701 -0.209578
  0.007821  0.026160  0.368847 -0.195440  0.059687  0.006718  0.077417 -0.014258
 -0.022761  0.019982 -0.003424  0.000921  0.522264 -0.002613  0.278292 -0.065394
 -0.466632  0.095865  0.102005  0.084640 -0.069163 -0.117709 -0.005963  0.041529
 -0.475764  0.178452 -0.198640  0.018609  0.047186  0.032148 -0.111204  0.046495
  0.031332 -0.123703  0.011190  0.040323 -0.069494 -0.006700 -0.003604  0.461276
  0.011996 -0.326299  0.061942  0.071359  0.066636  0.113873 -0.031287 -0.032561
 -0.090188 -0.004989 -0.004509  0.419822 -0.086940 -0.295744  0.055613  0.057232
  0.052087 -0.296751  0.056831  0.057024  0.052772 -0.727587  0.403744 -0.738274
  0.409170  0.434599  0.201431 -0.058782 -0.053069 -0.047517  0.005235 -0.035922
 -0.076357 -0.021701 -0.209578  0.007821  0.026160  0.368847 -0.195440  0.059687
  0.006718  0.077417 -0.014258 -0.022761  0.019982 -0.003424  0.000921  0.522264
 -0.002613  0.278292 -0.065394 -0.466632  0.095865  0.102005  0.084640 -0.069163
 -0.117709 -0.005963  0.041529 -0.475764  0.178452 -0.198640  0.018609  0.047186
  0.032148 -0.111204  0.046495  0.031332 -0.123703  0.011190  0.040323 -0.069494
 -0.006700 -0.003604  0.461276  0.011996 -0.326299  0.061942  0.071359  0.066636
  0.113873 -0.031287 -0.032561 -0.090188 -0.004989 -0.004509  0.419822 -0.086940
 -0.295744  0.055613  0.057232  0.052087 -0.296751  0.056831  0.057024  0.052772
 -0.727587  0.403744 -0.738274  0.409170  0.434599  0.201431 -0.058782 -0.053069
 -0.047517  0.005235 -0.035922 -0.076357 -0.021701 -0.209578  0.007821  0.026160
  0.368847 -0.195440  0.059687  0.006718  0.077417 -0.014258 -0.022761  0.019982
 -0.003424  0.000921  0.522264 -0.002613  0.278292 -0.065394 -0.466632  0.095865
  0.102005  0.084640 -0.069163 -0.117709 -0.005963  0.041529 -0.475764  0.178452
 -0.198640  0.018609  0.047186  0.032148 -0.111204  0.046495  0.031332 -0.123703
  0.011190  0.040323 -0.069494 -0.006700 -0.003604  0.461276  0.011996 -0.326299
  0.061942  0.071359  0.066636  0.113873 -0.031287 -0.032561 -0.090188 -0.004989
 -0.004509  0.419822 -0.086940 -0.295744  0.055613  0.057232  0.052087 -0.296751
  0.056831  0.057024  0.052772 -0.727587  0.403744 -0.738274  0.409170  0.434599
  0.201431 -0.058782 -0.053069 -0.047517  0.005235 -0.035922 -0.076357 -0.021701
 -0.209578  0.007821  0.026160  0.368847 -0.195440  0.059687  0.006718  0.077417
 -0.014258 -0.022761  0.019982 -0.003424  0.000921  0.522264 -0.002613  0.278292
 -0.065394 -0.466632  0.095865  0.102005  0.084640 -0.069163 -0.117709 -0.005963
  0.041529 -0.475764  0.178452 -0.198640  0.018609  0.047186  0.032148 -0.111204
  0.046495  0.031332 -0.123703  0.011190  0.040323 -0.069494 -0.006700 -0.003604
  0.461276  0.011996 -0.326299  0.061942  0.071359  0.066636  0.113873 -0.031287
 -0.032561 -0.090188 -0.004989 -0.004509  0.419822 -0.086940 -0.295744  0.055613
  0.057232  0.052087 -0.296751  0.056831  0.057024  0.052772 -0.727587  0.403744
 -0.738274  0.409170  0.434599  0.201431 -0.058782 -0.053069 -0.047517  0.005235
 -0.035922 -0.076357 -0.021701 -0.209578  0.007821  0.026160  0.368847 -0.195440
  0.059687  0.006718  0.077417 -0.014258 -0.022761  0.019982 -0.003424  0.000921
  0.522264 -0.002613  0.278292 -0.065394 -0.466632  0.095865  0.102005  0.084640
 -0.069163 -0.117709 -0.005963  0.041529 -0.475764  0.178452 -0.198640  0.018609
  0.047186  0.032148 -0.111204  0.046495  0.031332 -0.123703  0.011190  0.040323
 -0.069494 -0.006700 -0.003604  0.461276  0.011996 -0.326299  0.061942  0.071359
  0.066636  0.113873 -0.031287 -0.032561 -0.090188 -0.004989 -0.004509  0.419822
 -0.086940 -0.295744  0.055613  0.057232  0.052087 -0.296751  0.056831  0.057024
  0.052772 -0.727587  0.403744 -0.738274  0.409170  0.434599  0.201431 -0.058782
 -0.053069 -0.047517  0.005235 -0.035922 -0.076357 -0.021701 -0.209578  0.007821
  0.026160  0.368847 -0.195440  0.059687  0.006718  0.077417 -0.014258 -0.022761
  0.019982 -0.003424  0.000921  0.522264 -0.002613  0.278292 -0.065394 -0.466632
  0.095865  0.102005  0.084640 -0.069163 -0.117709 -0.005963  0.041529 -0.475764
  0.178452 -0.198640  0.018609  0.047186  0.032148 -0.111204  0.046495  0.031332
 -0.123703  0.011190  0.040323 -0.069494 -0.006700 -0.003604  0.461276  0.011996
 -0.326299  0.061942  0.071359  0.066636  0.113873 -0.031287 -0.032561 -0.090188
 -0.004989 -0.004509  0.419822 -0.086940 -0.295744  0.055613  0.057232  0.052087
 -0.296751  0.056831  0.057024  0.052772 -0.727587  0.403744 -0.738274  0.409170
  0.434599  0.201431 -0.058782 -0.053069 -0.047517  0.005235 -0.035922 -0.076357
 -0.021701 -0.209578  0.007821  0.026160  0.368847 -0.195440  0.059687  0.006718
  0.077417 -0.014258 -0.022761  0.019982 -0.003424  0.000921  0.522264 -0.002613
  0.278292 -0.065394 -0.466632  0.095865  0.102005  0.084640 -0.069163 -0.117709
 -0.005963  0.041529 -0.475764  0.178452 -0.198640  0.018609  0.047186  0.032148
 -0.111204  0.046495  0.031332 -0.123703  0.011190  0.040323 -0.069494 -0.006700
 -0.003604  0.461276  0.011996 -0.326299  0.061942  0.071359  0.066636  0.113873
 -0.031287 -0.032561 -0.090188 -0.004989 -0.004509  0.419822 -0.086940 -0.295744
  0.055613  0.057232  0.052087 -0.296751  0.056831  0.057024  0.052772 -0.727587
  0.403744 -0.738274  0.409170  0.434599  0.201431 -0.058782 -0.053069 -0.047517
  0.005235 -0.035922 -0.076357 -0.021701 -0.209578  0.007821  0.026160  0.368847
 -0.195440  0.059687  0.006718  0.077417 -0.014258 -0.022761  0.019982 -0.003424
  0.000921  0.522264 -0.002613  0.278292 -0.065394 -0.466632  0.095865  0.102005
  0.084640 -0.069163 -0.117709 -0.005963  0.041529 -0.475764  0.178452 -0.198640
  0.018609  0.047186  0.032148 -0.111204  0.046495  0.031332 -0.123703  0.011190
  0.040323 -0.069494 -0.006700 -0.003604  0.461276  0.011996 -0.326299  0.061942
  0.071359  0.066636  0.113873 -0.031287 -0.032561 -0.090188 -0.004989 -0.004509
  0.419822 -0.086940 -0.295744  0.055613  0.057232  0.052087 -0.296751  0.056831
  0.057024  0.052772 -0.727587  0.403744 -0.738274  0.409170  0.434599  0.201431
 -0.058782 -0.053069 -0.047517  0.005235 -0.035922 -0.076357 -0.021701 -0.209578
  0.007821  0.026160  0.368847 -0.195440  0.059687  0.006718  0.077417 -0.014258
 -0.022761  0.019982 -0.003424  0.000921  0.522264 -0.002613  0.278292 -0.065394
 -0.466632  0.095865  0.102005  0.084640 -0.069163 -0.117709 -0.005963  0.041529
 -0.475764  0.178452 -0.198640  0.018609  0.047186  0.032148 -0.111204  0.046495
  0.031332 -0.123703  0.011190  0.040323 -0.069494 -0.006700 -0.003604  0.461276
  0.011996 -0.326299  0.061942  0.071359  0.066636  0.113873 -0.031287 -0.032561
 -0.090188 -0.004989 -0.004509  0.419822 -0.086940 -0.295744  0.055613  0.057232
  0.052087 -0.296751  0.056831  0.057024  0.052772 -0.727587  0.403744 -0.738274
  0.409170  0.434599  0.201431 -0.058782 -0.053069 -0.047517  0.005235 -0.035922
 -0.076357 -0.021701 -0.209578  0.007821  0.026160  0.368847 -0.195440  0.059687
  0.006718  0.077417 -0.014258 -0.022761  0.019982 -0.003424  0.000921  0.522264
 -0.002613  0.278292 -0.065394 -0.466632  0.095865  0.102005  0.084640 -0.069163
 -0.117709 -0.005963  0.041529 -0.475764  0.178452 -0.198640  0.018609  0.047186
  0.032148 -0.111204  0.046495  0.031332 -0.123703  0.011190  0.040323 -0.069494
 -0.006700 -0.003604  0.461276  0.011996 -0.326299  0.061942  0.071359  0.066636
  0.113873 -0.031287 -0.032561 -0.090188 -0.004989 -0.004509  0.419822 -0.086940
 -0.295744  0.055613  0.057232  0.052087 -0.296751  0.056831  0.057024  0.052772
 -0.727587  0.403744 -0.738274  0.409170  0.434599  0.201431 -0.058782 -0.053069
 -0.047517  0.005235 -0.035922 -0.076357 -0.021701 -0.209578  0.007821  0.026160
  0.368847 -0.195440  0.059687  0.006718  0.077417 -0.014258 -0.022761  0.019982
 -0.003424  0.000921  0.522264 -0.002613  0.278292 -0.065394 -0.466632  0.095865
  0.102005  0.084640 -0.069163 -0.117709 -0.005963  0.041529 -0.475764  0.178452
 -0.198640  0.018609  0.047186  0.032148 -0.111204  0.046495  0.031332 -0.123703
  0.011190  0.040323 -0.069494 -0.006700 -0.003604  0.461276  0.011996 -0.326299
  0.061942  0.071359  0.066636  0.113873 -0.031287 -0.032561 -0.090188 -0.004989
 -0.004509  0.419822 -0.086940 -0.295744  0.055613  0.057232  0.052087 -0.296751
  0.056831  0.057024  0.052772 -0.727587  0.403744 -0.738274  0.409170  0.434599
  0.201431 -0.058782 -0.053069 -0.047517  0.005235 -0.035922 -0.076357 -0.021701
 -0.209578  0.007821  0.026160  0.368847 -0.195440  0.059687  0.006718  0.077417
 -0.014258 -0.022761  0.019982 -0.003424  0.000921  0.522264 -0.002613  0.278292
 -0.065394 -0.466632  0.095865  0.102005  0.084640 -0.069163 -0.117709 -0.005963
  0.041529 -0.475764  0.178452 -0.198640  0.018609  0.047186  0.032148 -0.111204
  0.046495  0.031332 -0.123703  0.011190  0.040323 -0.069494 -0.006700 -0.003604
  0.461276  0.011996 -0.326299  0.061942  0.071359  0.066636  0.113873 -0.031287
 -0.032561 -0.090188 -0.004989 -0.004509  0.419822 -0.086940 -0.295744  0.055613
  0.057232  0.052087 -0.296751  0.056831  0.057024  0.052772 -0.727587  0.403744
 -0.738274  0.409170  0.434599  0.201431 -0.058782 -0.053069 -0.047517  0.005235
 -0.035922 -0.076357 -0.021701 -0.209578  0.007821  0.026160  0.368847 -0.195440
  0.059687  0.006718  0.077417 -0.014258 -0.022761  0.019982 -0.003424  0.000921
  0.522264 -0.002613  0.278292 -0.065394 -0.466632  0.095865  0.102005  0.084640
 -0.069163 -0.117709 -0.005963  0.041529 -0.475764  0.178452 -0.198640  0.018609
  0.047186  0.032148 -0.111204  0.046495  0.031332 -0.123703  0.011190  0.040323
 -0.069494 -0.006700 -0.003604  0.461276  0.011996 -0.326299  0.061942  0.071359
  0.066636  0.113873 -0.031287 -0.032561 -0.090188 -0.004989 -0.004509  0.419822
 -0.086940 -0.295744  0.055613  0.057232  0.052087 -0.296751  0.056831  0.057024
  0.052772 -0.727587  0.403744 -0.738274  0.409170  0.434599  0.201431 -0.058782
 -0.053069 -0.047517  0.005235 -0.035922 -0.076357 -0.021701 -0.209578  0.007821
  0.026160  0.368847 -0.195440  0.059687  0.006718  0.077417 -0.014258 -0.022761
  0.019982 -0.003424  0.000921  0.522264 -0.002613  0.278292 -0.065394 -0.466632
  0.095865  0.102005  0.084640 -0.069163 -0.117709 -0.005963  0.041529 -0.475764
  0.178452 -0.198640  0.018609  0.047186  0.032148 -0.111204  0.046495  0.031332
 -0.123703  0.011190  0.040323 -0.069494 -0.006700 -0.003604  0.461276  0.011996
 -0.326299  0.061942  0.071359  0.066636  0.113873 -0.031287 -0.032561 -0.090188
 -0.004989 -0.004509  0.419822 -0.086940 -0.295744  0.055613  0.057232  0.052087
 -0.296751  0.056831  0.057024  0.052772 -0.727587  0.403744 -0.738274  0.409170
  0.434599  0.201431 -0.058782 -0.053069 -0.047517  0.005235 -0.035922 -0.076357
 -0.021701 -0.209578  0.007821  0.026160  0.368847 -0.195440  0.059687  0.006718
  0.077417 -0.014258 -0.022761  0.019982 -0.003424  0.000921  0.522264 -0.002613
  0.278292 -0.065394 -0.466632  0.095865  0.102005  0.084640 -0.069163 -0.117709
 -0.005963  0.041529 -0.475764  0.178452 -0.198640  0.018609  0.047186  0.032148
 -0.111204  0.046495  0.031332 -0.123703  0.011190  0.040323 -0.069494 -0.006700
 -0.003604  0.461276  0.011996 -0.326299  0.061942  0.071359  0.066636  0.113873
 -0.031287 -0.032561 -0.090188 -0.004989 -0.004509  0.419822 -0.086940 -0.295744
  0.055613  0.057232  0.052087 -0.296751  0.056831  0.057024  0.052772 -0.727587
  0.403744 -0.738274  0.409170  0.434599  0.201431 -0.058782 -0.053069 -0.047517
  0.005235 -0.035922 -0.076357 -0.021701 -0.209578  0.007821  0.026160  0.368847
 -0.195440  0.059687  0.006718  0.077417 -0.014258 -0.022761  0.019982 -0.003424
  0.000921  0.522264 -0.002613  0.278292 -0.065394 -0.466632  0.095865  0.102005
  0.084640 -0.069163 -0.117709 -0.005963  0.041529 -0.475764  0.178452 -0.198640
  0.018609  0.047186  0.032148 -0.111204  0.046495  0.031332 -0.123703  0.011190
  0.040323 -0.069494 -0.006700 -0.003604  0.461276  0.011996 -0.326299  0.061942
  0.071359  0.066636  0.113873 -0.031287 -0.032561 -0.090188 -0.004989 -0.004509
  0.419822 -0.086940 -0.295744  0.055613  0.057232  0.052087 -0.296751  0.056831
  0.057024  0.052772 -0.727587  0.403744 -0.738274  0.409170  0.434599  0.201431
 -0.058782 -0.053069 -0.047517  0.005235 -0.035922 -0.076357 -0.021701 -0.209578
  0.007821  0.026160  0.368847 -0.195440  0.059687  0.006718  0.077417 -0.014258
 -0.022761  0.019982 -0.003424  0.000921  0.522264 -0.002613  0.278292 -0.065394
 -0.466632  0.095865  0.102005  0.084640 -0.069163 -0.117709 -0.005963  0.041529
 -0.475764  0.178452 -0.198640  0.018609  0.047186  0.032148 -0.111204  0.046495
  0.031332 -0.123703  0.011190  0.040323 -0.069494 -0.006700 -0.003604  0.461276
  0.011996 -0.326299  0.061942  0.071359  0.066636  0.113873 -0.031287 -0.032561
 -0.090188 -0.004989 -0.004509  0.419822 -0.086940 -0.295744  0.055613  0.057232
  0.052087 -0.296751  0.056831  0.057024  0.052772 -0.727587  0.403744 -0.738274
  0.409170  0.434599  0.201431 -0.058782 -0.053069 -0.047517  0.005235 -0.035922
 -0.076357 -0.021701 -0.209578  0.007821  0.026160  0.368847 -0.195440  0.059687
  0.006718  0.077417 -0.014258 -0.022761  0.019982 -0.003424  0.000921  0.522264
 -0.002613  0.278292 -0.065394 -0.466632  0.095865  0.102005  0.084640 -0.069163
 -0.117709 -0.005963  0.041529 -0.475764  0.178452 -0.198640  0.018609  0.047186
  0.032148 -0.111204  0.046495  0.031332 -0.123703  0.011190  0.040323 -0.069494
 -0.006700 -0.003604  0.461276  0.011996 -0.326299  0.061942  0.071359  0.066636
  0.113873 -0.031287 -0.032561 -0.090188 -0.004989 -0.004509  0.419822 -0.086940
 -0.295744  0.055613  0.057232  0.052087 -0.296751  0.056831  0.057024  0.052772
 -0.727587  0.403744 -0.738274  0.409170  0.434599  0.201431 -0.058782 -0.053069
 -0.047517  0.005235 -0.035922 -0.076357 -0.021701 -0.209578  0.007821  0.026160
  0.368847 -0.195440  0.059687  0.006718  0.077417 -0.014258 -0.022761  0.019982
 -0.003424  0.000921  0.522264 -0.002613  0.278292 -0.065394 -0.466632  0.095865
  0.102005  0.084640 -0.069163 -0.117709 -0.005963  0.041529 -0.475764  0.178452
 -0.198640  0.018609  0.047186  0.032148 -0.111204  0.046495  0.031332 -0.123703
  0.011190  0.040323 -0.069494 -0.006700 -0.003604  0.461276  0.011996 -0.326299
  0.061942  0.071359  0.066636  0.113873 -0.031287 -0.032561 -0.090188 -0.004989
 -0.004509  0.419822 -0.086940 -0.295744  0.055613  0.057232  0.052087 -0.296751
  0.056831  0.057024  0.052772 -0.727587  0.403744 -0.738274  0.409170  0.434599
  0.201431 -0.058782 -0.053069 -0.047517  0.005235 -0.035922 -0.076357 -0.021701
 -0.209578  0.007821  0.026160  0.368847 -0.195440  0.059687  0.006718  0.077417
 -0.014258 -0.022761  0.019982 -0.003424  0.000921  0.522264 -0.002613  0.278292
 -0.065394 -0.466632  0.095865  0.102005  0.084640 -0.069163 -0.117709 -0.005963
  0.041529 -0.475764  0.178452 -0.198640  0.018609  0.047186  0.032148 -0.111204
  0.046495  0.031332 -0.123703  0.011190  0.040323 -0.069494 -0.006700 -0.003604
  0.461276  0.011996 -0.326299  0.061942  0.071359  0.066636  0.113873 -0.031287
 -0.032561 -0.090188 -0.004989 -0.004509  0.419822 -0.086940 -0.295744  0.055613
  0.057232  0.052087 -0.296751  0.056831  0.057024  0.052772 -0.727587  0.403744
 -0.738274  0.409170  0.434599  0.201431 -0.058782 -0.053069 -0.047517  0.005235
 -0.035922 -0.076357 -0.021701 -0.209578  0.007821  0.026160  0.368847 -0.195440
  0.059687  0.006718  0.077417 -0.014258 -0.022761  0.019982 -0.003424  0.000921
  0.522264 -0.002613  0.278292 -0.065394 -0.466632  0.095865  0.102005  0.084640
 -0.069163 -0.117709 -0.005963  0.041529 -0.475764  0.178452 -0.198640  0.018609
  0.047186  0.032148 -0.111204  0.046495  0.031332 -0.123703  0.011190  0.040323
 -0.069494 -0.006700 -0.003604  0.461276  0.011996 -0.326299  0.061942  0.071359
  0.066636  0.113873 -0.031287 -0.032561 -0.090188 -0.004989 -0.004509  0.419822
 -0.086940 -0.295744  0.055613  0.057232  0.052087 -0.296751  0.056831  0.057024
  0.052772 -0.727587  0.403744 -0.738274  0.409170  0.434599  0.201431 -0.058782
 -0.053069 -0.047517  0.005235 -0.035922 -0.076357 -0.021701 -0.209578  0.007821
  0.026160  0.368847 -0.195440  0.059687  0.006718  0.077417 -0.014258 -0.022761
  0.019982 -0.003424  0.000921  0.522264 -0.002613  0.278292 -0.065394 -0.466632
  0.095865  0.102005  0.084640 -0.069163 -0.117709 -0.005963  0.041529 -0.475764
  0.178452 -0.198640  0.018609  0.047186  0.032148 -0.111204  0.046495  0.031332
 -0.123703  0.011190  0.040323 -0.069494 -0.006700 -0.003604  0.461276  0.011996
 -0.326299  0.061942  0.071359  0.066636  0.113873 -0.031287 -0.032561 -0.090188
 -0.004989 -0.004509  0.419822 -0.086940 -0.295744  0.055613  0.057232  0.052087
 -0.296751  0.056831  0.057024  0.052772 -0.727587  0.403744 -0.738274  0.409170
  0.434599  0.201431 -0.058782 -0.053069 -0.047517  0.005235 -0.035922 -0.076357
 -0.021701 -0.209578  0.007821  0.026160  0.368847 -0.195440  0.059687  0.006718
  0.077417 -0.014258 -0.022761  0.019982 -0.003424  0.000921  0.522264 -0.002613
  0.278292 -0.065394 -0.466632  0.095865  0.102005  0.084640 -0.069163 -0.117709
 -0.005963  0.041529 -0.475764  0.178452 -0.198640  0.018609  0.047186  0.032148
 -0.111204  0.046495  0.031332 -0.123703  0.011190  0.040323 -0.069494 -0.006700
 -0.003604  0.461276  0.011996 -0.326299  0.061942  0.071359  0.066636  0.113873
 -0.031287 -0.032561 -0.090188 -0.004989 -0.004509  0.419822 -0.086940 -0.295744
  0.055613  0.057232  0.052087 -0.296751  0.056831  0.057024  0.052772 -0.727587
  0.403744 -0.738274  0.409170  0.434599  0.201431 -0.058782 -0.053069 -0.047517
  0.005235 -0.035922 -0.076357 -0.021701 -0.209578  0.007821  0.026160  0.368847
 -0.195440  0.059687  0.006718  0.077417 -0.014258 -0.022761  0.019982 -0.003424
  0.000921  0.522264 -0.002613  0.278292 -0.065394 -0.466632  0.095865  0.102005
  0.084640 -0.069163 -0.117709 -0.005963  0.041529 -0.475764  0.178452 -0.198640
  0.018609  0.047186  0.032148 -0.111204  0.046495  0.031332 -0.123703  0.011190
  0.040323 -0.069494 -0.006700 -0.003604  0.461276  0.011996 -0.326299  0.061942
  0.071359  0.066636  0.113873 -0.031287 -0.032561 -0.090188 -0.004989 -0.004509
  0.419822 -0.086940 -0.295744  0.055613  0.057232  0.052087 -0.296751  0.056831
  0.057024  0.052772 -0.727587  0.403744 -0.738274  0.409170  0.434599  0.201431
 -0.058782 -0.053069 -0.047517  0.005235 -0.035922 -0.076357 -0.021701 -0.209578
  0.007821  0.026160  0.368847 -0.195440  0.059687  0.006718  0.077417 -0.014258
 -0.022761  0.019982 -0.003424  0.000921  0.522264 -0.002613  0.278292 -0.065394
 -0.466632  0.095865  0.102005  0.084640 -0.069163 -0.117709 -0.005963  0.041529
 -0.475764  0.178452 -0.198640  0.018609  0.047186  0.032148 -0.111204  0.046495
  0.031332 -0.123703  0.011190  0.040323 -0.069494 -0.006700 -0.003604  0.461276
  0.011996 -0.326299  0.061942  0.071359  0.066636  0.113873 -0.031287 -0.032561
 -0.090188 -0.004989 -0.004509  0.419822 -0.086940 -0.295744  0.055613  0.057232
  0.052087 -0.296751  0.056831  0.057024  0.052772 -0.727587  0.403744 -0.738274
  0.409170  0.434599  0.201431 -0.058782 -0.053069 -0.047517  0.005235 -0.035922
 -0.076357 -0.021701 -0.209578  0.007821  0.026160  0.368847 -0.195440  0.059687
  0.006718  0.077417 -0.014258 -0.022761  0.019982 -0.003424  0.000921  0.522264
 -0.002613  0.278292 -0.065394 -0.466632  0.095865  0.102005  0.084640 -0.069163
 -0.117709 -0.005963  0.041529 -0.475764  0.178452 -0.198640  0.018609  0.047186
  0.032148 -0.111204  0.046495  0.031332 -0.123703  0.011190  0.040323 -0.069494
 -0.006700 -0.003604  0.461276  0.011996 -0.326299  0.061942  0.071359  0.066636
  0.113873 -0.031287 -0.032561 -0.090188 -0.004989 -0.004509  0.419822 -0.086940
 -0.295744  0.055613  0.057232  0.052087 -0.296751  0.056831  0.057024  0.052772
 -0.727587  0.403744 -0.738274  0.409170  0.434599  0.201431 -0.058782 -0.053069
 -0.047517  0.005235 -0.035922 -0.076357 -0.021701 -0.209578  0.007821  0.026160
  0.368847 -0.195440  0.059687  0.006718  0.077417 -0.014258 -0.022761  0.019982
 -0.003424  0.000921  0.522264 -0.002613  0.278292 -0.065394 -0.466632  0.095865
  0.102005  0.084640 -0.069163 -0.117709 -0.005963  0.041529 -0.475764  0.178452
 -0.198640  0.018609  0.047186  0.032148 -0.111204  0.046495  0.031332 -0.123703
  0.011190  0.040323 -0.069494 -0.006700 -0.003604  0.461276  0.011996 -0.326299
  0.061942  0.071359  0.066636  0.113873 -0.031287 -0.032561 -0.090188 -0.004989
 -0.004509  0.419822 -0.086940 -0.295744  0.055613  0.057232  0.052087 -0.296751
  0.056831  0.057024  0.052772 -0.727587  0.403744 -0.738274  0.409170  0.434599
  0.201431 -0.058782 -0.053069 -0.047517  0.005235 -0.035922 -0.076357 -0.021701
 -0.209578  0.007821  0.026160  0.368847 -0.195440  0.059687  0.006718  0.077417
 -0.014258 -0.022761  0.019982 -0.003424  0.000921  0.522264 -0.002613  0.278292
 -0.065394 -0.466632  0.095865  0.102005  0.084640 -0.069163 -0.117709 -0.005963
  0.041529 -0.475764  0.178452 -0.198640  0.018609  0.047186  0.032148 -0.111204
  0.046495  0.031332 -0.123703  0.011190  0.040323 -0.069494 -0.006700 -0.003604
  0.461276  0.011996 -0.326299  0.061942  0.071359  0.066636  0.113873 -0.031287
 -0.032561 -0.090188 -0.004989 -0.004509  0.419822 -0.086940 -0.295744  0.055613
  0.057232  0.052087 -0.296751  0.056831  0.057024  0.052772 -0.727587  0.403744
 -0.738274  0.409170  0.434599  0.201431 -0.058782 -0.053069 -0.047517  0.005235
 -0.035922 -0.076357 -0.021701 -0.209578  0.007821  0.026160  0.368847 -0.195440
  0.059687  0.006718  0.077417 -0.014258 -0.022761  0.019982 -0.003424  0.000921
  0.522264 -0.002613  0.278292 -0.065394 -0.466632  0.095865  0.102005  0.084640
 -0.069163 -0.117709 -0.005963  0.041529 -0.475764  0.178452 -0.198640  0.018609
  0.047186  0.032148 -0.111204  0.046495  0.031332 -0.123703  0.011190  0.040323
 -0.069494 -0.006700 -0.003604  0.461276  0.011996 -0.326299  0.061942  0.071359
  0.066636  0.113873 -0.031287 -0.032561 -0.090188 -0.004989 -0.004509  0.419822
 -0.086940 -0.295744  0.055613  0.057232  0.052087 -0.296751  0.056831  0.057024
  0.052772 -0.727587  0.403744 -0.738274  0.409170  0.434599  0.201431 -0.058782
 -0.053069 -0.047517  0.005235 -0.035922 -0.076357 -0.021701 -0.209578  0.007821
  0.026160  0.368847 -0.195440  0.059687  0.006718  0.077417 -0.014258 -0.022761
  0.019982 -0.003424  0.000921  0.522264 -0.002613  0.278292 -0.065394 -0.466632
  0.095865  0.102005  0.084640 -0.069163 -0.117709 -0.005963  0.041529 -0.475764
  0.178452 -0.198640  0.018609  0.047186  0.032148 -0.111204  0.046495  0.031332
 -0.123703  0.011190  0.040323 -0.069494 -0.006700 -0.003604  0.461276  0.011996
 -0.326299  0.061942  0.071359  0.066636  0.113873 -0.031287 -0.032561 -0.090188
 -0.004989 -0.004509  0.419822 -0.086940 -0.295744  0.055613  0.057232  0.052087
 -0.296751  0.056831  0.057024  0.052772 -0.727587  0.403744 -0.738274  0.409170
  0.434599  0.201431 -0.058782 -0.053069 -0.047517  0.005235 -0.035922 -0.076357
 -0.021701 -0.209578  0.007821  0.026160  0.368847 -0.195440  0.059687  0.006718
  0.077417 -0.014258 -0.022761  0.019982 -0.003424  0.000921  0.522264 -0.002613
  0.278292 -0.065394 -0.466632  0.095865  0.102005  0.084640 -0.069163 -0.117709
 -0.005963  0.041529 -0.475764  0.178452 -0.198640  0.018609  0.047186  0.032148
 -0.111204  0.046495  0.031332 -0.123703  0.011190  0.040323 -0.069494 -0.006700
 -0.003604  0.461276  0.011996 -0.326299  0.061942  0.071359  0.066636  0.113873
 -0.031287 -0.032561 -0.090188 -0.004989 -0.004509  0.419822 -0.086940 -0.295744
  0.055613  0.057232  0.052087 -0.296751  0.056831  0.057024  0.052772 -0.727587
  0.403744 -0.738274  0.409170  0.434599  0.201431 -0.058782 -0.053069 -0.047517
  0.005235 -0.035922 -0.076357 -0.021701 -0.209578  0.007821  0.026160  0.368847
 -0.195440  0.059687  0.006718  0.077417 -0.014258 -0.022761  0.019982 -0.003424
  0.000921  0.522264 -0.002613  0.278292 -0.065394 -0.466632  0.095865  0.102005
  0.084640 -0.069163 -0.117709 -0.005963  0.041529 -0.475764  0.178452 -0.198640
  0.018609  0.047186  0.032148 -0.111204  0.046495  0.031332 -0.123703  0.011190
  0.040323 -0.069494 -0.006700 -0.003604  0.461276  0.011996 -0.326299  0.061942
  0.071359  0.066636  0.113873 -0.031287 -0.032561 -0.090188 -0.004989 -0.004509
  0.419822 -0.086940 -0.295744  0.055613  0.057232  0.052087 -0.296751  0.056831
  0.057024  0.052772 -0.727587  0.403744 -0.738274  0.409170  0.434599  0.201431
 -0.058782 -0.053069 -0.047517  0.005235 -0.035922 -0.076357 -0.021701 -0.209578
  0.007821  0.026160  0.368847 -0.195440  0.059687  0.006718  0.077417 -0.014258
 -0.022761  0.019982 -0.003424  0.000921  0.522264 -0.002613  0.278292 -0.065394
 -0.466632  0.095865  0.102005  0.084640 -0.069163 -0.117709 -0.005963  0.041529
 -0.475764  0.178452 -0.198640  0.018609  0.047186  0.032148 -0.111204  0.046495
  0.031332 -0.123703  0.011190  0.040323 -0.069494 -0.006700 -0.003604  0.461276
  0.011996 -0.326299  0.061942  0.071359  0.066636  0.113873 -0.031287 -0.032561
 -0.090188 -0.004989 -0.004509  0.419822 -0.086940 -0.295744  0.055613  0.057232
  0.052087 -0.296751  0.056831  0.057024  0.052772 -0.727587  0.403744 -0.738274
  0.409170  0.434599  0.201431 -0.058782 -0.053069 -0.047517  0.005235 -0.035922
 -0.076357 -0.021701 -0.209578  0.007821  0.026160  0.368847 -0.195440  0.059687
  0.006718  0.077417 -0.014258 -0.022761  0.019982 -0.003424  0.000921  0.522264
 -0.002613  0.278292 -0.065394 -0.466632  0.095865  0.102005  0.084640 -0.069163
 -0.117709 -0.005963  0.041529 -0.475764  0.178452 -0.198640  0.018609  0.047186
  0.032148 -0.111204  0.046495  0.031332 -0.123703  0.011190  0.040323 -0.069494
 -0.006700 -0.003604  0.461276  0.011996 -0.326299  0.061942  0.071359  0.066636
  0.113873 -0.031287 -0.032561 -0.090188 -0.004989 -0.004509  0.419822 -0.086940
 -0.295744  0.055613  0.057232  0.052087 -0.296751  0.056831  0.057024  0.052772
 -0.727587  0.403744 -0.738274  0.409170  0.434599  0.201431 -0.058782 -0.053069
 -0.047517  0.005235 -0.035922 -0.076357 -0.021701 -0.209578  0.007821  0.026160
  0.368847 -0.195440  0.059687  0.006718  0.077417 -0.014258 -0.022761  0.019982
 -0.003424  0.000921  0.522264 -0.002613  0.278292 -0.065394 -0.466632  0.095865
  0.102005  0.084640 -0.069163 -0.117709 -0.005963  0.041529 -0.475764  0.178452
 -0.198640  0.018609  0.047186  0.032148 -0.111204  0.046495  0.031332 -0.123703
  0.011190  0.040323 -0.069494 -0.006700 -0.003604  0.461276  0.011996 -0.326299
  0.061942  0.071359  0.066636  0.113873 -0.031287 -0.032561 -0.090188 -0.004989
 -0.004509  0.419822 -0.086940 -0.295744  0.055613  0.057232  0.052087 -0.296751
  0.056831  0.057024  0.052772 -0.727587  0.403744 -0.738274  0.409170  0.434599
  0.201431 -0.058782 -0.053069 -0.047517  0.005235 -0.035922 -0.076357 -0.021701
 -0.209578  0.007821  0.026160  0.368847 -0.195440  0.059687  0.006718  0.077417
 -0.014258 -0.022761  0.019982 -0.003424  0.000921  0.522264 -0.002613  0.278292
 -0.065394 -0.466632  0.095865  0.102005  0.084640 -0.069163 -0.117709 -0.005963
  0.041529 -0.475764  0.178452 -0.198640  0.018609  0.047186  0.032148 -0.111204
  0.046495  0.031332 -0.123703  0.011190  0.040323 -0.069494 -0.006700 -0.003604
  0.461276  0.011996 -0.326299  0.061942  0.071359  0.066636  0.113873 -0.031287
 -0.032561 -0.090188 -0.004989 -0.004509  0.419822 -0.086940 -0.295744  0.055613
  0.057232  0.052087 -0.296751  0.056831  0.057024  0.052772 -0.727587  0.403744
 -0.738274  0.409170  0.434599  0.201431 -0.058782 -0.053069 -0.047517  0.005235
 -0.035922 -0.076357 -0.021701 -0.209578  0.007821  0.026160  0.368847 -0.195440
  0.059687  0.006718  0.077417 -0.014258 -0.022761  0.019982 -0.003424  0.000921
  0.522264 -0.002613  0.278292 -0.065394 -0.466632  0.095865  0.102005  0.084640
 -0.069163 -0.117709 -0.005963  0.041529 -0.475764  0.178452 -0.198640  0.018609
  0.047186  0.032148 -0.111204  0.046495  0.031332 -0.123703  0.011190  0.040323
 -0.069494 -0.006700 -0.003604  0.461276  0.011996 -0.326299  0.061942  0.071359
  0.066636  0.113873 -0.031287 -0.032561 -0.090188 -0.004989 -0.004509  0.419822
 -0.086940 -0.295744  0.055613  0.057232  0.052087 -0.296751  0.056831  0.057024
  0.052772 -0.727587  0.403744 -0.738274  0.409170  0.434599  0.201431 -0.058782
 -0.053069 -0.047517  0.005235 -0.035922 -0.076357 -0.021701 -0.209578  0.007821
  0.026160  0.368847 -0.195440  0.059687  0.006718  0.077417 -0.014258 -0.022761
  0.019982 -0.003424  0.000921  0.522264 -0.002613  0.278292 -0.065394 -0.466632
  0.095865  0.102005  0.084640 -0.069163 -0.117709 -0.005963  0.041529 -0.475764
  0.178452 -0.198640  0.018609  0.047186  0.032148 -0.111204  0.046495  0.031332
 -0.123703  0.011190  0.040323 -0.069494 -0.006700 -0.003604  0.461276  0.011996
 -0.326299  0.061942  0.071359  0.066636  0.113873 -0.031287 -0.032561 -0.090188
 -0.004989 -0.004509  0.419822 -0.086940 -0.295744  0.055613  0.057232  0.052087
 -0.296751  0.056831  0.057024  0.052772 -0.727587  0.403744 -0.738274  0.409170
  0.434599  0.201431 -0.058782 -0.053069 -0.047517  0.005235 -0.035922 -0.076357
 -0.021701 -0.209578  0.007821  0.026160  0.368847 -0.195440  0.059687  0.006718
  0.077417 -0.014258 -0.022761  0.019982 -0.003424  0.000921  0.522264 -0.002613
  0.278292 -0.065394 -0.466632  0.095865  0.102005  0.084640 -0.069163 -0.117709
 -0.005963  0.041529 -0.475764  0.178452 -0.198640  0.018609  0.047186  0.032148
 -0.111204  0.046495  0.031332 -0.123703  0.011190  0.040323 -0.069494 -0.006700
 -0.003604  0.461276  0.011996 -0.326299  0.061942  0.071359  0.066636  0.113873
 -0.031287 -0.032561 -0.090188 -0.004989 -0.004509  0.419822 -0.086940 -0.295744
  0.055613  0.057232  0.052087 -0.296751  0.056831  0.057024  0.052772 -0.727587
  0.403744 -0.738274  0.409170  0.434599  0.201431 -0.058782 -0.053069 -0.047517
  0.005235 -0.035922 -0.076357 -0.021701 -0.209578  0.007821  0.026160  0.368847
 -0.195440  0.059687  0.006718  0.077417 -0.014258 -0.022761  0.019982 -0.003424
  0.000921  0.522264 -0.002613  0.278292 -0.065394 -0.466632  0.095865  0.102005
  0.084640 -0.069163 -0.117709 -0.005963  0.041529 -0.475764  0.178452 -0.198640
  0.018609  0.047186  0.032148 -0.111204  0.046495  0.031332 -0.123703  0.011190
  0.040323 -0.069494 -0.006700 -0.003604  0.461276  0.011996 -0.326299  0.061942
  0.071359  0.066636  0.113873 -0.031287 -0.032561 -0.090188 -0.004989 -0.004509
  0.419822 -0.086940 -0.295744  0.055613  0.057232  0.052087 -0.296751  0.056831
  0.057024  0.052772 -0.727587  0.403744 -0.738274  0.409170  0.434599  0.201431
 -0.058782 -0.053069 -0.047517  0.005235 -0.035922 -0.076357 -0.021701 -0.209578
  0.007821  0.026160  0.368847 -0.195440  0.059687  0.006718  0.077417 -0.014258
 -0.022761  0.019982 -0.003424  0.000921  0.522264 -0.002613  0.278292 -0.065394
 -0.466632  0.095865  0.102005  0.084640 -0.069163 -0.117709 -0.005963  0.041529
 -0.475764  0.178452 -0.198640  0.018609  0.047186  0.032148 -0.111204  0.046495
  0.031332 -0.123703  0.011190  0.040323 -0.069494 -0.006700 -0.003604  0.461276
  0.011996 -0.326299  0.061942  0.071359  0.066636  0.113873 -0.031287 -0.032561
 -0.090188 -0.004989 -0.004509  0.419822 -0.086940 -0.295744  0.055613  0.057232
  0.052087 -0.296751  0.056831  0.057024  0.052772 -0.727587  0.403744 -0.738274
  0.409170  0.434599  0.201431 -0.058782 -0.053069 -0.047517  0.005235 -0.035922
 -0.076357 -0.021701 -0.209578  0.007821  0.026160  0.368847 -0.195440  0.059687
  0.006718  0.077417 -0.014258 -0.022761  0.019982 -0.003424  0.000921  0.522264
 -0.002613  0.278292 -0.065394 -0.466632  0.095865  0.102005  0.084640 -0.069163
 -0.117709 -0.005963  0.041529 -0.475764  0.178452 -0.198640  0.018609  0.047186
  0.032148 -0.111204  0.046495  0.031332 -0.123703  0.011190  0.040323 -0.069494
 -0.006700 -0.003604  0.461276  0.011996 -0.326299  0.061942  0.071359  0.066636
  0.113873 -0.031287 -0.032561 -0.090188 -0.004989 -0.004509  0.419822 -0.086940
 -0.295744  0.055613  0.057232  0.052087 -0.296751  0.056831  0.057024  0.052772
 -0.727587  0.403744 -0.738274  0.409170  0.434599  0.201431 -0.058782 -0.053069
 -0.047517  0.005235 -0.035922 -0.076357 -0.021701 -0.209578  0.007821  0.026160
  0.368847 -0.195440  0.059687  0.006718  0.077417 -0.014258 -0.022761  0.019982
 -0.003424  0.000921  0.522264 -0.002613  0.278292 -0.065394 -0.466632  0.095865
  0.102005  0.084640 -0.069163 -0.117709 -0.005963  0.041529 -0.475764  0.178452
 -0.198640  0.018609  0.047186  0.032148 -0.111204  0.046495  0.031332 -0.123703
  0.011190  0.040323 -0.069494 -0.006700 -0.003604  0.461276  0.011996 -0.326299
  0.061942  0.071359  0.066636  0.113873 -0.031287 -0.032561 -0.090188 -0.004989
 -0.004509  0.419822 -0.086940 -0.295744  0.055613  0.057232  0.052087 -0.296751
  0.056831  0.057024  0.052772 -0.727587  0.403744 -0.738274  0.409170  0.434599
  0.201431 -0.058782 -0.053069 -0.047517  0.005235 -0.035922 -0.076357 -0.021701
 -0.209578  0.007821  0.026160  0.368847 -0.195440  0.059687  0.006718  0.077417
 -0.014258 -0.022761  0.019982 -0.003424  0.000921  0.522264 -0.002613  0.278292
 -0.065394 -0.466632  0.095865  0.102005  0.084640 -0.069163 -0.117709 -0.005963
  0.041529 -0.475764  0.178452 -0.198640  0.018609  0.047186  0.032148 -0.111204
  0.046495  0.031332 -0.123703  0.011190  0.040323 -0.069494 -0.006700 -0.003604
  0.461276  0.011996 -0.326299  0.061942  0.071359  0.066636  0.113873 -0.031287
 -0.032561 -0.090188 -0.004989 -0.004509  0.419822 -0.086940 -0.295744  0.055613
  0.057232  0.052087 -0.296751  0.056831  0.057024  0.052772 -0.727587  0.403744
 -0.738274  0.409170  0.434599  0.201431 -0.058782 -0.053069 -0.047517  0.005235
 -0.035922 -0.076357 -0.021701 -0.209578  0.007821  0.026160  0.368847 -0.195440
  0.059687  0.006718  0.077417 -0.014258 -0.022761  0.019982 -0.003424  0.000921
  0.522264 -0.002613  0.278292 -0.065394 -0.466632  0.095865  0.102005  0.084640
 -0.069163 -0.117709 -0.005963  0.041529 -0.475764  0.178452 -0.198640  0.018609
  0.047186  0.032148 -0.111204  0.046495  0.031332 -0.123703  0.011190  0.040323
 -0.069494 -0.006700 -0.003604  0.461276  0.011996 -0.326299  0.061942  0.071359
  0.066636  0.113873 -0.031287 -0.032561 -0.090188 -0.004989 -0.004509  0.419822
 -0.086940 -0.295744  0.055613  0.057232  0.052087 -0.296751  0.056831  0.057024
  0.052772 -0.727587  0.403744 -0.738274  0.409170  0.434599  0.201431 -0.058782
 -0.053069 -0.047517  0.005235 -0.035922 -0.076357 -0.021701 -0.209578  0.007821
  0.026160  0.368847 -0.195440  0.059687  0.006718  0.077417 -0.014258 -0.022761
  0.019982 -0.003424  0.000921  0.522264 -0.002613  0.278292 -0.065394 -0.466632
  0.095865  0.102005  0.084640 -0.069163 -0.117709 -0.005963  0.041529 -0.475764
  0.178452 -0.198640  0.018609  0.047186  0.032148 -0.111204  0.046495  0.031332
 -0.123703  0.011190  0.040323 -0.069494 -0.006700 -0.003604  0.461276  0.011996
 -0.326299  0.061942  0.071359  0.066636  0.113873 -0.031287 -0.032561 -0.090188
 -0.004989 -0.004509  0.419822 -0.086940 -0.295744  0.055613  0.057232  0.052087
 -0.296751  0.056831  0.057024  0.052772 -0.727587  0.403744 -0.738274  0.409170
  0.434599  0.201431 -0.058782 -0.053069 -0.047517  0.005235 -0.035922 -0.076357
 -0.021701 -0.209578  0.007821  0.026160  0.368847 -0.195440  0.059687  0.006718
  0.077417 -0.014258 -0.022761  0.019982 -0.003424  0.000921  0.522264 -0.002613
  0.278292 -0.065394 -0.466632  0.095865  0.102005  0.084640 -0.069163 -0.117709
 -0.005963  0.041529 -0.475764  0.178452 -0.198640  0.018609  0.047186  0.032148
 -0.111204  0.046495  0.031332 -0.123703  0.011190  0.040323 -0.069494 -0.006700
 -0.003604  0.461276  0.011996 -0.326299  0.061942  0.071359  0.066636  0.113873
 -0.031287 -0.032561 -0.090188 -0.004989 -0.004509  0.419822 -0.086940 -0.295744
  0.055613  0.057232  0.052087 -0.296751  0.056831  0.057024  0.052772 -0.727587
  0.403744 -0.738274  0.409170  0.434599  0.201431 -0.058782 -0.053069 -0.047517
  0.005235 -0.035922 -0.076357 -0.021701 -0.209578  0.007821  0.026160  0.368847
 -0.195440  0.059687  0.006718  0.077417 -0.014258 -0.022761  0.019982 -0.003424
  0.000921  0.522264 -0.002613  0.278292 -0.065394 -0.466632  0.095865  0.102005
  0.084640 -0.069163 -0.117709 -0.005963  0.041529 -0.475764  0.178452 -0.198640
  0.018609  0.047186  0.032148 -0.111204  0.046495  0.031332 -0.123703  0.011190
  0.040323 -0.069494 -0.006700 -0.003604  0.461276  0.011996 -0.326299  0.061942
  0.071359  0.066636  0.113873 -0.031287 -0.032561 -0.090188 -0.004989 -0.004509
  0.419822 -0.086940 -0.295744  0.055613  0.057232  0.052087 -0.296751  0.056831
  0.057024  0.052772 -0.727587  0.403744 -0.738274  0.409170  0.434599  0.201431
 -0.058782 -0.053069 -0.047517  0.005235 -0.035922 -0.076357 -0.021701 -0.209578
  0.007821  0.026160  0.368847 -0.195440  0.059687  0.006718  0.077417 -0.014258
 -0.022761  0.019982 -0.003424  0.000921  0.522264 -0.002613  0.278292 -0.065394
 -0.466632  0.095865  0.102005  0.084640 -0.069163 -0.117709 -0.005963  0.041529
 -0.475764  0.178452 -0.198640  0.018609  0.047186  0.032148 -0.111204  0.046495
  0.031332 -0.123703  0.011190  0.040323 -0.069494 -0.006700 -0.003604  0.461276
  0.011996 -0.326299  0.061942  0.071359  0.066636  0.113873 -0.031287 -0.032561
 -0.090188 -0.004989 -0.004509  0.419822 -0.086940 -0.295744  0.055613  0.057232
  0.052087 -0.296751  0.056831  0.057024  0.052772 -0.727587  0.403744 -0.738274
  0.409170  0.434599  0.201431 -0.058782 -0.053069 -0.047517  0.005235 -0.035922
 -0.076357 -0.021701 -0.209578  0.007821  0.026160  0.368847 -0.195440  0.059687
  0.006718  0.077417 -0.014258 -0.022761  0.019982 -0.003424  0.000921  0.522264
 -0.002613  0.278292 -0.065394 -0.466632  0.095865  0.102005  0.084640 -0.069163
 -0.117709 -0.005963  0.041529 -0.475764  0.178452 -0.198640  0.018609  0.047186
  0.032148 -0.111204  0.046495  0.031332 -0.123703  0.011190  0.040323 -0.069494
 -0.006700 -0.003604  0.461276  0.011996 -0.326299  0.061942  0.071359  0.066636
  0.113873 -0.031287 -0.032561 -0.090188 -0.004989 -0.004509  0.419822 -0.086940
 -0.295744  0.055613  0.057232  0.052087 -0.296751  0.056831  0.057024  0.052772
 -0.727587  0.403744 -0.738274  0.409170  0.434599  0.201431 -0.058782 -0.053069
 -0.047517  0.005235 -0.035922 -0.076357 -0.021701 -0.209578  0.007821  0.026160
  0.368847 -0.195440  0.059687  0.006718  0.077417 -0.014258 -0.022761  0.019982
 -0.003424  0.000921  0.522264 -0.002613  0.278292 -0.065394 -0.466632  0.095865
  0.102005  0.084640 -0.069163 -0.117709 -0.005963  0.041529 -0.475764  0.178452
 -0.198640  0.018609  0.047186  0.032148 -0.111204  0.046495  0.031332 -0.123703
  0.011190  0.040323 -0.069494 -0.006700 -0.003604  0.461276  0.011996 -0.326299
  0.061942  0.071359  0.066636  0.113873 -0.031287 -0.032561 -0.090188 -0.004989
 -0.004509  0.419822 -0.086940 -0.295744  0.055613  0.057232  0.052087 -0.296751
  0.056831  0.057024  0.052772 -0.727587  0.403744 -0.738274  0.409170  0.434599
  0.201431 -0.058782 -0.053069 -0.047517  0.005235 -0.035922 -0.076357 -0.021701
 -0.209578  0.007821  0.026160  0.368847 -0.195440  0.059687  0.006718  0.077417
 -0.014258 -0.022761  0.019982 -0.003424  0.000921  0.522264 -0.002613  0.278292
 -0.065394 -0.466632  0.095865  0.102005  0.084640 -0.069163 -0.117709 -0.005963
  0.041529 -0.475764  0.178452 -0.198640  0.018609  0.047186  0.032148 -0.111204
  0.046495  0.031332 -0.123703  0.011190  0.040323 -0.069494 -0.006700 -0.003604
  0.461276  0.011996 -0.326299  0.061942  0.071359  0.066636  0.113873 -0.031287
 -0.032561 -0.090188 -0.004989 -0.004509  0.419822 -0.086940 -0.295744  0.055613
  0.057232  0.052087 -0.296751  0.056831  0.057024  0.052772 -0.727587  0.403744
 -0.738274  0.409170  0.434599  0.201431 -0.058782 -0.053069 -0.047517  0.005235
 -0.035922 -0.076357 -0.021701 -0.209578  0.007821  0.026160  0.368847 -0.195440
  0.059687  0.006718  0.077417 -0.014258 -0.022761  0.019982 -0.003424  0.000921
  0.522264 -0.002613  0.278292 -0.065394 -0.466632  0.095865  0.102005  0.084640
 -0.069163 -0.117709 -0.005963  0.041529 -0.475764  0.178452 -0.198640  0.018609
  0.047186  0.032148 -0.111204  0.046495  0.031332 -0.123703  0.011190  0.040323
 -0.069494 -0.006700 -0.003604  0.461276  0.011996 -0.326299  0.061942  0.071359
  0.066636  0.113873 -0.031287 -0.032561 -0.090188 -0.004989 -0.004509  0.419822
 -0.086940 -0.295744  0.055613  0.057232  0.052087 -0.296751  0.056831  0.057024
  0.052772 -0.727587  0.403744 -0.738274  0.409170  0.434599  0.201431 -0.058782
 -0.053069 -0.047517  0.005235 -0.035922 -0.076357 -0.021701 -0.209578  0.007821
  0.026160  0.368847 -0.195440  0.059687  0.006718  0.077417 -0.014258 -0.022761
  0.019982 -0.003424  0.000921  0.522264 -0.002613  0.278292 -0.065394 -0.466632
  0.095865  0.102005  0.084640 -0.069163 -0.117709 -0.005963  0.041529 -0.475764
  0.178452 -0.198640  0.018609  0.047186  0.032148 -0.111204  0.046495  0.031332
 -0.123703  0.011190  0.040323 -0.069494 -0.006700 -0.003604  0.461276  0.011996
 -0.326299  0.061942  0.071359  0.066636  0.113873 -0.031287 -0.032561 -0.090188
 -0.004989 -0.004509  0.419822 -0.086940 -0.295744  0.055613  0.057232  0.052087
 -0.296751  0.056831  0.057024  0.052772 -0.727587  0.403744 -0.738274  0.409170
  0.434599  0.201431 -0.058782 -0.053069 -0.047517  0.005235 -0.035922 -0.076357
 -0.021701 -0.209578  0.007821  0.026160  0.368847 -0.195440  0.059687  0.006718
  0.077417 -0.014258 -0.022761  0.019982 -0.003424  0.000921  0.522264 -0.002613
  0.278292 -0.065394 -0.466632  0.095865  0.102005  0.084640 -0.069163 -0.117709
 -0.005963  0.041529 -0.475764  0.178452 -0.198640  0.018609  0.047186  0.032148
 -0.111204  0.046495  0.031332 -0.123703  0.011190  0.040323 -0.069494 -0.006700
 -0.003604  0.461276  0.011996 -0.326299  0.061942  0.071359  0.066636  0.113873
 -0.031287 -0.032561 -0.090188 -0.004989 -0.004509  0.419822 -0.086940 -0.295744
  0.055613  0.057232  0.052087 -0.296751  0.056831  0.057024  0.052772 -0.727587
  0.403744 -0.738274  0.409170  0.434599  0.201431 -0.058782 -0.053069 -0.047517
  0.005235 -0.035922 -0.076357 -0.021701 -0.209578  0.007821  0.026160  0.368847
 -0.195440  0.059687  0.006718  0.077417 -0.014258 -0.022761  0.019982 -0.003424
  0.000921  0.522264 -0.002613  0.278292 -0.065394 -0.466632  0.095865  0.102005
  0.084640 -0.069163 -0.117709 -0.005963  0.041529 -0.475764  0.178452 -0.198640
  0.018609  0.047186  0.032148 -0.111204  0.046495  0.031332 -0.123703  0.011190
  0.040323 -0.069494 -0.006700 -0.003604  0.461276  0.011996 -0.326299  0.061942
  0.071359  0.066636  0.113873 -0.031287 -0.032561 -0.090188 -0.004989 -0.004509
  0.419822 -0.086940 -0.295744  0.055613  0.057232  0.052087 -0.296751  0.056831
  0.057024  0.052772 -0.727587  0.403744 -0.738274  0.409170  0.434599  0.201431
 -0.058782 -0.053069 -0.047517  0.005235 -0.035922 -0.076357 -0.021701 -0.209578
  0.007821  0.026160  0.368847 -0.195440  0.059687  0.006718  0.077417 -0.014258
 -0.022761  0.019982 -0.003424  0.000921  0.522264 -0.002613  0.278292 -0.065394
 -0.466632  0.095865  0.102005  0.084640 -0.069163 -0.117709 -0.005963  0.041529
 -0.475764  0.178452 -0.198640  0.018609  0.047186  0.032148 -0.111204  0.046495
  0.031332 -0.123703  0.011190  0.040323 -0.069494 -0.006700 -0.003604  0.461276
  0.011996 -0.326299  0.061942  0.071359  0.066636  0.113873 -0.031287 -0.032561
 -0.090188 -0.004989 -0.004509  0.419822 -0.086940 -0.295744  0.055613  0.057232
  0.052087 -0.296751  0.056831  0.057024  0.052772 -0.727587  0.403744 -0.738274
  0.409170  0.434599  0.201431 -0.058782 -0.053069 -0.047517  0.005235 -0.035922
 -0.076357 -0.021701 -0.209578  0.007821  0.026160  0.368847 -0.195440  0.059687
  0.006718  0.077417 -0.014258 -0.022761  0.019982 -0.003424  0.000921  0.522264
 -0.002613  0.278292 -0.065394 -0.466632  0.095865  0.102005  0.084640 -0.069163
 -0.117709 -0.005963  0.041529 -0.475764  0.178452 -0.198640  0.018609  0.047186
  0.032148 -0.111204  0.046495  0.031332 -0.123703  0.011190  0.040323 -0.069494
 -0.006700 -0.003604  0.461276  0.011996 -0.326299  0.061942  0.071359  0.066636
  0.113873 -0.031287 -0.032561 -0.090188 -0.004989 -0.004509  0.419822 -0.086940
 -0.295744  0.055613  0.057232  0.052087 -0.296751  0.056831  0.057024  0.052772
 -0.727587  0.403744 -0.738274  0.409170  0.434599  0.201431 -0.058782 -0.053069
 -0.047517  0.005235 -0.035922 -0.076357 -0.021701 -0.209578  0.007821  0.026160
  0.368847 -0.195440  0.059687  0.006718  0.077417 -0.014258 -0.022761  0.019982
 -0.003424  0.000921  0.522264 -0.002613  0.278292 -0.065394 -0.466632  0.095865
  0.102005  0.084640 -0.069163 -0.117709 -0.005963  0.041529 -0.475764  0.178452
 -0.198640  0.018609  0.047186  0.032148 -0.111204  0.046495  0.031332 -0.123703
  0.011190  0.040323 -0.069494 -0.006700 -0.003604  0.461276  0.011996 -0.326299
  0.061942  0.071359  0.066636  0.113873 -0.031287 -0.032561 -0.090188 -0.004989
 -0.004509  0.419822 -0.086940 -0.295744  0.055613  0.057232  0.052087 -0.296751
  0.056831  0.057024  0.052772 -0.727587  0.403744 -0.738274  0.409170  0.434599
  0.201431 -0.058782 -0.053069 -0.047517  0.005235 -0.035922 -0.076357 -0.021701
 -0.209578  0.007821  0.026160  0.368847 -0.195440  0.059687  0.006718  0.077417
 -0.014258 -0.022761  0.019982 -0.003424  0.000921  0.522264 -0.002613  0.278292
 -0.065394 -0.466632  0.095865  0.102005  0.084640 -0.069163 -0.117709 -0.005963
  0.041529 -0.475764  0.178452 -0.198640  0.018609  0.047186  0.032148 -0.111204
  0.046495  0.031332 -0.123703  0.011190  0.040323 -0.069494 -0.006700 -0.003604
  0.461276  0.011996 -0.326299  0.061942  0.071359  0.066636  0.113873 -0.031287
 -0.032561 -0.090188 -0.004989 -0.004509  0.419822 -0.086940 -0.295744  0.055613
  0.057232  0.052087 -0.296751  0.056831  0.057024  0.052772 -0.727587  0.403744
 -0.738274  0.409170  0.434599  0.201431 -0.058782 -0.053069 -0.047517  0.005235
 -0.035922 -0.076357 -0.021701 -0.209578  0.007821  0.026160  0.368847 -0.195440
  0.059687  0.006718  0.077417 -0.014258 -0.022761  0.019982 -0.003424  0.000921
  0.522264 -0.002613  0.278292 -0.065394 -0.466632  0.095865  0.102005  0.084640
 -0.069163 -0.117709 -0.005963  0.041529 -0.475764  0.178452 -0.198640  0.018609
  0.047186  0.032148 -0.111204  0.046495  0.031332 -0.123703  0.011190  0.040323
 -0.069494 -0.006700 -0.003604  0.461276  0.011996 -0.326299  0.061942  0.071359
  0.066636  0.113873 -0.031287 -0.032561 -0.090188 -0.004989 -0.004509  0.419822
 -0.086940 -0.295744  0.055613  0.057232  0.052087 -0.296751  0.056831  0.057024
  0.052772 -0.727587  0.403744 -0.738274  0.409170  0.434599  0.201431 -0.058782
 -0.053069 -0.047517  0.005235 -0.035922 -0.076357 -0.021701 -0.209578  0.007821
  0.026160  0.368847 -0.195440  0.059687  0.006718  0.077417 -0.014258 -0.022761
  0.019982 -0.003424  0.000921  0.522264 -0.002613  0.278292 -0.065394 -0.466632
  0.095865  0.102005  0.084640 -0.069163 -0.117709 -0.005963  0.041529 -0.475764
  0.178452 -0.198640  0.018609  0.047186  0.032148 -0.111204  0.046495  0.031332
 -0.123703  0.011190  0.040323 -0.069494 -0.006700 -0.003604  0.461276  0.011996
 -0.326299  0.061942  0.071359  0.066636  0.113873 -0.031287 -0.032561 -0.090188
 -0.004989 -0.004509  0.419822 -0.086940 -0.295744  0.055613  0.057232  0.052087
 -0.296751  0.056831  0.057024  0.052772 -0.727587  0.403744 -0.738274  0.409170
  0.434599  0.201431 -0.058782 -0.053069 -0.047517  0.005235 -0.035922 -0.076357
 -0.021701 -0.209578  0.007821  0.026160  0.368847 -0.195440  0.059687  0.006718
  0.077417 -0.014258 -0.022761  0.019982 -0.003424  0.000921  0.522264 -0.002613
  0.278292 -0.065394 -0.466632  0.095865  0.102005  0.084640 -0.069163 -0.117709
 -0.005963  0.041529 -0.475764  0.178452 -0.198640  0.018609  0.047186  0.032148
 -0.111204  0.046495  0.031332 -0.123703  0.011190  0.040323 -0.069494 -0.006700
 -0.003604  0.461276  0.011996 -0.326299  0.061942  0.071359  0.066636  0.113873
 -0.031287 -0.032561 -0.090188 -0.004989 -0.004509  0.419822 -0.086940 -0.295744
  0.055613  0.057232  0.052087 -0.296751  0.056831  0.057024  0.052772 -0.727587
  0.403744 -0.738274  0.409170  0.434599  0.201431 -0.058782 -0.053069 -0.047517
  0.005235 -0.035922 -0.076357 -0.021701 -0.209578  0.007821  0.026160  0.368847
 -0.195440  0.059687  0.006718  0.077417 -0.014258 -0.022761  0.019982 -0.003424
  0.000921  0.522264 -0.002613  0.278292 -0.065394 -0.466632  0.095865  0.102005
  0.084640 -0.069163 -0.117709 -0.005963  0.041529 -0.475764  0.178452 -0.198640
  0.018609  0.047186  0.032148 -0.111204  0.046495  0.031332 -0.123703  0.011190
  0.040323 -0.069494 -0.006700 -0.003604  0.461276  0.011996 -0.326299  0.061942
  0.071359  0.066636  0.113873 -0.031287 -0.032561 -0.090188 -0.004989 -0.004509
  0.419822 -0.086940 -0.295744  0.055613  0.057232  0.052087 -0.296751  0.056831
  0.057024  0.052772 -0.727587  0.403744 -0.738274  0.409170  0.434599  0.201431
 -0.058782 -0.053069 -0.047517  0.005235 -0.035922 -0.076357 -0.021701 -0.209578
  0.007821  0.026160  0.368847 -0.195440  0.059687  0.006718  0.077417 -0.014258
 -0.022761  0.019982 -0.003424  0.000921  0.522264 -0.002613  0.278292 -0.065394
 -0.466632  0.095865  0.102005  0.084640 -0.069163 -0.117709 -0.005963  0.041529
 -0.475764  0.178452 -0.198640  0.018609  0.047186  0.032148 -0.111204  0.046495
  0.031332 -0.123703  0.011190  0.040323 -0.069494 -0.006700 -0.003604  0.461276
  0.011996 -0.326299  0.061942  0.071359  0.066636  0.113873 -0.031287 -0.032561
 -0.090188 -0.004989 -0.004509  0.419822 -0.086940 -0.295744  0.055613  0.057232
  0.052087 -0.296751  0.056831  0.057024  0.052772 -0.727587  0.403744 -0.738274
  0.409170  0.434599  0.201431 -0.058782 -0.053069 -0.047517  0.005235 -0.035922
 -0.076357 -0.021701 -0.209578  0.007821  0.026160  0.368847 -0.195440  0.059687
  0.006718  0.077417 -0.014258 -0.022761  0.019982 -0.003424  0.000921  0.522264
 -0.002613  0.278292 -0.065394 -0.466632  0.095865  0.102005  0.084640 -0.069163
 -0.117709 -0.005963  0.041529 -0.475764  0.178452 -0.198640  0.018609  0.047186
  0.032148 -0.111204  0.046495  0.031332 -0.123703  0.011190  0.040323 -0.069494
 -0.006700 -0.003604  0.461276  0.011996 -0.326299  0.061942  0.071359  0.066636
  0.113873 -0.031287 -0.032561 -0.090188 -0.004989 -0.004509  0.419822 -0.086940
 -0.295744  0.055613  0.057232  0.052087 -0.296751  0.056831  0.057024  0.052772
 -0.727587  0.403744 -0.738274  0.409170  0.434599  0.201431 -0.058782 -0.053069
 -0.047517  0.005235 -0.035922 -0.076357 -0.021701 -0.209578  0.007821  0.026160
  0.368847 -0.195440  0.059687  0.006718  0.077417 -0.014258 -0.022761  0.019982
 -0.003424  0.000921  0.522264 -0.002613  0.278292 -0.065394 -0.466632  0.095865
  0.102005  0.084640 -0.069163 -0.117709 -0.005963  0.041529 -0.475764  0.178452
 -0.198640  0.018609  0.047186  0.032148 -0.111204  0.046495  0.031332 -0.123703
  0.011190  0.040323 -0.069494 -0.006700 -0.003604  0.461276  0.011996 -0.326299
  0.061942  0.071359  0.066636  0.113873 -0.031287 -0.032561 -0.090188 -0.004989
 -0.004509  0.419822 -0.086940 -0.295744  0.055613  0.057232  0.052087 -0.296751
  0.056831  0.057024  0.052772 -0.727587  0.403744 -0.738274  0.409170  0.434599
  0.201431 -0.058782 -0.053069 -0.047517  0.005235 -0.035922 -0.076357 -0.021701
 -0.209578  0.007821  0.026160  0.368847 -0.195440  0.059687  0.006718  0.077417
 -0.014258 -0.022761  0.019982 -0.003424  0.000921  0.522264 -0.002613  0.278292
 -0.065394 -0.466632  0.095865  0.102005  0.084640 -0.069163 -0.117709 -0.005963
  0.041529 -0.475764  0.178452 -0.198640  0.018609  0.047186  0.032148 -0.111204
  0.046495  0.031332 -0.123703  0.011190  0.040323 -0.069494 -0.006700 -0.003604
  0.461276  0.011996 -0.326299  0.061942  0.071359  0.066636  0.113873 -0.031287
 -0.032561 -0.090188 -0.004989 -0.004509  0.419822 -0.086940 -0.295744  0.055613
  0.057232  0.052087 -0.296751  0.056831  0.057024  0.052772 -0.727587  0.403744
 -0.738274  0.409170  0.434599  0.201431 -0.058782 -0.053069 -0.047517  0.005235
 -0.035922 -0.076357 -0.021701 -0.209578  0.007821  0.026160  0.368847 -0.195440
  0.059687  0.006718  0.077417 -0.014258 -0.022761  0.019982 -0.003424  0.000921
  0.522264 -0.002613  0.278292 -0.065394 -0.466632  0.095865  0.102005  0.084640
 -0.069163 -0.117709 -0.005963  0.041529 -0.475764  0.178452 -0.198640  0.018609
  0.047186  0.032148 -0.111204  0.046495  0.031332 -0.123703  0.011190  0.040323
 -0.069494 -0.006700 -0.003604  0.461276  0.011996 -0.326299  0.061942  0.071359
  0.066636  0.113873 -0.031287 -0.032561 -0.090188 -0.004989 -0.004509  0.419822
 -0.086940 -0.295744  0.055613  0.057232  0.052087 -0.296751  0.056831  0.057024
  0.052772 -0.727587  0.403744 -0.738274  0.409170  0.434599  0.201431 -0.058782
 -0.053069 -0.047517  0.005235 -0.035922 -0.076357 -0.021701 -0.209578  0.007821
  0.026160  0.368847 -0.195440  0.059687  0.006718  0.077417 -0.014258 -0.022761
  0.019982 -0.003424  0.000921  0.522264 -0.002613  0.278292 -0.065394 -0.466632
  0.095865  0.102005  0.084640 -0.069163 -0.117709 -0.005963  0.041529 -0.475764
  0.178452 -0.198640  0.018609  0.047186  0.032148 -0.111204  0.046495  0.031332
 -0.123703  0.011190  0.040323 -0.069494 -0.006700 -0.003604  0.461276  0.011996
 -0.326299  0.061942  0.071359  0.066636  0.113873 -0.031287 -0.032561 -0.090188
 -0.004989 -0.004509  0.419822 -0.086940 -0.295744  0.055613  0.057232  0.052087
 -0.296751  0.056831  0.057024  0.052772 -0.727587  0.403744 -0.738274  0.409170
  0.434599  0.201431 -0.058782 -0.053069 -0.047517  0.005235 -0.035922 -0.076357
 -0.021701 -0.209578  0.007821  0.026160  0.368847 -0.195440  0.059687  0.006718
  0.077417 -0.014258 -0.022761  0.019982 -0.003424  0.000921  0.522264 -0.002613
  0.278292 -0.065394 -0.466632  0.095865  0.102005  0.084640 -0.069163 -0.117709
 -0.005963  0.041529 -0.475764  0.178452 -0.198640  0.018609  0.047186  0.032148
 -0.111204  0.046495  0.031332 -0.123703  0.011190  0.040323 -0.069494 -0.006700
 -0.003604  0.461276  0.011996 -0.326299  0.061942  0.071359  0.066636  0.113873
 -0.031287 -0.032561 -0.090188 -0.004989 -0.004509  0.419822 -0.086940 -0.295744
  0.055613  0.057232  0.052087 -0.296751  0.056831  0.057024  0.052772 -0.727587
  0.403744 -0.738274  0.409170  0.434599  0.201431 -0.058782 -0.053069 -0.047517
  0.005235 -0.035922 -0.076357 -0.021701 -0.209578  0.007821  0.026160  0.368847
 -0.195440  0.059687  0.006718  0.077417 -0.014258 -0.022761  0.019982 -0.003424
  0.000921  0.522264 -0.002613  0.278292 -0.065394 -0.466632  0.095865  0.102005
  0.084640 -0.069163 -0.117709 -0.005963  0.041529 -0.475764  0.178452 -0.198640
  0.018609  0.047186  0.032148 -0.111204  0.046495  0.031332 -0.123703  0.011190
  0.040323 -0.069494 -0.006700 -0.003604  0.461276  0.011996 -0.326299  0.061942
  0.071359  0.066636  0.113873 -0.031287 -0.032561 -0.090188 -0.004989 -0.004509
  0.419822 -0.086940 -0.295744  0.055613  0.057232  0.052087 -0.296751  0.056831
  0.057024  0.052772 -0.727587  0.403744 -0.738274  0.409170  0.434599  0.201431
 -0.058782 -0.053069 -0.047517  0.005235 -0.035922 -0.076357 -0.021701 -0.209578
  0.007821  0.026160  0.368847 -0.195440  0.059687  0.006718  0.077417 -0.014258
 -0.022761  0.019982 -0.003424  0.000921  0.522264 -0.002613  0.278292 -0.065394
 -0.466632  0.095865  0.102005  0.084640 -0.069163 -0.117709 -0.005963  0.041529
 -0.475764  0.178452 -0.198640  0.018609  0.047186  0.032148 -0.111204  0.046495
  0.031332 -0.123703  0.011190  0.040323 -0.069494 -0.006700 -0.003604  0.461276
  0.011996 -0.326299  0.061942  0.071359  0.066636  0.113873 -0.031287 -0.032561
 -0.090188 -0.004989 -0.004509  0.419822 -0.086940 -0.295744  0.055613  0.057232
  0.052087 -0.296751  0.056831  0.057024  0.052772 -0.727587  0.403744 -0.738274
  0.409170  0.434599  0.201431 -0.058782 -0.053069 -0.047517  0.005235 -0.035922
 -0.076357 -0.021701 -0.209578  0.007821  0.026160  0.368847 -0.195440  0.059687
  0.006718  0.077417 -0.014258 -0.022761  0.019982 -0.003424  0.000921  0.522264
 -0.002613  0.278292 -0.065394 -0.466632  0.095865  0.102005  0.084640 -0.069163
 -0.117709 -0.005963  0.041529 -0.475764  0.178452 -0.198640  0.018609  0.047186
  0.032148 -0.111204  0.046495  0.031332 -0.123703  0.011190  0.040323 -0.069494
 -0.006700 -0.003604  0.461276  0.011996 -0.326299  0.061942  0.071359  0.066636
  0.113873 -0.031287 -0.032561 -0.090188 -0.004989 -0.004509  0.419822 -0.086940
 -0.295744  0.055613  0.057232  0.052087 -0.296751  0.056831  0.057024  0.052772
 -0.727587  0.403744 -0.738274  0.409170  0.434599  0.201431 -0.058782 -0.053069
 -0.047517  0.005235 -0.035922 -0.076357 -0.021701 -0.209578  0.007821  0.026160
  0.368847 -0.195440  0.059687  0.006718  0.077417 -0.014258 -0.022761  0.019982
 -0.003424  0.000921  0.522264 -0.002613  0.278292 -0.065394 -0.466632  0.095865
  0.102005  0.084640 -0.069163 -0.117709 -0.005963  0.041529 -0.475764  0.178452
 -0.198640  0.018609  0.047186  0.032148 -0.111204  0.046495  0.031332 -0.123703
  0.011190  0.040323 -0.069494 -0.006700 -0.003604  0.461276  0.011996 -0.326299
  0.061942  0.071359  0.066636  0.113873 -0.031287 -0.032561 -0.090188 -0.004989
 -0.004509  0.419822 -0.086940 -0.295744  0.055613  0.057232  0.052087 -0.296751
  0.056831  0.057024  0.052772 -0.727587  0.403744 -0.738274  0.409170  0.434599
  0.201431 -0.058782 -0.053069 -0.047517  0.005235 -0.035922 -0.076357 -0.021701
 -0.209578  0.007821  0.026160  0.368847 -0.195440  0.059687  0.006718  0.077417
 -0.014258 -0.022761  0.019982 -0.003424  0.000921  0.522264 -0.002613  0.278292
 -0.065394 -0.466632  0.095865  0.102005  0.084640 -0.069163 -0.117709 -0.005963
  0.041529 -0.475764  0.178452 -0.198640  0.018609  0.047186  0.032148 -0.111204
  0.046495  0.031332 -0.123703  0.011190  0.040323 -0.069494 -0.006700 -0.003604
  0.461276  0.011996 -0.326299  0.061942  0.071359  0.066636  0.113873 -0.031287
 -0.032561 -0.090188 -0.004989 -0.004509  0.419822 -0.086940 -0.295744  0.055613
  0.057232  0.052087 -0.296751  0.056831  0.057024  0.052772 -0.727587  0.403744
 -0.738274  0.409170  0.434599  0.201431 -0.058782 -0.053069 -0.047517  0.005235
 -0.035922 -0.076357 -0.021701 -0.209578  0.007821  0.026160  0.368847 -0.195440
  0.059687  0.006718  0.077417 -0.014258 -0.022761  0.019982 -0.003424  0.000921
  0.522264 -0.002613  0.278292 -0.065394 -0.466632  0.095865  0.102005  0.084640
 -0.069163 -0.117709 -0.005963  0.041529 -0.475764  0.178452 -0.198640  0.018609
  0.047186  0.032148 -0.111204  0.046495  0.031332 -0.123703  0.011190  0.040323
 -0.069494 -0.006700 -0.003604  0.461276  0.011996 -0.326299  0.061942  0.071359
  0.066636  0.113873 -0.031287 -0.032561 -0.090188 -0.004989 -0.004509  0.419822
 -0.086940 -0.295744  0.055613  0.057232  0.052087 -0.296751  0.056831  0.057024
  0.052772 -0.727587  0.403744 -0.738274  0.409170  0.434599  0.201431 -0.058782
 -0.053069 -0.047517  0.005235 -0.035922 -0.076357 -0.021701 -0.209578  0.007821
  0.026160  0.368847 -0.195440  0.059687  0.006718  0.077417 -0.014258 -0.022761
  0.019982 -0.003424  0.000921  0.522264 -0.002613  0.278292 -0.065394 -0.466632
  0.095865  0.102005  0.084640 -0.069163 -0.117709 -0.005963  0.041529 -0.475764
  0.178452 -0.198640  0.018609  0.047186  0.032148 -0.111204  0.046495  0.031332
 -0.123703  0.011190  0.040323 -0.069494 -0.006700 -0.003604  0.461276  0.011996
 -0.326299  0.061942  0.071359  0.066636  0.113873 -0.031287 -0.032561 -0.090188
 -0.004989 -0.004509  0.419822 -0.086940 -0.295744  0.055613  0.057232  0.052087
 -0.296751  0.056831  0.057024  0.052772 -0.727587  0.403744 -0.738274  0.409170
  0.434599  0.201431 -0.058782 -0.053069 -0.047517  0.005235 -0.035922 -0.076357
 -0.021701 -0.209578  0.007821  0.026160  0.368847 -0.195440  0.059687  0.006718
  0.077417 -0.014258 -0.022761  0.019982 -0.003424  0.000921  0.522264 -0.002613
  0.278292 -0.065394 -0.466632  0.095865  0.102005  0.084640 -0.069163 -0.117709
 -0.005963  0.041529 -0.475764  0.178452 -0.198640  0.018609  0.047186  0.032148
 -0.111204  0.046495  0.031332 -0.123703  0.011190  0.040323 -0.069494 -0.006700
 -0.003604  0.461276  0.011996 -0.326299  0.061942  0.071359  0.066636  0.113873
 -0.031287 -0.032561 -0.090188 -0.004989 -0.004509  0.419822 -0.086940 -0.295744
  0.055613  0.057232  0.052087 -0.296751  0.056831  0.057024  0.052772 -0.727587
  0.403744 -0.738274  0.409170  0.434599  0.201431 -0.058782 -0.053069 -0.047517
  0.005235 -0.035922 -0.076357 -0.021701 -0.209578  0.007821  0.026160  0.368847
 -0.195440  0.059687  0.006718  0.077417 -0.014258 -0.022761  0.019982 -0.003424
  0.000921  0.522264 -0.002613  0.278292 -0.065394 -0.466632  0.095865  0.102005
  0.084640 -0.069163 -0.117709 -0.005963  0.041529 -0.475764  0.178452 -0.198640
  0.018609  0.047186  0.032148 -0.111204  0.046495  0.031332 -0.123703  0.011190
  0.040323 -0.069494 -0.006700 -0.003604  0.461276  0.011996 -0.326299  0.061942
  0.071359  0.066636  0.113873 -0.031287 -0.032561 -0.090188 -0.004989 -0.004509
  0.419822 -0.086940 -0.295744  0.055613  0.057232  0.052087 -0.296751  0.056831
  0.057024  0.052772 -0.727587  0.403744 -0.738274  0.409170  0.434599  0.201431
 -0.058782 -0.053069 -0.047517  0.005235 -0.035922 -0.076357 -0.021701 -0.209578
  0.007821  0.026160  0.368847 -0.195440  0.059687  0.006718  0.077417 -0.014258
 -0.022761  0.019982 -0.003424  0.000921  0.522264 -0.002613  0.278292 -0.065394
 -0.466632  0.095865  0.102005  0.084640 -0.069163 -0.117709 -0.005963  0.041529
 -0.475764  0.178452 -0.198640  0.018609  0.047186  0.032148 -0.111204  0.046495
  0.031332 -0.123703  0.011190  0.040323 -0.069494 -0.006700 -0.003604  0.461276
  0.011996 -0.326299  0.061942  0.071359  0.066636  0.113873 -0.031287 -0.032561
 -0.090188 -0.004989 -0.004509  0.419822 -0.086940 -0.295744  0.055613  0.057232
  0.052087 -0.296751  0.056831  0.057024  0.052772 -0.727587  0.403744 -0.738274
  0.409170  0.434599  0.201431 -0.058782 -0.053069 -0.047517  0.005235 -0.035922
 -0.076357 -0.021701 -0.209578  0.007821  0.026160  0.368847 -0.195440  0.059687
  0.006718  0.077417 -0.014258 -0.022761  0.019982 -0.003424  0.000921  0.522264
 -0.002613  0.278292 -0.065394 -0.466632  0.095865  0.102005  0.084640 -0.069163
 -0.117709 -0.005963  0.041529 -0.475764  0.178452 -0.198640  0.018609  0.047186
  0.032148 -0.111204  0.046495  0.031332 -0.123703  0.011190  0.040323 -0.069494
 -0.006700 -0.003604  0.461276  0.011996 -0.326299  0.061942  0.071359  0.066636
  0.113873 -0.031287 -0.032561 -0.090188 -0.004989 -0.004509  0.419822 -0.086940
 -0.295744  0.055613  0.057232  0.052087 -0.296751  0.056831  0.057024  0.052772
 -0.727587  0.403744 -0.738274  0.409170  0.434599  0.201431 -0.058782 -0.053069
 -0.047517  0.005235 -0.035922 -0.076357 -0.021701 -0.209578  0.007821  0.026160
  0.368847 -0.195440  0.059687  0.006718  0.077417 -0.014258 -0.022761  0.019982
 -0.003424  0.000921  0.522264 -0.002613  0.278292 -0.065394 -0.466632  0.095865
  0.102005  0.084640 -0.069163 -0.117709 -0.005963  0.041529 -0.475764  0.178452
 -0.198640  0.018609  0.047186  0.032148 -0.111204  0.046495  0.031332 -0.123703
  0.011190  0.040323 -0.069494 -0.006700 -0.003604  0.461276  0.011996 -0.326299
  0.061942  0.071359  0.066636  0.113873 -0.031287 -0.032561 -0.090188 -0.004989
 -0.004509  0.419822 -0.086940 -0.295744  0.055613  0.057232  0.052087 -0.296751
  0.056831  0.057024  0.052772 -0.727587  0.403744 -0.738274  0.409170  0.434599
  0.201431 -0.058782 -0.053069 -0.047517  0.005235 -0.035922 -0.076357 -0.021701
 -0.209578  0.007821  0.026160  0.368847 -0.195440  0.059687  0.006718  0.077417
 -0.014258 -0.022761  0.019982 -0.003424  0.000921  0.522264 -0.002613  0.278292
 -0.065394 -0.466632  0.095865  0.102005  0.084640 -0.069163 -0.117709 -0.005963
  0.041529 -0.475764  0.178452 -0.198640  0.018609  0.047186  0.032148 -0.111204
  0.046495  0.031332 -0.123703  0.011190  0.040323 -0.069494 -0.006700 -0.003604
  0.461276  0.011996 -0.326299  0.061942  0.071359  0.066636  0.113873 -0.031287
 -0.032561 -0.090188 -0.004989 -0.004509  0.419822 -0.086940 -0.295744  0.055613
  0.057232  0.052087 -0.296751  0.056831  0.057024  0.052772 -0.727587  0.403744
 -0.738274  0.409170  0.434599  0.201431 -0.058782 -0.053069 -0.047517  0.005235
 -0.035922 -0.076357 -0.021701 -0.209578  0.007821  0.026160  0.368847 -0.195440
  0.059687  0.006718  0.077417 -0.014258 -0.022761  0.019982 -0.003424  0.000921
  0.522264 -0.002613  0.278292 -0.065394 -0.466632  0.095865  0.102005  0.084640
 -0.069163 -0.117709 -0.005963  0.041529 -0.475764  0.178452 -0.198640  0.018609
  0.047186  0.032148 -0.111204  0.046495  0.031332 -0.123703  0.011190  0.040323
 -0.069494 -0.006700 -0.003604  0.461276  0.011996 -0.326299  0.061942  0.071359
  0.066636  0.113873 -0.031287 -0.032561 -0.090188 -0.004989 -0.004509  0.419822
 -0.086940 -0.295744  0.055613  0.057232  0.052087 -0.296751  0.056831  0.057024
  0.052772 -0.727587  0.403744 -0.738274  0.409170  0.434599  0.201431 -0.058782
 -0.053069 -0.047517  0.005235 -0.035922 -0.076357 -0.021701 -0.209578  0.007821
  0.026160  0.368847 -0.195440  0.059687  0.006718  0.077417 -0.014258 -0.022761
  0.019982 -0.003424  0.000921  0.522264 -0.002613  0.278292 -0.065394 -0.466632
  0.095865  0.102005  0.084640 -0.069163 -0.117709 -0.005963  0.041529 -0.475764
  0.178452 -0.198640  0.018609  0.047186  0.032148 -0.111204  0.046495  0.031332
 -0.123703  0.011190  0.040323 -0.069494 -0.006700 -0.003604  0.461276  0.011996
 -0.326299  0.061942  0.071359  0.066636  0.113873 -0.031287 -0.032561 -0.090188
 -0.004989 -0.004509  0.419822 -0.086940 -0.295744  0.055613  0.057232  0.052087
 -0.296751  0.056831  0.057024  0.052772 -0.727587  0.403744 -0.738274  0.409170
  0.434599  0.201431 -0.058782 -0.053069 -0.047517  0.005235 -0.035922 -0.076357
 -0.021701 -0.209578  0.007821  0.026160  0.368847 -0.195440  0.059687  0.006718
  0.077417 -0.014258 -0.022761  0.019982 -0.003424  0.000921  0.522264 -0.002613
  0.278292 -0.065394 -0.466632  0.095865  0.102005  0.084640 -0.069163 -0.117709
 -0.005963  0.041529 -0.475764  0.178452 -0.198640  0.018609  0.047186  0.032148
 -0.111204  0.046495  0.031332 -0.123703  0.011190  0.040323 -0.069494 -0.006700
 -0.003604  0.461276  0.011996 -0.326299  0.061942  0.071359  0.066636  0.113873
 -0.031287 -0.032561 -0.090188 -0.004989 -0.004509  0.419822 -0.086940 -0.295744
  0.055613  0.057232  0.052087 -0.296751  0.056831  0.057024  0.052772 -0.727587
  0.403744 -0.738274  0.409170  0.434599  0.201431 -0.058782 -0.053069 -0.047517
  0.005235 -0.035922 -0.076357 -0.021701 -0.209578  0.007821  0.026160  0.368847
 -0.195440  0.059687  0.006718  0.077417 -0.014258 -0.022761  0.019982 -0.003424
  0.000921  0.522264 -0.002613  0.278292 -0.065394 -0.466632  0.095865  0.102005
  0.084640 -0.069163 -0.117709 -0.005963  0.041529 -0.475764  0.178452 -0.198640
  0.018609  0.047186  0.032148 -0.111204  0.046495  0.031332 -0.123703  0.011190
  0.040323 -0.069494 -0.006700 -0.003604  0.461276  0.011996 -0.326299  0.061942
  0.071359  0.066636  0.113873 -0.031287 -0.032561 -0.090188 -0.004989 -0.004509
  0.419822 -0.086940 -0.295744  0.055613  0.057232  0.052087 -0.296751  0.056831
  0.057024  0.052772 -0.727587  0.403744 -0.738274  0.409170  0.434599  0.201431
 -0.058782 -0.053069 -0.047517  0.005235 -0.035922 -0.076357 -0.021701 -0.209578
  0.007821  0.026160  0.368847 -0.195440  0.059687  0.006718  0.077417 -0.014258
 -0.022761  0.019982 -0.003424  0.000921  0.522264 -0.002613  0.278292 -0.065394
 -0.466632  0.095865  0.102005  0.084640 -0.069163 -0.117709 -0.005963  0.041529
 -0.475764  0.178452 -0.198640  0.018609  0.047186  0.032148 -0.111204  0.046495
  0.031332 -0.123703  0.011190  0.040323 -0.069494 -0.006700 -0.003604  0.461276
  0.011996 -0.326299  0.061942  0.071359  0.066636  0.113873 -0.031287 -0.032561
 -0.090188 -0.004989 -0.004509  0.419822 -0.086940 -0.295744  0.055613  0.057232
  0.052087 -0.296751  0.056831  0.057024  0.052772 -0.727587  0.403744 -0.738274
  0.409170  0.434599  0.201431 -0.058782 -0.053069 -0.047517  0.005235 -0.035922
 -0.076357 -0.021701 -0.209578  0.007821  0.026160  0.368847 -0.195440  0.059687
  0.006718  0.077417 -0.014258 -0.022761  0.019982 -0.003424  0.000921  0.522264
 -0.002613  0.278292 -0.065394 -0.466632  0.095865  0.102005  0.084640 -0.069163
 -0.117709 -0.005963  0.041529 -0.475764  0.178452 -0.198640  0.018609  0.047186
  0.032148 -0.111204  0.046495  0.031332 -0.123703  0.011190  0.040323 -0.069494
 -0.006700 -0.003604  0.461276  0.011996 -0.326299  0.061942  0.071359  0.066636
  0.113873 -0.031287 -0.032561 -0.090188 -0.004989 -0.004509  0.419822 -0.086940
 -0.295744  0.055613  0.057232  0.052087 -0.296751  0.056831  0.057024  0.052772
 -0.727587  0.403744 -0.738274  0.409170  0.434599  0.201431 -0.058782 -0.053069
 -0.047517  0.005235 -0.035922 -0.076357 -0.021701 -0.209578  0.007821  0.026160
  0.368847 -0.195440  0.059687  0.006718  0.077417 -0.014258 -0.022761  0.019982
 -0.003424  0.000921  0.522264 -0.002613  0.278292 -0.065394 -0.466632  0.095865
  0.102005  0.084640 -0.069163 -0.117709 -0.005963  0.041529 -0.475764  0.178452
 -0.198640  0.018609  0.047186  0.032148 -0.111204  0.046495  0.031332 -0.123703
  0.011190  0.040323 -0.069494 -0.006700 -0.003604  0.461276  0.011996 -0.326299
  0.061942  0.071359  0.066636  0.113873 -0.031287 -0.032561 -0.090188 -0.004989
 -0.004509  0.419822 -0.086940 -0.295744  0.055613  0.057232  0.052087 -0.296751
  0.056831  0.057024  0.052772 -0.727587  0.403744 -0.738274  0.409170  0.434599
  0.201431 -0.058782 -0.053069 -0.047517  0.005235 -0.035922 -0.076357 -0.021701
 -0.209578  0.007821  0.026160  0.368847 -0.195440  0.059687  0.006718  0.077417
 -0.014258 -0.022761  0.019982 -0.003424  0.000921  0.522264 -0.002613  0.278292
 -0.065394 -0.466632  0.095865  0.102005  0.084640 -0.069163 -0.117709 -0.005963
  0.041529 -0.475764  0.178452 -0.198640  0.018609  0.047186  0.032148 -0.111204
  0.046495  0.031332 -0.123703  0.011190  0.040323 -0.069494 -0.006700 -0.003604
  0.461276  0.011996 -0.326299  0.061942  0.071359  0.066636  0.113873 -0.031287
 -0.032561 -0.090188 -0.004989 -0.004509  0.419822 -0.086940 -0.295744  0.055613
  0.057232  0.052087 -0.296751  0.056831  0.057024  0.052772 -0.727587  0.403744
 -0.738274  0.409170  0.434599  0.201431 -0.058782 -0.053069 -0.047517  0.005235
 -0.035922 -0.076357 -0.021701 -0.209578  0.007821  0.026160  0.368847 -0.195440
  0.059687  0.006718  0.077417 -0.014258 -0.022761  0.019982 -0.003424  0.000921
  0.522264 -0.002613  0.278292 -0.065394 -0.466632  0.095865  0.102005  0.084640
 -0.069163 -0.117709 -0.005963  0.041529 -0.475764  0.178452 -0.198640  0.018609
  0.047186  0.032148 -0.111204  0.046495  0.031332 -0.123703  0.011190  0.040323
 -0.069494 -0.006700 -0.003604  0.461276  0.011996 -0.326299  0.061942  0.071359
  0.066636  0.113873 -0.031287 -0.032561 -0.090188 -0.004989 -0.004509  0.419822
 -0.086940 -0.295744  0.055613  0.057232  0.052087 -0.296751  0.056831  0.057024
  0.052772 -0.727587  0.403744 -0.738274  0.409170  0.434599  0.201431 -0.058782
 -0.053069 -0.047517  0.005235 -0.035922 -0.076357 -0.021701 -0.209578  0.007821
  0.026160  0.368847 -0.195440  0.059687  0.006718  0.077417 -0.014258 -0.022761
  0.019982 -0.003424  0.000921  0.522264 -0.002613  0.278292 -0.065394 -0.466632
  0.095865  0.102005  0.084640 -0.069163 -0.117709 -0.005963  0.041529 -0.475764
  0.178452 -0.198640  0.018609  0.047186  0.032148 -0.111204  0.046495  0.031332
 -0.123703  0.011190  0.040323 -0.069494 -0.006700 -0.003604  0.461276  0.011996
 -0.326299  0.061942  0.071359  0.066636  0.113873 -0.031287 -0.032561 -0.090188
 -0.004989 -0.004509  0.419822 -0.086940 -0.295744  0.055613  0.057232  0.052087
 -0.296751  0.056831  0.057024  0.052772
