 -0.727587  0.403744 -0.738274  0.409170  0.434599  0.201431 -0.058782 -0.053069
 -0.047517  0.005235 -0.035922 -0.076357 -0.021701 -0.171528  0.008642  0.008642
  0.368847 -0.118903  0.013286  0.013286 -0.024758  0.017006  0.017006 -0.010305
  0.003370  0.003370  0.522264 -0.002613  0.278292 -0.065394 -0.476052  0.092184
  0.092184  0.092184 -0.069163 -0.116389  0.015740  0.015740 -0.475764  0.178452
 -0.154714  0.019171  0.019171  0.019171 -0.121759  0.044152  0.044152 -0.135162
  0.033526  0.033526 -0.070001 -0.005395 -0.005395  0.461276  0.011996 -0.312290
  0.063437  0.063437  0.063437  0.116658 -0.031330 -0.031330 -0.109200  0.000457
  0.000457  0.419822 -0.086940 -0.289462  0.053705  0.053705  0.053705 -0.291011
  0.054812  0.054812  0.054812 -0.727587  0.403744 -0.738274  0.409170  0.434599
  0.201431 -0.058782 -0.053069 -0.047517  0.005235 -0.035922 -0.076357 -0.021701
 -0.171528  0.008642  0.008642  0.368847 -0.118903  0.013286  0.013286 -0.024758
  0.017006  0.017006 -0.010305  0.003370  0.003370  0.522264 -0.002613  0.278292
 -0.065394 -0.476052  0.092184  0.092184  0.092184 -0.069163 -0.116389  0.015740
  0.015740 -0.475764  0.178452 -0.154714  0.019171  0.019171  0.019171 -0.121759
  0.044152  0.044152 -0.135162  0.033526  0.033526 -0.070001 -0.005395 -0.005395
  0.461276  0.011996 -0.312290  0.063437  0.063437  0.063437  0.116658 -0.031330
 -0.031330 -0.109200  0.000457  0.000457  0.419822 -0.086940 -0.289462  0.053705
  0.053705  0.053705 -0.291011  0.054812  0.054812  0.054812 -0.727587  0.403744
 -0.738274  0.409170  0.434599  0.201431 -0.058782 -0.053069 -0.047517  0.005235
 -0.035922 -0.076357 -0.021701 -0.171528  0.008642  0.008642  0.368847 -0.118903
  0.013286  0.013286 -0.024758  0.017006  0.017006 -0.010305  0.003370  0.003370
  0.522264 -0.002613  0.278292 -0.065394 -0.476052  0.092184  0.092184  0.092184
 -0.069163 -0.116389  0.015740  0.015740 -0.475764  0.178452 -0.154714  0.019171
  0.019171  0.019171 -0.121759  0.044152  0.044152 -0.135162  0.033526  0.033526
 -0.070001 -0.005395 -0.005395  0.461276  0.011996 -0.312290  0.063437  0.063437
  0.063437  0.116658 -0.031330 -0.031330 -0.109200  0.000457  0.000457  0.419822
 -0.086940 -0.289462  0.053705  0.053705  0.053705 -0.291011  0.054812  0.054812
  0.054812 -0.727587  0.403744 -0.738274  0.409170  0.434599  0.201431 -0.058782
 -0.053069 -0.047517  0.005235 -0.035922 -0.076357 -0.021701 -0.171528  0.008642
  0.008642  0.368847 -0.118903  0.013286  0.013286 -0.024758  0.017006  0.017006
 -0.010305  0.003370  0.003370  0.522264 -0.002613  0.278292 -0.065394 -0.476052
  0.092184  0.092184  0.092184 -0.069163 -0.116389  0.015740  0.015740 -0.475764
  0.178452 -0.154714  0.019171  0.019171  0.019171 -0.121759  0.044152  0.044152
 -0.135162  0.033526  0.033526 -0.070001 -0.005395 -0.005395  0.461276  0.011996
 -0.312290  0.063437  0.063437  0.063437  0.116658 -0.031330 -0.031330 -0.109200
  0.000457  0.000457  0.419822 -0.086940 -0.289462  0.053705  0.053705  0.053705
 -0.291011  0.054812  0.054812  0.054812 -0.727587  0.403744 -0.738274  0.409170
  0.434599  0.201431 -0.058782 -0.053069 -0.047517  0.005235 -0.035922 -0.076357
 -0.021701 -0.171528  0.008642  0.008642  0.368847 -0.118903  0.013286  0.013286
 -0.024758  0.017006  0.017006 -0.010305  0.003370  0.003370  0.522264 -0.002613
  0.278292 -0.065394 -0.476052  0.092184  0.092184  0.092184 -0.069163 -0.116389
  0.015740  0.015740 -0.475764  0.178452 -0.154714  0.019171  0.019171  0.019171
 -0.121759  0.044152  0.044152 -0.135162  0.033526  0.033526 -0.070001 -0.005395
 -0.005395  0.461276  0.011996 -0.312290  0.063437  0.063437  0.063437  0.116658
 -0.031330 -0.031330 -0.109200  0.000457  0.000457  0.419822 -0.086940 -0.289462
  0.053705  0.053705  0.053705 -0.291011  0.054812  0.054812  0.054812 -0.727587
  0.403744 -0.738274  0.409170  0.434599  0.201431 -0.058782 -0.053069 -0.047517
  0.005235 -0.035922 -0.076357 -0.021701 -0.171528  0.008642  0.008642  0.368847
 -0.118903  0.013286  0.013286 -0.024758  0.017006  0.017006 -0.010305  0.003370
  0.003370  0.522264 -0.002613  0.278292 -0.065394 -0.476052  0.092184  0.092184
  0.092184 -0.069163 -0.116389  0.015740  0.015740 -0.475764  0.178452 -0.154714
  0.019171  0.019171  0.019171 -0.121759  0.044152  0.044152 -0.135162  0.033526
  0.033526 -0.070001 -0.005395 -0.005395  0.461276  0.011996 -0.312290  0.063437
  0.063437  0.063437  0.116658 -0.031330 -0.031330 -0.109200  0.000457  0.000457
  0.419822 -0.086940 -0.289462  0.053705  0.053705  0.053705 -0.291011  0.054812
  0.054812  0.054812 -0.727587  0.403744 -0.738274  0.409170  0.434599  0.201431
 -0.058782 -0.053069 -0.047517  0.005235 -0.035922 -0.076357 -0.021701 -0.171528
  0.008642  0.008642  0.368847 -0.118903  0.013286  0.013286 -0.024758  0.017006
  0.017006 -0.010305  0.003370  0.003370  0.522264 -0.002613  0.278292 -0.065394
 -0.476052  0.092184  0.092184  0.092184 -0.069163 -0.116389  0.015740  0.015740
 -0.475764  0.178452 -0.154714  0.019171  0.019171  0.019171 -0.121759  0.044152
  0.044152 -0.135162  0.033526  0.033526 -0.070001 -0.005395 -0.005395  0.461276
  0.011996 -0.312290  0.063437  0.063437  0.063437  0.116658 -0.031330 -0.031330
 -0.109200  0.000457  0.000457  0.419822 -0.086940 -0.289462  0.053705  0.053705
  0.053705 -0.291011  0.054812  0.054812  0.054812 -0.727587  0.403744 -0.738274
  0.409170  0.434599  0.201431 -0.058782 -0.053069 -0.047517  0.005235 -0.035922
 -0.076357 -0.021701 -0.171528  0.008642  0.008642  0.368847 -0.118903  0.013286
  0.013286 -0.024758  0.017006  0.017006 -0.010305  0.003370  0.003370  0.522264
 -0.002613  0.278292 -0.065394 -0.476052  0.092184  0.092184  0.092184 -0.069163
 -0.116389  0.015740  0.015740 -0.475764  0.178452 -0.154714  0.019171  0.019171
  0.019171 -0.121759  0.044152  0.044152 -0.135162  0.033526  0.033526 -0.070001
 -0.005395 -0.005395  0.461276  0.011996 -0.312290  0.063437  0.063437  0.063437
  0.116658 -0.031330 -0.031330 -0.109200  0.000457  0.000457  0.419822 -0.086940
 -0.289462  0.053705  0.053705  0.053705 -0.291011  0.054812  0.054812  0.054812
 -0.727587  0.403744 -0.738274  0.409170  0.434599  0.201431 -0.058782 -0.053069
 -0.047517  0.005235 -0.035922 -0.076357 -0.021701 -0.171528  0.008642  0.008642
  0.368847 -0.118903  0.013286  0.013286 -0.024758  0.017006  0.017006 -0.010305
  0.003370  0.003370  0.522264 -0.002613  0.278292 -0.065394 -0.476052  0.092184
  0.092184  0.092184 -0.069163 -0.116389  0.015740  0.015740 -0.475764  0.178452
 -0.154714  0.019171  0.019171  0.019171 -0.121759  0.044152  0.044152 -0.135162
  0.033526  0.033526 -0.070001 -0.005395 -0.005395  0.461276  0.011996 -0.312290
  0.063437  0.063437  0.063437  0.116658 -0.031330 -0.031330 -0.109200  0.000457
  0.000457  0.419822 -0.086940 -0.289462  0.053705  0.053705  0.053705 -0.291011
  0.054812  0.054812  0.054812 -0.727587  0.403744 -0.738274  0.409170  0.434599
  0.201431 -0.058782 -0.053069 -0.047517  0.005235 -0.035922 -0.076357 -0.021701
 -0.171528  0.008642  0.008642  0.368847 -0.118903  0.013286  0.013286 -0.024758
  0.017006  0.017006 -0.010305  0.003370  0.003370  0.522264 -0.002613  0.278292
 -0.065394 -0.476052  0.092184  0.092184  0.092184 -0.069163 -0.116389  0.015740
  0.015740 -0.475764  0.178452 -0.154714  0.019171  0.019171  0.019171 -0.121759
  0.044152  0.044152 -0.135162  0.033526  0.033526 -0.070001 -0.005395 -0.005395
  0.461276  0.011996 -0.312290  0.063437  0.063437  0.063437  0.116658 -0.031330
 -0.031330 -0.109200  0.000457  0.000457  0.419822 -0.086940 -0.289462  0.053705
  0.053705  0.053705 -0.291011  0.054812  0.054812  0.054812 -0.727587  0.403744
 -0.738274  0.409170  0.434599  0.201431 -0.058782 -0.053069 -0.047517  0.005235
 -0.035922 -0.076357 -0.021701 -0.171528  0.008642  0.008642  0.368847 -0.118903
  0.013286  0.013286 -0.024758  0.017006  0.017006 -0.010305  0.003370  0.003370
  0.522264 -0.002613  0.278292 -0.065394 -0.476052  0.092184  0.092184  0.092184
 -0.069163 -0.116389  0.015740  0.015740 -0.475764  0.178452 -0.154714  0.019171
  0.019171  0.019171 -0.121759  0.044152  0.044152 -0.135162  0.033526  0.033526
 -0.070001 -0.005395 -0.005395  0.461276  0.011996 -0.312290  0.063437  0.063437
  0.063437  0.116658 -0.031330 -0.031330 -0.109200  0.000457  0.000457  0.419822
 -0.086940 -0.289462  0.053705  0.053705  0.053705 -0.291011  0.054812  0.054812
  0.054812 -0.727587  0.403744 -0.738274  0.409170  0.434599  0.201431 -0.058782
 -0.053069 -0.047517  0.005235 -0.035922 -0.076357 -0.021701 -0.171528  0.008642
  0.008642  0.368847 -0.118903  0.013286  0.013286 -0.024758  0.017006  0.017006
 -0.010305  0.003370  0.003370  0.522264 -0.002613  0.278292 -0.065394 -0.476052
  0.092184  0.092184  0.092184 -0.069163 -0.116389  0.015740  0.015740 -0.475764
  0.178452 -0.154714  0.019171  0.019171  0.019171 -0.121759  0.044152  0.044152
 -0.135162  0.033526  0.033526 -0.070001 -0.005395 -0.005395  0.461276  0.011996
 -0.312290  0.063437  0.063437  0.063437  0.116658 -0.031330 -0.031330 -0.109200
  0.000457  0.000457  0.419822 -0.086940 -0.289462  0.053705  0.053705  0.053705
 -0.291011  0.054812  0.054812  0.054812 -0.727587  0.403744 -0.738274  0.409170
  0.434599  0.201431 -0.058782 -0.053069 -0.047517  0.005235 -0.035922 -0.076357
 -0.021701 -0.171528  0.008642  0.008642  0.368847 -0.118903  0.013286  0.013286
 -0.024758  0.017006  0.017006 -0.010305  0.003370  0.003370  0.522264 -0.002613
  0.278292 -0.065394 -0.476052  0.092184  0.092184  0.092184 -0.069163 -0.116389
  0.015740  0.015740 -0.475764  0.178452 -0.154714  0.019171  0.019171  0.019171
 -0.121759  0.044152  0.044152 -0.135162  0.033526  0.033526 -0.070001 -0.005395
 -0.005395  0.461276  0.011996 -0.312290  0.063437  0.063437  0.063437  0.116658
 -0.031330 -0.031330 -0.109200  0.000457  0.000457  0.419822 -0.086940 -0.289462
  0.053705  0.053705  0.053705 -0.291011  0.054812  0.054812  0.054812 -0.727587
  0.403744 -0.738274  0.409170  0.434599  0.201431 -0.058782 -0.053069 -0.047517
  0.005235 -0.035922 -0.076357 -0.021701 -0.171528  0.008642  0.008642  0.368847
 -0.118903  0.013286  0.013286 -0.024758  0.017006  0.017006 -0.010305  0.003370
  0.003370  0.522264 -0.002613  0.278292 -0.065394 -0.476052  0.092184  0.092184
  0.092184 -0.069163 -0.116389  0.015740  0.015740 -0.475764  0.178452 -0.154714
  0.019171  0.019171  0.019171 -0.121759  0.044152  0.044152 -0.135162  0.033526
  0.033526 -0.070001 -0.005395 -0.005395  0.461276  0.011996 -0.312290  0.063437
  0.063437  0.063437  0.116658 -0.031330 -0.031330 -0.109200  0.000457  0.000457
  0.419822 -0.086940 -0.289462  0.053705  0.053705  0.053705 -0.291011  0.054812
  0.054812  0.054812 -0.727587  0.403744 -0.738274  0.409170  0.434599  0.201431
 -0.058782 -0.053069 -0.047517  0.005235 -0.035922 -0.076357 -0.021701 -0.171528
  0.008642  0.008642  0.368847 -0.118903  0.013286  0.013286 -0.024758  0.017006
  0.017006 -0.010305  0.003370  0.003370  0.522264 -0.002613  0.278292 -0.065394
 -0.476052  0.092184  0.092184  0.092184 -0.069163 -0.116389  0.015740  0.015740
 -0.475764  0.178452 -0.154714  0.019171  0.019171  0.019171 -0.121759  0.044152
  0.044152 -0.135162  0.033526  0.033526 -0.070001 -0.005395 -0.005395  0.461276
  0.011996 -0.312290  0.063437  0.063437  0.063437  0.116658 -0.031330 -0.031330
 -0.109200  0.000457  0.000457  0.419822 -0.086940 -0.289462  0.053705  0.053705
  0.053705 -0.291011  0.054812  0.054812  0.054812 -0.727587  0.403744 -0.738274
  0.409170  0.434599  0.201431 -0.058782 -0.053069 -0.047517  0.005235 -0.035922
 -0.076357 -0.021701 -0.171528  0.008642  0.008642  0.368847 -0.118903  0.013286
  0.013286 -0.024758  0.017006  0.017006 -0.010305  0.003370  0.003370  0.522264
 -0.002613  0.278292 -0.065394 -0.476052  0.092184  0.092184  0.092184 -0.069163
 -0.116389  0.015740  0.015740 -0.475764  0.178452 -0.154714  0.019171  0.019171
  0.019171 -0.121759  0.044152  0.044152 -0.135162  0.033526  0.033526 -0.070001
 -0.005395 -0.005395  0.461276  0.011996 -0.312290  0.063437  0.063437  0.063437
  0.116658 -0.031330 -0.031330 -0.109200  0.000457  0.000457  0.419822 -0.086940
 -0.289462  0.053705  0.053705  0.053705 -0.291011  0.054812  0.054812  0.054812
 -0.727587  0.403744 -0.738274  0.409170  0.434599  0.201431 -0.058782 -0.053069
 -0.047517  0.005235 -0.035922 -0.076357 -0.021701 -0.171528  0.008642  0.008642
  0.368847 -0.118903  0.013286  0.013286 -0.024758  0.017006  0.017006 -0.010305
  0.003370  0.003370  0.522264 -0.002613  0.278292 -0.065394 -0.476052  0.092184
  0.092184  0.092184 -0.069163 -0.116389  0.015740  0.015740 -0.475764  0.178452
 -0.154714  0.019171  0.019171  0.019171 -0.121759  0.044152  0.044152 -0.135162
  0.033526  0.033526 -0.070001 -0.005395 -0.005395  0.461276  0.011996 -0.312290
  0.063437  0.063437  0.063437  0.116658 -0.031330 -0.031330 -0.109200  0.000457
  0.000457  0.419822 -0.086940 -0.289462  0.053705  0.053705  0.053705 -0.291011
  0.054812  0.054812  0.054812 -0.727587  0.403744 -0.738274  0.409170  0.434599
  0.201431 -0.058782 -0.053069 -0.047517  0.005235 -0.035922 -0.076357 -0.021701
 -0.171528  0.008642  0.008642  0.368847 -0.118903  0.013286  0.013286 -0.024758
  0.017006  0.017006 -0.010305  0.003370  0.003370  0.522264 -0.002613  0.278292
 -0.065394 -0.476052  0.092184  0.092184  0.092184 -0.069163 -0.116389  0.015740
  0.015740 -0.475764  0.178452 -0.154714  0.019171  0.019171  0.019171 -0.121759
  0.044152  0.044152 -0.135162  0.033526  0.033526 -0.070001 -0.005395 -0.005395
  0.461276  0.011996 -0.312290  0.063437  0.063437  0.063437  0.116658 -0.031330
 -0.031330 -0.109200  0.000457  0.000457  0.419822 -0.086940 -0.289462  0.053705
  0.053705  0.053705 -0.291011  0.054812  0.054812  0.054812 -0.727587  0.403744
 -0.738274  0.409170  0.434599  0.201431 -0.058782 -0.053069 -0.047517  0.005235
 -0.035922 -0.076357 -0.021701 -0.171528  0.008642  0.008642  0.368847 -0.118903
  0.013286  0.013286 -0.024758  0.017006  0.017006 -0.010305  0.003370  0.003370
  0.522264 -0.002613  0.278292 -0.065394 -0.476052  0.092184  0.092184  0.092184
 -0.069163 -0.116389  0.015740  0.015740 -0.475764  0.178452 -0.154714  0.019171
  0.019171  0.019171 -0.121759  0.044152  0.044152 -0.135162  0.033526  0.033526
 -0.070001 -0.005395 -0.005395  0.461276  0.011996 -0.312290  0.063437  0.063437
  0.063437  0.116658 -0.031330 -0.031330 -0.109200  0.000457  0.000457  0.419822
 -0.086940 -0.289462  0.053705  0.053705  0.053705 -0.291011  0.054812  0.054812
  0.054812 -0.727587  0.403744 -0.738274  0.409170  0.434599  0.201431 -0.058782
 -0.053069 -0.047517  0.005235 -0.035922 -0.076357 -0.021701 -0.171528  0.008642
  0.008642  0.368847 -0.118903  0.013286  0.013286 -0.024758  0.017006  0.017006
 -0.010305  0.003370  0.003370  0.522264 -0.002613  0.278292 -0.065394 -0.476052
  0.092184  0.092184  0.092184 -0.069163 -0.116389  0.015740  0.015740 -0.475764
  0.178452 -0.154714  0.019171  0.019171  0.019171 -0.121759  0.044152  0.044152
 -0.135162  0.033526  0.033526 -0.070001 -0.005395 -0.005395  0.461276  0.011996
 -0.312290  0.063437  0.063437  0.063437  0.116658 -0.031330 -0.031330 -0.109200
  0.000457  0.000457  0.419822 -0.086940 -0.289462  0.053705  0.053705  0.053705
 -0.291011  0.054812  0.054812  0.054812 -0.727587  0.403744 -0.738274  0.409170
  0.434599  0.201431 -0.058782 -0.053069 -0.047517  0.005235 -0.035922 -0.076357
 -0.021701 -0.171528  0.008642  0.008642  0.368847 -0.118903  0.013286  0.013286
 -0.024758  0.017006  0.017006 -0.010305  0.003370  0.003370  0.522264 -0.002613
  0.278292 -0.065394 -0.476052  0.092184  0.092184  0.092184 -0.069163 -0.116389
  0.015740  0.015740 -0.475764  0.178452 -0.154714  0.019171  0.019171  0.019171
 -0.121759  0.044152  0.044152 -0.135162  0.033526  0.033526 -0.070001 -0.005395
 -0.005395  0.461276  0.011996 -0.312290  0.063437  0.063437  0.063437  0.116658
 -0.031330 -0.031330 -0.109200  0.000457  0.000457  0.419822 -0.086940 -0.289462
  0.053705  0.053705  0.053705 -0.291011  0.054812  0.054812  0.054812 -0.727587
  0.403744 -0.738274  0.409170  0.434599  0.201431 -0.058782 -0.053069 -0.047517
  0.005235 -0.035922 -0.076357 -0.021701 -0.171528  0.008642  0.008642  0.368847
 -0.118903  0.013286  0.013286 -0.024758  0.017006  0.017006 -0.010305  0.003370
  0.003370  0.522264 -0.002613  0.278292 -0.065394 -0.476052  0.092184  0.092184
  0.092184 -0.069163 -0.116389  0.015740  0.015740 -0.475764  0.178452 -0.154714
  0.019171  0.019171  0.019171 -0.121759  0.044152  0.044152 -0.135162  0.033526
  0.033526 -0.070001 -0.005395 -0.005395  0.461276  0.011996 -0.312290  0.063437
  0.063437  0.063437  0.116658 -0.031330 -0.031330 -0.109200  0.000457  0.000457
  0.419822 -0.086940 -0.289462  0.053705  0.053705  0.053705 -0.291011  0.054812
  0.054812  0.054812 -0.727587  0.403744 -0.738274  0.409170  0.434599  0.201431
 -0.058782 -0.053069 -0.047517  0.005235 -0.035922 -0.076357 -0.021701 -0.171528
  0.008642  0.008642  0.368847 -0.118903  0.013286  0.013286 -0.024758  0.017006
  0.017006 -0.010305  0.003370  0.003370  0.522264 -0.002613  0.278292 -0.065394
 -0.476052  0.092184  0.092184  0.092184 -0.069163 -0.116389  0.015740  0.015740
 -0.475764  0.178452 -0.154714  0.019171  0.019171  0.019171 -0.121759  0.044152
  0.044152 -0.135162  0.033526  0.033526 -0.070001 -0.005395 -0.005395  0.461276
  0.011996 -0.312290  0.063437  0.063437  0.063437  0.116658 -0.031330 -0.031330
 -0.109200  0.000457  0.000457  0.419822 -0.086940 -0.289462  0.053705  0.053705
  0.053705 -0.291011  0.054812  0.054812  0.054812 -0.727587  0.403744 -0.738274
  0.409170  0.434599  0.201431 -0.058782 -0.053069 -0.047517  0.005235 -0.035922
 -0.076357 -0.021701 -0.171528  0.008642  0.008642  0.368847 -0.118903  0.013286
  0.013286 -0.024758  0.017006  0.017006 -0.010305  0.003370  0.003370  0.522264
 -0.002613  0.278292 -0.065394 -0.476052  0.092184  0.092184  0.092184 -0.069163
 -0.116389  0.015740  0.015740 -0.475764  0.178452 -0.154714  0.019171  0.019171
  0.019171 -0.121759  0.044152  0.044152 -0.135162  0.033526  0.033526 -0.070001
 -0.005395 -0.005395  0.461276  0.011996 -0.312290  0.063437  0.063437  0.063437
  0.116658 -0.031330 -0.031330 -0.109200  0.000457  0.000457  0.419822 -0.086940
 -0.289462  0.053705  0.053705  0.053705 -0.291011  0.054812  0.054812  0.054812
 -0.727587  0.403744 -0.738274  0.409170  0.434599  0.201431 -0.058782 -0.053069
 -0.047517  0.005235 -0.035922 -0.076357 -0.021701 -0.171528  0.008642  0.008642
  0.368847 -0.118903  0.013286  0.013286 -0.024758  0.017006  0.017006 -0.010305
  0.003370  0.003370  0.522264 -0.002613  0.278292 -0.065394 -0.476052  0.092184
  0.092184  0.092184 -0.069163 -0.116389  0.015740  0.015740 -0.475764  0.178452
 -0.154714  0.019171  0.019171  0.019171 -0.121759  0.044152  0.044152 -0.135162
  0.033526  0.033526 -0.070001 -0.005395 -0.005395  0.461276  0.011996 -0.312290
  0.063437  0.063437  0.063437  0.116658 -0.031330 -0.031330 -0.109200  0.000457
  0.000457  0.419822 -0.086940 -0.289462  0.053705  0.053705  0.053705 -0.291011
  0.054812  0.054812  0.054812 -0.727587  0.403744 -0.738274  0.409170  0.434599
  0.201431 -0.058782 -0.053069 -0.047517  0.005235 -0.035922 -0.076357 -0.021701
 -0.171528  0.008642  0.008642  0.368847 -0.118903  0.013286  0.013286 -0.024758
  0.017006  0.017006 -0.010305  0.003370  0.003370  0.522264 -0.002613  0.278292
 -0.065394 -0.476052  0.092184  0.092184  0.092184 -0.069163 -0.116389  0.015740
  0.015740 -0.475764  0.178452 -0.154714  0.019171  0.019171  0.019171 -0.121759
  0.044152  0.044152 -0.135162  0.033526  0.033526 -0.070001 -0.005395 -0.005395
  0.461276  0.011996 -0.312290  0.063437  0.063437  0.063437  0.116658 -0.031330
 -0.031330 -0.109200  0.000457  0.000457  0.419822 -0.086940 -0.289462  0.053705
  0.053705  0.053705 -0.291011  0.054812  0.054812  0.054812 -0.727587  0.403744
 -0.738274  0.409170  0.434599  0.201431 -0.058782 -0.053069 -0.047517  0.005235
 -0.035922 -0.076357 -0.021701 -0.171528  0.008642  0.008642  0.368847 -0.118903
  0.013286  0.013286 -0.024758  0.017006  0.017006 -0.010305  0.003370  0.003370
  0.522264 -0.002613  0.278292 -0.065394 -0.476052  0.092184  0.092184  0.092184
 -0.069163 -0.116389  0.015740  0.015740 -0.475764  0.178452 -0.154714  0.019171
  0.019171  0.019171 -0.121759  0.044152  0.044152 -0.135162  0.033526  0.033526
 -0.070001 -0.005395 -0.005395  0.461276  0.011996 -0.312290  0.063437  0.063437
  0.063437  0.116658 -0.031330 -0.031330 -0.109200  0.000457  0.000457  0.419822
 -0.086940 -0.289462  0.053705  0.053705  0.053705 -0.291011  0.054812  0.054812
  0.054812 -0.727587  0.403744 -0.738274  0.409170  0.434599  0.201431 -0.058782
 -0.053069 -0.047517  0.005235 -0.035922 -0.076357 -0.021701 -0.171528  0.008642
  0.008642  0.368847 -0.118903  0.013286  0.013286 -0.024758  0.017006  0.017006
 -0.010305  0.003370  0.003370  0.522264 -0.002613  0.278292 -0.065394 -0.476052
  0.092184  0.092184  0.092184 -0.069163 -0.116389  0.015740  0.015740 -0.475764
  0.178452 -0.154714  0.019171  0.019171  0.019171 -0.121759  0.044152  0.044152
 -0.135162  0.033526  0.033526 -0.070001 -0.005395 -0.005395  0.461276  0.011996
 -0.312290  0.063437  0.063437  0.063437  0.116658 -0.031330 -0.031330 -0.109200
  0.000457  0.000457  0.419822 -0.086940 -0.289462  0.053705  0.053705  0.053705
 -0.291011  0.054812  0.054812  0.054812 -0.727587  0.403744 -0.738274  0.409170
  0.434599  0.201431 -0.058782 -0.053069 -0.047517  0.005235 -0.035922 -0.076357
 -0.021701 -0.171528  0.008642  0.008642  0.368847 -0.118903  0.013286  0.013286
 -0.024758  0.017006  0.017006 -0.010305  0.003370  0.003370  0.522264 -0.002613
  0.278292 -0.065394 -0.476052  0.092184  0.092184  0.092184 -0.069163 -0.116389
  0.015740  0.015740 -0.475764  0.178452 -0.154714  0.019171  0.019171  0.019171
 -0.121759  0.044152  0.044152 -0.135162  0.033526  0.033526 -0.070001 -0.005395
 -0.005395  0.461276  0.011996 -0.312290  0.063437  0.063437  0.063437  0.116658
 -0.031330 -0.031330 -0.109200  0.000457  0.000457  0.419822 -0.086940 -0.289462
  0.053705  0.053705  0.053705 -0.291011  0.054812  0.054812  0.054812 -0.727587
  0.403744 -0.738274  0.409170  0.434599  0.201431 -0.058782 -0.053069 -0.047517
  0.005235 -0.035922 -0.076357 -0.021701 -0.171528  0.008642  0.008642  0.368847
 -0.118903  0.013286  0.013286 -0.024758  0.017006  0.017006 -0.010305  0.003370
  0.003370  0.522264 -0.002613  0.278292 -0.065394 -0.476052  0.092184  0.092184
  0.092184 -0.069163 -0.116389  0.015740  0.015740 -0.475764  0.178452 -0.154714
  0.019171  0.019171  0.019171 -0.121759  0.044152  0.044152 -0.135162  0.033526
  0.033526 -0.070001 -0.005395 -0.005395  0.461276  0.011996 -0.312290  0.063437
  0.063437  0.063437  0.116658 -0.031330 -0.031330 -0.109200  0.000457  0.000457
  0.419822 -0.086940 -0.289462  0.053705  0.053705  0.053705 -0.291011  0.054812
  0.054812  0.054812 -0.727587  0.403744 -0.738274  0.409170  0.434599  0.201431
 -0.058782 -0.053069 -0.047517  0.005235 -0.035922 -0.076357 -0.021701 -0.171528
  0.008642  0.008642  0.368847 -0.118903  0.013286  0.013286 -0.024758  0.017006
  0.017006 -0.010305  0.003370  0.003370  0.522264 -0.002613  0.278292 -0.065394
 -0.476052  0.092184  0.092184  0.092184 -0.069163 -0.116389  0.015740  0.015740
 -0.475764  0.178452 -0.154714  0.019171  0.019171  0.019171 -0.121759  0.044152
  0.044152 -0.135162  0.033526  0.033526 -0.070001 -0.005395 -0.005395  0.461276
  0.011996 -0.312290  0.063437  0.063437  0.063437  0.116658 -0.031330 -0.031330
 -0.109200  0.000457  0.000457  0.419822 -0.086940 -0.289462  0.053705  0.053705
  0.053705 -0.291011  0.054812  0.054812  0.054812 -0.727587  0.403744 -0.738274
  0.409170  0.434599  0.201431 -0.058782 -0.053069 -0.047517  0.005235 -0.035922
 -0.076357 -0.021701 -0.171528  0.008642  0.008642  0.368847 -0.118903  0.013286
  0.013286 -0.024758  0.017006  0.017006 -0.010305  0.003370  0.003370  0.522264
 -0.002613  0.278292 -0.065394 -0.476052  0.092184  0.092184  0.092184 -0.069163
 -0.116389  0.015740  0.015740 -0.475764  0.178452 -0.154714  0.019171  0.019171
  0.019171 -0.121759  0.044152  0.044152 -0.135162  0.033526  0.033526 -0.070001
 -0.005395 -0.005395  0.461276  0.011996 -0.312290  0.063437  0.063437  0.063437
  0.116658 -0.031330 -0.031330 -0.109200  0.000457  0.000457  0.419822 -0.086940
 -0.289462  0.053705  0.053705  0.053705 -0.291011  0.054812  0.054812  0.054812
 -0.727587  0.403744 -0.738274  0.409170  0.434599  0.201431 -0.058782 -0.053069
 -0.047517  0.005235 -0.035922 -0.076357 -0.021701 -0.171528  0.008642  0.008642
  0.368847 -0.118903  0.013286  0.013286 -0.024758  0.017006  0.017006 -0.010305
  0.003370  0.003370  0.522264 -0.002613  0.278292 -0.065394 -0.476052  0.092184
  0.092184  0.092184 -0.069163 -0.116389  0.015740  0.015740 -0.475764  0.178452
 -0.154714  0.019171  0.019171  0.019171 -0.121759  0.044152  0.044152 -0.135162
  0.033526  0.033526 -0.070001 -0.005395 -0.005395  0.461276  0.011996 -0.312290
  0.063437  0.063437  0.063437  0.116658 -0.031330 -0.031330 -0.109200  0.000457
  0.000457  0.419822 -0.086940 -0.289462  0.053705  0.053705  0.053705 -0.291011
  0.054812  0.054812  0.054812 -0.727587  0.403744 -0.738274  0.409170  0.434599
  0.201431 -0.058782 -0.053069 -0.047517  0.005235 -0.035922 -0.076357 -0.021701
 -0.171528  0.008642  0.008642  0.368847 -0.118903  0.013286  0.013286 -0.024758
  0.017006  0.017006 -0.010305  0.003370  0.003370  0.522264 -0.002613  0.278292
 -0.065394 -0.476052  0.092184  0.092184  0.092184 -0.069163 -0.116389  0.015740
  0.015740 -0.475764  0.178452 -0.154714  0.019171  0.019171  0.019171 -0.121759
  0.044152  0.044152 -0.135162  0.033526  0.033526 -0.070001 -0.005395 -0.005395
  0.461276  0.011996 -0.312290  0.063437  0.063437  0.063437  0.116658 -0.031330
 -0.031330 -0.109200  0.000457  0.000457  0.419822 -0.086940 -0.289462  0.053705
  0.053705  0.053705 -0.291011  0.054812  0.054812  0.054812 -0.727587  0.403744
 -0.738274  0.409170  0.434599  0.201431 -0.058782 -0.053069 -0.047517  0.005235
 -0.035922 -0.076357 -0.021701 -0.171528  0.008642  0.008642  0.368847 -0.118903
  0.013286  0.013286 -0.024758  0.017006  0.017006 -0.010305  0.003370  0.003370
  0.522264 -0.002613  0.278292 -0.065394 -0.476052  0.092184  0.092184  0.092184
 -0.069163 -0.116389  0.015740  0.015740 -0.475764  0.178452 -0.154714  0.019171
  0.019171  0.019171 -0.121759  0.044152  0.044152 -0.135162  0.033526  0.033526
 -0.070001 -0.005395 -0.005395  0.461276  0.011996 -0.312290  0.063437  0.063437
  0.063437  0.116658 -0.031330 -0.031330 -0.109200  0.000457  0.000457  0.419822
 -0.086940 -0.289462  0.053705  0.053705  0.053705 -0.291011  0.054812  0.054812
  0.054812 -0.727587  0.403744 -0.738274  0.409170  0.434599  0.201431 -0.058782
 -0.053069 -0.047517  0.005235 -0.035922 -0.076357 -0.021701 -0.171528  0.008642
  0.008642  0.368847 -0.118903  0.013286  0.013286 -0.024758  0.017006  0.017006
 -0.010305  0.003370  0.003370  0.522264 -0.002613  0.278292 -0.065394 -0.476052
  0.092184  0.092184  0.092184 -0.069163 -0.116389  0.015740  0.015740 -0.475764
  0.178452 -0.154714  0.019171  0.019171  0.019171 -0.121759  0.044152  0.044152
 -0.135162  0.033526  0.033526 -0.070001 -0.005395 -0.005395  0.461276  0.011996
 -0.312290  0.063437  0.063437  0.063437  0.116658 -0.031330 -0.031330 -0.109200
  0.000457  0.000457  0.419822 -0.086940 -0.289462  0.053705  0.053705  0.053705
 -0.291011  0.054812  0.054812  0.054812 -0.727587  0.403744 -0.738274  0.409170
  0.434599  0.201431 -0.058782 -0.053069 -0.047517  0.005235 -0.035922 -0.076357
 -0.021701 -0.171528  0.008642  0.008642  0.368847 -0.118903  0.013286  0.013286
 -0.024758  0.017006  0.017006 -0.010305  0.003370  0.003370  0.522264 -0.002613
  0.278292 -0.065394 -0.476052  0.092184  0.092184  0.092184 -0.069163 -0.116389
  0.015740  0.015740 -0.475764  0.178452 -0.154714  0.019171  0.019171  0.019171
 -0.121759  0.044152  0.044152 -0.135162  0.033526  0.033526 -0.070001 -0.005395
 -0.005395  0.461276  0.011996 -0.312290  0.063437  0.063437  0.063437  0.116658
 -0.031330 -0.031330 -0.109200  0.000457  0.000457  0.419822 -0.086940 -0.289462
  0.053705  0.053705  0.053705 -0.291011  0.054812  0.054812  0.054812 -0.727587
  0.403744 -0.738274  0.409170  0.434599  0.201431 -0.058782 -0.053069 -0.047517
  0.005235 -0.035922 -0.076357 -0.021701 -0.171528  0.008642  0.008642  0.368847
 -0.118903  0.013286  0.013286 -0.024758  0.017006  0.017006 -0.010305  0.003370
  0.003370  0.522264 -0.002613  0.278292 -0.065394 -0.476052  0.092184  0.092184
  0.092184 -0.069163 -0.116389  0.015740  0.015740 -0.475764  0.178452 -0.154714
  0.019171  0.019171  0.019171 -0.121759  0.044152  0.044152 -0.135162  0.033526
  0.033526 -0.070001 -0.005395 -0.005395  0.461276  0.011996 -0.312290  0.063437
  0.063437  0.063437  0.116658 -0.031330 -0.031330 -0.109200  0.000457  0.000457
  0.419822 -0.086940 -0.289462  0.053705  0.053705  0.053705 -0.291011  0.054812
  0.054812  0.054812 -0.727587  0.403744 -0.738274  0.409170  0.434599  0.201431
 -0.058782 -0.053069 -0.047517  0.005235 -0.035922 -0.076357 -0.021701 -0.171528
  0.008642  0.008642  0.368847 -0.118903  0.013286  0.013286 -0.024758  0.017006
  0.017006 -0.010305  0.003370  0.003370  0.522264 -0.002613  0.278292 -0.065394
 -0.476052  0.092184  0.092184  0.092184 -0.069163 -0.116389  0.015740  0.015740
 -0.475764  0.178452 -0.154714  0.019171  0.019171  0.019171 -0.121759  0.044152
  0.044152 -0.135162  0.033526  0.033526 -0.070001 -0.005395 -0.005395  0.461276
  0.011996 -0.312290  0.063437  0.063437  0.063437  0.116658 -0.031330 -0.031330
 -0.109200  0.000457  0.000457  0.419822 -0.086940 -0.289462  0.053705  0.053705
  0.053705 -0.291011  0.054812  0.054812  0.054812 -0.727587  0.403744 -0.738274
  0.409170  0.434599  0.201431 -0.058782 -0.053069 -0.047517  0.005235 -0.035922
 -0.076357 -0.021701 -0.171528  0.008642  0.008642  0.368847 -0.118903  0.013286
  0.013286 -0.024758  0.017006  0.017006 -0.010305  0.003370  0.003370  0.522264
 -0.002613  0.278292 -0.065394 -0.476052  0.092184  0.092184  0.092184 -0.069163
 -0.116389  0.015740  0.015740 -0.475764  0.178452 -0.154714  0.019171  0.019171
  0.019171 -0.121759  0.044152  0.044152 -0.135162  0.033526  0.033526 -0.070001
 -0.005395 -0.005395  0.461276  0.011996 -0.312290  0.063437  0.063437  0.063437
  0.116658 -0.031330 -0.031330 -0.109200  0.000457  0.000457  0.419822 -0.086940
 -0.289462  0.053705  0.053705  0.053705 -0.291011  0.054812  0.054812  0.054812
 -0.727587  0.403744 -0.738274  0.409170  0.434599  0.201431 -0.058782 -0.053069
 -0.047517  0.005235 -0.035922 -0.076357 -0.021701 -0.171528  0.008642  0.008642
  0.368847 -0.118903  0.013286  0.013286 -0.024758  0.017006  0.017006 -0.010305
  0.003370  0.003370  0.522264 -0.002613  0.278292 -0.065394 -0.476052  0.092184
  0.092184  0.092184 -0.069163 -0.116389  0.015740  0.015740 -0.475764  0.178452
 -0.154714  0.019171  0.019171  0.019171 -0.121759  0.044152  0.044152 -0.135162
  0.033526  0.033526 -0.070001 -0.005395 -0.005395  0.461276  0.011996 -0.312290
  0.063437  0.063437  0.063437  0.116658 -0.031330 -0.031330 -0.109200  0.000457
  0.000457  0.419822 -0.086940 -0.289462  0.053705  0.053705  0.053705 -0.291011
  0.054812  0.054812  0.054812 -0.727587  0.403744 -0.738274  0.409170  0.434599
  0.201431 -0.058782 -0.053069 -0.047517  0.005235 -0.035922 -0.076357 -0.021701
 -0.171528  0.008642  0.008642  0.368847 -0.118903  0.013286  0.013286 -0.024758
  0.017006  0.017006 -0.010305  0.003370  0.003370  0.522264 -0.002613  0.278292
 -0.065394 -0.476052  0.092184  0.092184  0.092184 -0.069163 -0.116389  0.015740
  0.015740 -0.475764  0.178452 -0.154714  0.019171  0.019171  0.019171 -0.121759
  0.044152  0.044152 -0.135162  0.033526  0.033526 -0.070001 -0.005395 -0.005395
  0.461276  0.011996 -0.312290  0.063437  0.063437  0.063437  0.116658 -0.031330
 -0.031330 -0.109200  0.000457  0.000457  0.419822 -0.086940 -0.289462  0.053705
  0.053705  0.053705 -0.291011  0.054812  0.054812  0.054812 -0.727587  0.403744
 -0.738274  0.409170  0.434599  0.201431 -0.058782 -0.053069 -0.047517  0.005235
 -0.035922 -0.076357 -0.021701 -0.171528  0.008642  0.008642  0.368847 -0.118903
  0.013286  0.013286 -0.024758  0.017006  0.017006 -0.010305  0.003370  0.003370
  0.522264 -0.002613  0.278292 -0.065394 -0.476052  0.092184  0.092184  0.092184
 -0.069163 -0.116389  0.015740  0.015740 -0.475764  0.178452 -0.154714  0.019171
  0.019171  0.019171 -0.121759  0.044152  0.044152 -0.135162  0.033526  0.033526
 -0.070001 -0.005395 -0.005395  0.461276  0.011996 -0.312290  0.063437  0.063437
  0.063437  0.116658 -0.031330 -0.031330 -0.109200  0.000457  0.000457  0.419822
 -0.086940 -0.289462  0.053705  0.053705  0.053705 -0.291011  0.054812  0.054812
  0.054812 -0.727587  0.403744 -0.738274  0.409170  0.434599  0.201431 -0.058782
 -0.053069 -0.047517  0.005235 -0.035922 -0.076357 -0.021701 -0.171528  0.008642
  0.008642  0.368847 -0.118903  0.013286  0.013286 -0.024758  0.017006  0.017006
 -0.010305  0.003370  0.003370  0.522264 -0.002613  0.278292 -0.065394 -0.476052
  0.092184  0.092184  0.092184 -0.069163 -0.116389  0.015740  0.015740 -0.475764
  0.178452 -0.154714  0.019171  0.019171  0.019171 -0.121759  0.044152  0.044152
 -0.135162  0.033526  0.033526 -0.070001 -0.005395 -0.005395  0.461276  0.011996
 -0.312290  0.063437  0.063437  0.063437  0.116658 -0.031330 -0.031330 -0.109200
  0.000457  0.000457  0.419822 -0.086940 -0.289462  0.053705  0.053705  0.053705
 -0.291011  0.054812  0.054812  0.054812 -0.727587  0.403744 -0.738274  0.409170
  0.434599  0.201431 -0.058782 -0.053069 -0.047517  0.005235 -0.035922 -0.076357
 -0.021701 -0.171528  0.008642  0.008642  0.368847 -0.118903  0.013286  0.013286
 -0.024758  0.017006  0.017006 -0.010305  0.003370  0.003370  0.522264 -0.002613
  0.278292 -0.065394 -0.476052  0.092184  0.092184  0.092184 -0.069163 -0.116389
  0.015740  0.015740 -0.475764  0.178452 -0.154714  0.019171  0.019171  0.019171
 -0.121759  0.044152  0.044152 -0.135162  0.033526  0.033526 -0.070001 -0.005395
 -0.005395  0.461276  0.011996 -0.312290  0.063437  0.063437  0.063437  0.116658
 -0.031330 -0.031330 -0.109200  0.000457  0.000457  0.419822 -0.086940 -0.289462
  0.053705  0.053705  0.053705 -0.291011  0.054812  0.054812  0.054812 -0.727587
  0.403744 -0.738274  0.409170  0.434599  0.201431 -0.058782 -0.053069 -0.047517
  0.005235 -0.035922 -0.076357 -0.021701 -0.171528  0.008642  0.008642  0.368847
 -0.118903  0.013286  0.013286 -0.024758  0.017006  0.017006 -0.010305  0.003370
  0.003370  0.522264 -0.002613  0.278292 -0.065394 -0.476052  0.092184  0.092184
  0.092184 -0.069163 -0.116389  0.015740  0.015740 -0.475764  0.178452 -0.154714
  0.019171  0.019171  0.019171 -0.121759  0.044152  0.044152 -0.135162  0.033526
  0.033526 -0.070001 -0.005395 -0.005395  0.461276  0.011996 -0.312290  0.063437
  0.063437  0.063437  0.116658 -0.031330 -0.031330 -0.109200  0.000457  0.000457
  0.419822 -0.086940 -0.289462  0.053705  0.053705  0.053705 -0.291011  0.054812
  0.054812  0.054812 -0.727587  0.403744 -0.738274  0.409170  0.434599  0.201431
 -0.058782 -0.053069 -0.047517  0.005235 -0.035922 -0.076357 -0.021701 -0.171528
  0.008642  0.008642  0.368847 -0.118903  0.013286  0.013286 -0.024758  0.017006
  0.017006 -0.010305  0.003370  0.003370  0.522264 -0.002613  0.278292 -0.065394
 -0.476052  0.092184  0.092184  0.092184 -0.069163 -0.116389  0.015740  0.015740
 -0.475764  0.178452 -0.154714  0.019171  0.019171  0.019171 -0.121759  0.044152
  0.044152 -0.135162  0.033526  0.033526 -0.070001 -0.005395 -0.005395  0.461276
  0.011996 -0.312290  0.063437  0.063437  0.063437  0.116658 -0.031330 -0.031330
 -0.109200  0.000457  0.000457  0.419822 -0.086940 -0.289462  0.053705  0.053705
  0.053705 -0.291011  0.054812  0.054812  0.054812 -0.727587  0.403744 -0.738274
  0.409170  0.434599  0.201431 -0.058782 -0.053069 -0.047517  0.005235 -0.035922
 -0.076357 -0.021701 -0.171528  0.008642  0.008642  0.368847 -0.118903  0.013286
  0.013286 -0.024758  0.017006  0.017006 -0.010305  0.003370  0.003370  0.522264
 -0.002613  0.278292 -0.065394 -0.476052  0.092184  0.092184  0.092184 -0.069163
 -0.116389  0.015740  0.015740 -0.475764  0.178452 -0.154714  0.019171  0.019171
  0.019171 -0.121759  0.044152  0.044152 -0.135162  0.033526  0.033526 -0.070001
 -0.005395 -0.005395  0.461276  0.011996 -0.312290  0.063437  0.063437  0.063437
  0.116658 -0.031330 -0.031330 -0.109200  0.000457  0.000457  0.419822 -0.086940
 -0.289462  0.053705  0.053705  0.053705 -0.291011  0.054812  0.054812  0.054812
 -0.727587  0.403744 -0.738274  0.409170  0.434599  0.201431 -0.058782 -0.053069
 -0.047517  0.005235 -0.035922 -0.076357 -0.021701 -0.171528  0.008642  0.008642
  0.368847 -0.118903  0.013286  0.013286 -0.024758  0.017006  0.017006 -0.010305
  0.003370  0.003370  0.522264 -0.002613  0.278292 -0.065394 -0.476052  0.092184
  0.092184  0.092184 -0.069163 -0.116389  0.015740  0.015740 -0.475764  0.178452
 -0.154714  0.019171  0.019171  0.019171 -0.121759  0.044152  0.044152 -0.135162
  0.033526  0.033526 -0.070001 -0.005395 -0.005395  0.461276  0.011996 -0.312290
  0.063437  0.063437  0.063437  0.116658 -0.031330 -0.031330 -0.109200  0.000457
  0.000457  0.419822 -0.086940 -0.289462  0.053705  0.053705  0.053705 -0.291011
  0.054812  0.054812  0.054812 -0.727587  0.403744 -0.738274  0.409170  0.434599
  0.201431 -0.058782 -0.053069 -0.047517  0.005235 -0.035922 -0.076357 -0.021701
 -0.171528  0.008642  0.008642  0.368847 -0.118903  0.013286  0.013286 -0.024758
  0.017006  0.017006 -0.010305  0.003370  0.003370  0.522264 -0.002613  0.278292
 -0.065394 -0.476052  0.092184  0.092184  0.092184 -0.069163 -0.116389  0.015740
  0.015740 -0.475764  0.178452 -0.154714  0.019171  0.019171  0.019171 -0.121759
  0.044152  0.044152 -0.135162  0.033526  0.033526 -0.070001 -0.005395 -0.005395
  0.461276  0.011996 -0.312290  0.063437  0.063437  0.063437  0.116658 -0.031330
 -0.031330 -0.109200  0.000457  0.000457  0.419822 -0.086940 -0.289462  0.053705
  0.053705  0.053705 -0.291011  0.054812  0.054812  0.054812 -0.727587  0.403744
 -0.738274  0.409170  0.434599  0.201431 -0.058782 -0.053069 -0.047517  0.005235
 -0.035922 -0.076357 -0.021701 -0.171528  0.008642  0.008642  0.368847 -0.118903
  0.013286  0.013286 -0.024758  0.017006  0.017006 -0.010305  0.003370  0.003370
  0.522264 -0.002613  0.278292 -0.065394 -0.476052  0.092184  0.092184  0.092184
 -0.069163 -0.116389  0.015740  0.015740 -0.475764  0.178452 -0.154714  0.019171
  0.019171  0.019171 -0.121759  0.044152  0.044152 -0.135162  0.033526  0.033526
 -0.070001 -0.005395 -0.005395  0.461276  0.011996 -0.312290  0.063437  0.063437
  0.063437  0.116658 -0.031330 -0.031330 -0.109200  0.000457  0.000457  0.419822
 -0.086940 -0.289462  0.053705  0.053705  0.053705 -0.291011  0.054812  0.054812
  0.054812 -0.727587  0.403744 -0.738274  0.409170  0.434599  0.201431 -0.058782
 -0.053069 -0.047517  0.005235 -0.035922 -0.076357 -0.021701 -0.171528  0.008642
  0.008642  0.368847 -0.118903  0.013286  0.013286 -0.024758  0.017006  0.017006
 -0.010305  0.003370  0.003370  0.522264 -0.002613  0.278292 -0.065394 -0.476052
  0.092184  0.092184  0.092184 -0.069163 -0.116389  0.015740  0.015740 -0.475764
  0.178452 -0.154714  0.019171  0.019171  0.019171 -0.121759  0.044152  0.044152
 -0.135162  0.033526  0.033526 -0.070001 -0.005395 -0.005395  0.461276  0.011996
 -0.312290  0.063437  0.063437  0.063437  0.116658 -0.031330 -0.031330 -0.109200
  0.000457  0.000457  0.419822 -0.086940 -0.289462  0.053705  0.053705  0.053705
 -0.291011  0.054812  0.054812  0.054812 -0.727587  0.403744 -0.738274  0.409170
  0.434599  0.201431 -0.058782 -0.053069 -0.047517  0.005235 -0.035922 -0.076357
 -0.021701 -0.171528  0.008642  0.008642  0.368847 -0.118903  0.013286  0.013286
 -0.024758  0.017006  0.017006 -0.010305  0.003370  0.003370  0.522264 -0.002613
  0.278292 -0.065394 -0.476052  0.092184  0.092184  0.092184 -0.069163 -0.116389
  0.015740  0.015740 -0.475764  0.178452 -0.154714  0.019171  0.019171  0.019171
 -0.121759  0.044152  0.044152 -0.135162  0.033526  0.033526 -0.070001 -0.005395
 -0.005395  0.461276  0.011996 -0.312290  0.063437  0.063437  0.063437  0.116658
 -0.031330 -0.031330 -0.109200  0.000457  0.000457  0.419822 -0.086940 -0.289462
  0.053705  0.053705  0.053705 -0.291011  0.054812  0.054812  0.054812 -0.727587
  0.403744 -0.738274  0.409170  0.434599  0.201431 -0.058782 -0.053069 -0.047517
  0.005235 -0.035922 -0.076357 -0.021701 -0.171528  0.008642  0.008642  0.368847
 -0.118903  0.013286  0.013286 -0.024758  0.017006  0.017006 -0.010305  0.003370
  0.003370  0.522264 -0.002613  0.278292 -0.065394 -0.476052  0.092184  0.092184
  0.092184 -0.069163 -0.116389  0.015740  0.015740 -0.475764  0.178452 -0.154714
  0.019171  0.019171  0.019171 -0.121759  0.044152  0.044152 -0.135162  0.033526
  0.033526 -0.070001 -0.005395 -0.005395  0.461276  0.011996 -0.312290  0.063437
  0.063437  0.063437  0.116658 -0.031330 -0.031330 -0.109200  0.000457  0.000457
  0.419822 -0.086940 -0.289462  0.053705  0.053705  0.053705 -0.291011  0.054812
  0.054812  0.054812 -0.727587  0.403744 -0.738274  0.409170  0.434599  0.201431
 -0.058782 -0.053069 -0.047517  0.005235 -0.035922 -0.076357 -0.021701 -0.171528
  0.008642  0.008642  0.368847 -0.118903  0.013286  0.013286 -0.024758  0.017006
  0.017006 -0.010305  0.003370  0.003370  0.522264 -0.002613  0.278292 -0.065394
 -0.476052  0.092184  0.092184  0.092184 -0.069163 -0.116389  0.015740  0.015740
 -0.475764  0.178452 -0.154714  0.019171  0.019171  0.019171 -0.121759  0.044152
  0.044152 -0.135162  0.033526  0.033526 -0.070001 -0.005395 -0.005395  0.461276
  0.011996 -0.312290  0.063437  0.063437  0.063437  0.116658 -0.031330 -0.031330
 -0.109200  0.000457  0.000457  0.419822 -0.086940 -0.289462  0.053705  0.053705
  0.053705 -0.291011  0.054812  0.054812  0.054812 -0.727587  0.403744 -0.738274
  0.409170  0.434599  0.201431 -0.058782 -0.053069 -0.047517  0.005235 -0.035922
 -0.076357 -0.021701 -0.171528  0.008642  0.008642  0.368847 -0.118903  0.013286
  0.013286 -0.024758  0.017006  0.017006 -0.010305  0.003370  0.003370  0.522264
 -0.002613  0.278292 -0.065394 -0.476052  0.092184  0.092184  0.092184 -0.069163
 -0.116389  0.015740  0.015740 -0.475764  0.178452 -0.154714  0.019171  0.019171
  0.019171 -0.121759  0.044152  0.044152 -0.135162  0.033526  0.033526 -0.070001
 -0.005395 -0.005395  0.461276  0.011996 -0.312290  0.063437  0.063437  0.063437
  0.116658 -0.031330 -0.031330 -0.109200  0.000457  0.000457  0.419822 -0.086940
 -0.289462  0.053705  0.053705  0.053705 -0.291011  0.054812  0.054812  0.054812
 -0.727587  0.403744 -0.738274  0.409170  0.434599  0.201431 -0.058782 -0.053069
 -0.047517  0.005235 -0.035922 -0.076357 -0.021701 -0.171528  0.008642  0.008642
  0.368847 -0.118903  0.013286  0.013286 -0.024758  0.017006  0.017006 -0.010305
  0.003370  0.003370  0.522264 -0.002613  0.278292 -0.065394 -0.476052  0.092184
  0.092184  0.092184 -0.069163 -0.116389  0.015740  0.015740 -0.475764  0.178452
 -0.154714  0.019171  0.019171  0.019171 -0.121759  0.044152  0.044152 -0.135162
  0.033526  0.033526 -0.070001 -0.005395 -0.005395  0.461276  0.011996 -0.312290
  0.063437  0.063437  0.063437  0.116658 -0.031330 -0.031330 -0.109200  0.000457
  0.000457  0.419822 -0.086940 -0.289462  0.053705  0.053705  0.053705 -0.291011
  0.054812  0.054812  0.054812 -0.727587  0.403744 -0.738274  0.409170  0.434599
  0.201431 -0.058782 -0.053069 -0.047517  0.005235 -0.035922 -0.076357 -0.021701
 -0.171528  0.008642  0.008642  0.368847 -0.118903  0.013286  0.013286 -0.024758
  0.017006  0.017006 -0.010305  0.003370  0.003370  0.522264 -0.002613  0.278292
 -0.065394 -0.476052  0.092184  0.092184  0.092184 -0.069163 -0.116389  0.015740
  0.015740 -0.475764  0.178452 -0.154714  0.019171  0.019171  0.019171 -0.121759
  0.044152  0.044152 -0.135162  0.033526  0.033526 -0.070001 -0.005395 -0.005395
  0.461276  0.011996 -0.312290  0.063437  0.063437  0.063437  0.116658 -0.031330
 -0.031330 -0.109200  0.000457  0.000457  0.419822 -0.086940 -0.289462  0.053705
  0.053705  0.053705 -0.291011  0.054812  0.054812  0.054812 -0.727587  0.403744
 -0.738274  0.409170  0.434599  0.201431 -0.058782 -0.053069 -0.047517  0.005235
 -0.035922 -0.076357 -0.021701 -0.171528  0.008642  0.008642  0.368847 -0.118903
  0.013286  0.013286 -0.024758  0.017006  0.017006 -0.010305  0.003370  0.003370
  0.522264 -0.002613  0.278292 -0.065394 -0.476052  0.092184  0.092184  0.092184
 -0.069163 -0.116389  0.015740  0.015740 -0.475764  0.178452 -0.154714  0.019171
  0.019171  0.019171 -0.121759  0.044152  0.044152 -0.135162  0.033526  0.033526
 -0.070001 -0.005395 -0.005395  0.461276  0.011996 -0.312290  0.063437  0.063437
  0.063437  0.116658 -0.031330 -0.031330 -0.109200  0.000457  0.000457  0.419822
 -0.086940 -0.289462  0.053705  0.053705  0.053705 -0.291011  0.054812  0.054812
  0.054812 -0.727587  0.403744 -0.738274  0.409170  0.434599  0.201431 -0.058782
 -0.053069 -0.047517  0.005235 -0.035922 -0.076357 -0.021701 -0.171528  0.008642
  0.008642  0.368847 -0.118903  0.013286  0.013286 -0.024758  0.017006  0.017006
 -0.010305  0.003370  0.003370  0.522264 -0.002613  0.278292 -0.065394 -0.476052
  0.092184  0.092184  0.092184 -0.069163 -0.116389  0.015740  0.015740 -0.475764
  0.178452 -0.154714  0.019171  0.019171  0.019171 -0.121759  0.044152  0.044152
 -0.135162  0.033526  0.033526 -0.070001 -0.005395 -0.005395  0.461276  0.011996
 -0.312290  0.063437  0.063437  0.063437  0.116658 -0.031330 -0.031330 -0.109200
  0.000457  0.000457  0.419822 -0.086940 -0.289462  0.053705  0.053705  0.053705
 -0.291011  0.054812  0.054812  0.054812 -0.727587  0.403744 -0.738274  0.409170
  0.434599  0.201431 -0.058782 -0.053069 -0.047517  0.005235 -0.035922 -0.076357
 -0.021701 -0.171528  0.008642  0.008642  0.368847 -0.118903  0.013286  0.013286
 -0.024758  0.017006  0.017006 -0.010305  0.003370  0.003370  0.522264 -0.002613
  0.278292 -0.065394 -0.476052  0.092184  0.092184  0.092184 -0.069163 -0.116389
  0.015740  0.015740 -0.475764  0.178452 -0.154714  0.019171  0.019171  0.019171
 -0.121759  0.044152  0.044152 -0.135162  0.033526  0.033526 -0.070001 -0.005395
 -0.005395  0.461276  0.011996 -0.312290  0.063437  0.063437  0.063437  0.116658
 -0.031330 -0.031330 -0.109200  0.000457  0.000457  0.419822 -0.086940 -0.289462
  0.053705  0.053705  0.053705 -0.291011  0.054812  0.054812  0.054812 -0.727587
  0.403744 -0.738274  0.409170  0.434599  0.201431 -0.058782 -0.053069 -0.047517
  0.005235 -0.035922 -0.076357 -0.021701 -0.171528  0.008642  0.008642  0.368847
 -0.118903  0.013286  0.013286 -0.024758  0.017006  0.017006 -0.010305  0.003370
  0.003370  0.522264 -0.002613  0.278292 -0.065394 -0.476052  0.092184  0.092184
  0.092184 -0.069163 -0.116389  0.015740  0.015740 -0.475764  0.178452 -0.154714
  0.019171  0.019171  0.019171 -0.121759  0.044152  0.044152 -0.135162  0.033526
  0.033526 -0.070001 -0.005395 -0.005395  0.461276  0.011996 -0.312290  0.063437
  0.063437  0.063437  0.116658 -0.031330 -0.031330 -0.109200  0.000457  0.000457
  0.419822 -0.086940 -0.289462  0.053705  0.053705  0.053705 -0.291011  0.054812
  0.054812  0.054812 -0.727587  0.403744 -0.738274  0.409170  0.434599  0.201431
 -0.058782 -0.053069 -0.047517  0.005235 -0.035922 -0.076357 -0.021701 -0.171528
  0.008642  0.008642  0.368847 -0.118903  0.013286  0.013286 -0.024758  0.017006
  0.017006 -0.010305  0.003370  0.003370  0.522264 -0.002613  0.278292 -0.065394
 -0.476052  0.092184  0.092184  0.092184 -0.069163 -0.116389  0.015740  0.015740
 -0.475764  0.178452 -0.154714  0.019171  0.019171  0.019171 -0.121759  0.044152
  0.044152 -0.135162  0.033526  0.033526 -0.070001 -0.005395 -0.005395  0.461276
  0.011996 -0.312290  0.063437  0.063437  0.063437  0.116658 -0.031330 -0.031330
 -0.109200  0.000457  0.000457  0.419822 -0.086940 -0.289462  0.053705  0.053705
  0.053705 -0.291011  0.054812  0.054812  0.054812 -0.727587  0.403744 -0.738274
  0.409170  0.434599  0.201431 -0.058782 -0.053069 -0.047517  0.005235 -0.035922
 -0.076357 -0.021701 -0.171528  0.008642  0.008642  0.368847 -0.118903  0.013286
  0.013286 -0.024758  0.017006  0.017006 -0.010305  0.003370  0.003370  0.522264
 -0.002613  0.278292 -0.065394 -0.476052  0.092184  0.092184  0.092184 -0.069163
 -0.116389  0.015740  0.015740 -0.475764  0.178452 -0.154714  0.019171  0.019171
  0.019171 -0.121759  0.044152  0.044152 -0.135162  0.033526  0.033526 -0.070001
 -0.005395 -0.005395  0.461276  0.011996 -0.312290  0.063437  0.063437  0.063437
  0.116658 -0.031330 -0.031330 -0.109200  0.000457  0.000457  0.419822 -0.086940
 -0.289462  0.053705  0.053705  0.053705 -0.291011  0.054812  0.054812  0.054812
 -0.727587  0.403744 -0.738274  0.409170  0.434599  0.201431 -0.058782 -0.053069
 -0.047517  0.005235 -0.035922 -0.076357 -0.021701 -0.171528  0.008642  0.008642
  0.368847 -0.118903  0.013286  0.013286 -0.024758  0.017006  0.017006 -0.010305
  0.003370  0.003370  0.522264 -0.002613  0.278292 -0.065394 -0.476052  0.092184
  0.092184  0.092184 -0.069163 -0.116389  0.015740  0.015740 -0.475764  0.178452
 -0.154714  0.019171  0.019171  0.019171 -0.121759  0.044152  0.044152 -0.135162
  0.033526  0.033526 -0.070001 -0.005395 -0.005395  0.461276  0.011996 -0.312290
  0.063437  0.063437  0.063437  0.116658 -0.031330 -0.031330 -0.109200  0.000457
  0.000457  0.419822 -0.086940 -0.289462  0.053705  0.053705  0.053705 -0.291011
  0.054812  0.054812  0.054812 -0.727587  0.403744 -0.738274  0.409170  0.434599
  0.201431 -0.058782 -0.053069 -0.047517  0.005235 -0.035922 -0.076357 -0.021701
 -0.171528  0.008642  0.008642  0.368847 -0.118903  0.013286  0.013286 -0.024758
  0.017006  0.017006 -0.010305  0.003370  0.003370  0.522264 -0.002613  0.278292
 -0.065394 -0.476052  0.092184  0.092184  0.092184 -0.069163 -0.116389  0.015740
  0.015740 -0.475764  0.178452 -0.154714  0.019171  0.019171  0.019171 -0.121759
  0.044152  0.044152 -0.135162  0.033526  0.033526 -0.070001 -0.005395 -0.005395
  0.461276  0.011996 -0.312290  0.063437  0.063437  0.063437  0.116658 -0.031330
 -0.031330 -0.109200  0.000457  0.000457  0.419822 -0.086940 -0.289462  0.053705
  0.053705  0.053705 -0.291011  0.054812  0.054812  0.054812 -0.727587  0.403744
 -0.738274  0.409170  0.434599  0.201431 -0.058782 -0.053069 -0.047517  0.005235
 -0.035922 -0.076357 -0.021701 -0.171528  0.008642  0.008642  0.368847 -0.118903
  0.013286  0.013286 -0.024758  0.017006  0.017006 -0.010305  0.003370  0.003370
  0.522264 -0.002613  0.278292 -0.065394 -0.476052  0.092184  0.092184  0.092184
 -0.069163 -0.116389  0.015740  0.015740 -0.475764  0.178452 -0.154714  0.019171
  0.019171  0.019171 -0.121759  0.044152  0.044152 -0.135162  0.033526  0.033526
 -0.070001 -0.005395 -0.005395  0.461276  0.011996 -0.312290  0.063437  0.063437
  0.063437  0.116658 -0.031330 -0.031330 -0.109200  0.000457  0.000457  0.419822
 -0.086940 -0.289462  0.053705  0.053705  0.053705 -0.291011  0.054812  0.054812
  0.054812 -0.727587  0.403744 -0.738274  0.409170  0.434599  0.201431 -0.058782
 -0.053069 -0.047517  0.005235 -0.035922 -0.076357 -0.021701 -0.171528  0.008642
  0.008642  0.368847 -0.118903  0.013286  0.013286 -0.024758  0.017006  0.017006
 -0.010305  0.003370  0.003370  0.522264 -0.002613  0.278292 -0.065394 -0.476052
  0.092184  0.092184  0.092184 -0.069163 -0.116389  0.015740  0.015740 -0.475764
  0.178452 -0.154714  0.019171  0.019171  0.019171 -0.121759  0.044152  0.044152
 -0.135162  0.033526  0.033526 -0.070001 -0.005395 -0.005395  0.461276  0.011996
 -0.312290  0.063437  0.063437  0.063437  0.116658 -0.031330 -0.031330 -0.109200
  0.000457  0.000457  0.419822 -0.086940 -0.289462  0.053705  0.053705  0.053705
 -0.291011  0.054812  0.054812  0.054812 -0.727587  0.403744 -0.738274  0.409170
  0.434599  0.201431 -0.058782 -0.053069 -0.047517  0.005235 -0.035922 -0.076357
 -0.021701 -0.171528  0.008642  0.008642  0.368847 -0.118903  0.013286  0.013286
 -0.024758  0.017006  0.017006 -0.010305  0.003370  0.003370  0.522264 -0.002613
  0.278292 -0.065394 -0.476052  0.092184  0.092184  0.092184 -0.069163 -0.116389
  0.015740  0.015740 -0.475764  0.178452 -0.154714  0.019171  0.019171  0.019171
 -0.121759  0.044152  0.044152 -0.135162  0.033526  0.033526 -0.070001 -0.005395
 -0.005395  0.461276  0.011996 -0.312290  0.063437  0.063437  0.063437  0.116658
 -0.031330 -0.031330 -0.109200  0.000457  0.000457  0.419822 -0.086940 -0.289462
  0.053705  0.053705  0.053705 -0.291011  0.054812  0.054812  0.054812 -0.727587
  0.403744 -0.738274  0.409170  0.434599  0.201431 -0.058782 -0.053069 -0.047517
  0.005235 -0.035922 -0.076357 -0.021701 -0.171528  0.008642  0.008642  0.368847
 -0.118903  0.013286  0.013286 -0.024758  0.017006  0.017006 -0.010305  0.003370
  0.003370  0.522264 -0.002613  0.278292 -0.065394 -0.476052  0.092184  0.092184
  0.092184 -0.069163 -0.116389  0.015740  0.015740 -0.475764  0.178452 -0.154714
  0.019171  0.019171  0.019171 -0.121759  0.044152  0.044152 -0.135162  0.033526
  0.033526 -0.070001 -0.005395 -0.005395  0.461276  0.011996 -0.312290  0.063437
  0.063437  0.063437  0.116658 -0.031330 -0.031330 -0.109200  0.000457  0.000457
  0.419822 -0.086940 -0.289462  0.053705  0.053705  0.053705 -0.291011  0.054812
  0.054812  0.054812 -0.727587  0.403744 -0.738274  0.409170  0.434599  0.201431
 -0.058782 -0.053069 -0.047517  0.005235 -0.035922 -0.076357 -0.021701 -0.171528
  0.008642  0.008642  0.368847 -0.118903  0.013286  0.013286 -0.024758  0.017006
  0.017006 -0.010305  0.003370  0.003370  0.522264 -0.002613  0.278292 -0.065394
 -0.476052  0.092184  0.092184  0.092184 -0.069163 -0.116389  0.015740  0.015740
 -0.475764  0.178452 -0.154714  0.019171  0.019171  0.019171 -0.121759  0.044152
  0.044152 -0.135162  0.033526  0.033526 -0.070001 -0.005395 -0.005395  0.461276
  0.011996 -0.312290  0.063437  0.063437  0.063437  0.116658 -0.031330 -0.031330
 -0.109200  0.000457  0.000457  0.419822 -0.086940 -0.289462  0.053705  0.053705
  0.053705 -0.291011  0.054812  0.054812  0.054812 -0.727587  0.403744 -0.738274
  0.409170  0.434599  0.201431 -0.058782 -0.053069 -0.047517  0.005235 -0.035922
 -0.076357 -0.021701 -0.171528  0.008642  0.008642  0.368847 -0.118903  0.013286
  0.013286 -0.024758  0.017006  0.017006 -0.010305  0.003370  0.003370  0.522264
 -0.002613  0.278292 -0.065394 -0.476052  0.092184  0.092184  0.092184 -0.069163
 -0.116389  0.015740  0.015740 -0.475764  0.178452 -0.154714  0.019171  0.019171
  0.019171 -0.121759  0.044152  0.044152 -0.135162  0.033526  0.033526 -0.070001
 -0.005395 -0.005395  0.461276  0.011996 -0.312290  0.063437  0.063437  0.063437
  0.116658 -0.031330 -0.031330 -0.109200  0.000457  0.000457  0.419822 -0.086940
 -0.289462  0.053705  0.053705  0.053705 -0.291011  0.054812  0.054812  0.054812
 -0.727587  0.403744 -0.738274  0.409170  0.434599  0.201431 -0.058782 -0.053069
 -0.047517  0.005235 -0.035922 -0.076357 -0.021701 -0.171528  0.008642  0.008642
  0.368847 -0.118903  0.013286  0.013286 -0.024758  0.017006  0.017006 -0.010305
  0.003370  0.003370  0.522264 -0.002613  0.278292 -0.065394 -0.476052  0.092184
  0.092184  0.092184 -0.069163 -0.116389  0.015740  0.015740 -0.475764  0.178452
 -0.154714  0.019171  0.019171  0.019171 -0.121759  0.044152  0.044152 -0.135162
  0.033526  0.033526 -0.070001 -0.005395 -0.005395  0.461276  0.011996 -0.312290
  0.063437  0.063437  0.063437  0.116658 -0.031330 -0.031330 -0.109200  0.000457
  0.000457  0.419822 -0.086940 -0.289462  0.053705  0.053705  0.053705 -0.291011
  0.054812  0.054812  0.054812 -0.727587  0.403744 -0.738274  0.409170  0.434599
  0.201431 -0.058782 -0.053069 -0.047517  0.005235 -0.035922 -0.076357 -0.021701
 -0.171528  0.008642  0.008642  0.368847 -0.118903  0.013286  0.013286 -0.024758
  0.017006  0.017006 -0.010305  0.003370  0.003370  0.522264 -0.002613  0.278292
 -0.065394 -0.476052  0.092184  0.092184  0.092184 -0.069163 -0.116389  0.015740
  0.015740 -0.475764  0.178452 -0.154714  0.019171  0.019171  0.019171 -0.121759
  0.044152  0.044152 -0.135162  0.033526  0.033526 -0.070001 -0.005395 -0.005395
  0.461276  0.011996 -0.312290  0.063437  0.063437  0.063437  0.116658 -0.031330
 -0.031330 -0.109200  0.000457  0.000457  0.419822 -0.086940 -0.289462  0.053705
  0.053705  0.053705 -0.291011  0.054812  0.054812  0.054812 -0.727587  0.403744
 -0.738274  0.409170  0.434599  0.201431 -0.058782 -0.053069 -0.047517  0.005235
 -0.035922 -0.076357 -0.021701 -0.171528  0.008642  0.008642  0.368847 -0.118903
  0.013286  0.013286 -0.024758  0.017006  0.017006 -0.010305  0.003370  0.003370
  0.522264 -0.002613  0.278292 -0.065394 -0.476052  0.092184  0.092184  0.092184
 -0.069163 -0.116389  0.015740  0.015740 -0.475764  0.178452 -0.154714  0.019171
  0.019171  0.019171 -0.121759  0.044152  0.044152 -0.135162  0.033526  0.033526
 -0.070001 -0.005395 -0.005395  0.461276  0.011996 -0.312290  0.063437  0.063437
  0.063437  0.116658 -0.031330 -0.031330 -0.109200  0.000457  0.000457  0.419822
 -0.086940 -0.289462  0.053705  0.053705  0.053705 -0.291011  0.054812  0.054812
  0.054812 -0.727587  0.403744 -0.738274  0.409170  0.434599  0.201431 -0.058782
 -0.053069 -0.047517  0.005235 -0.035922 -0.076357 -0.021701 -0.171528  0.008642
  0.008642  0.368847 -0.118903  0.013286  0.013286 -0.024758  0.017006  0.017006
 -0.010305  0.003370  0.003370  0.522264 -0.002613  0.278292 -0.065394 -0.476052
  0.092184  0.092184  0.092184 -0.069163 -0.116389  0.015740  0.015740 -0.475764
  0.178452 -0.154714  0.019171  0.019171  0.019171 -0.121759  0.044152  0.044152
 -0.135162  0.033526  0.033526 -0.070001 -0.005395 -0.005395  0.461276  0.011996
 -0.312290  0.063437  0.063437  0.063437  0.116658 -0.031330 -0.031330 -0.109200
  0.000457  0.000457  0.419822 -0.086940 -0.289462  0.053705  0.053705  0.053705
 -0.291011  0.054812  0.054812  0.054812 -0.727587  0.403744 -0.738274  0.409170
  0.434599  0.201431 -0.058782 -0.053069 -0.047517  0.005235 -0.035922 -0.076357
 -0.021701 -0.171528  0.008642  0.008642  0.368847 -0.118903  0.013286  0.013286
 -0.024758  0.017006  0.017006 -0.010305  0.003370  0.003370  0.522264 -0.002613
  0.278292 -0.065394 -0.476052  0.092184  0.092184  0.092184 -0.069163 -0.116389
  0.015740  0.015740 -0.475764  0.178452 -0.154714  0.019171  0.019171  0.019171
 -0.121759  0.044152  0.044152 -0.135162  0.033526  0.033526 -0.070001 -0.005395
 -0.005395  0.461276  0.011996 -0.312290  0.063437  0.063437  0.063437  0.116658
 -0.031330 -0.031330 -0.109200  0.000457  0.000457  0.419822 -0.086940 -0.289462
  0.053705  0.053705  0.053705 -0.291011  0.054812  0.054812  0.054812 -0.727587
  0.403744 -0.738274  0.409170  0.434599  0.201431 -0.058782 -0.053069 -0.047517
  0.005235 -0.035922 -0.076357 -0.021701 -0.171528  0.008642  0.008642  0.368847
 -0.118903  0.013286  0.013286 -0.024758  0.017006  0.017006 -0.010305  0.003370
  0.003370  0.522264 -0.002613  0.278292 -0.065394 -0.476052  0.092184  0.092184
  0.092184 -0.069163 -0.116389  0.015740  0.015740 -0.475764  0.178452 -0.154714
  0.019171  0.019171  0.019171 -0.121759  0.044152  0.044152 -0.135162  0.033526
  0.033526 -0.070001 -0.005395 -0.005395  0.461276  0.011996 -0.312290  0.063437
  0.063437  0.063437  0.116658 -0.031330 -0.031330 -0.109200  0.000457  0.000457
  0.419822 -0.086940 -0.289462  0.053705  0.053705  0.053705 -0.291011  0.054812
  0.054812  0.054812 -0.727587  0.403744 -0.738274  0.409170  0.434599  0.201431
 -0.058782 -0.053069 -0.047517  0.005235 -0.035922 -0.076357 -0.021701 -0.171528
  0.008642  0.008642  0.368847 -0.118903  0.013286  0.013286 -0.024758  0.017006
  0.017006 -0.010305  0.003370  0.003370  0.522264 -0.002613  0.278292 -0.065394
 -0.476052  0.092184  0.092184  0.092184 -0.069163 -0.116389  0.015740  0.015740
 -0.475764  0.178452 -0.154714  0.019171  0.019171  0.019171 -0.121759  0.044152
  0.044152 -0.135162  0.033526  0.033526 -0.070001 -0.005395 -0.005395  0.461276
  0.011996 -0.312290  0.063437  0.063437  0.063437  0.116658 -0.031330 -0.031330
 -0.109200  0.000457  0.000457  0.419822 -0.086940 -0.289462  0.053705  0.053705
  0.053705 -0.291011  0.054812  0.054812  0.054812 -0.727587  0.403744 -0.738274
  0.409170  0.434599  0.201431 -0.058782 -0.053069 -0.047517  0.005235 -0.035922
 -0.076357 -0.021701 -0.171528  0.008642  0.008642  0.368847 -0.118903  0.013286
  0.013286 -0.024758  0.017006  0.017006 -0.010305  0.003370  0.003370  0.522264
 -0.002613  0.278292 -0.065394 -0.476052  0.092184  0.092184  0.092184 -0.069163
 -0.116389  0.015740  0.015740 -0.475764  0.178452 -0.154714  0.019171  0.019171
  0.019171 -0.121759  0.044152  0.044152 -0.135162  0.033526  0.033526 -0.070001
 -0.005395 -0.005395  0.461276  0.011996 -0.312290  0.063437  0.063437  0.063437
  0.116658 -0.031330 -0.031330 -0.109200  0.000457  0.000457  0.419822 -0.086940
 -0.289462  0.053705  0.053705  0.053705 -0.291011  0.054812  0.054812  0.054812
 -0.727587  0.403744 -0.738274  0.409170  0.434599  0.201431 -0.058782 -0.053069
 -0.047517  0.005235 -0.035922 -0.076357 -0.021701 -0.171528  0.008642  0.008642
  0.368847 -0.118903  0.013286  0.013286 -0.024758  0.017006  0.017006 -0.010305
  0.003370  0.003370  0.522264 -0.002613  0.278292 -0.065394 -0.476052  0.092184
  0.092184  0.092184 -0.069163 -0.116389  0.015740  0.015740 -0.475764  0.178452
 -0.154714  0.019171  0.019171  0.019171 -0.121759  0.044152  0.044152 -0.135162
  0.033526  0.033526 -0.070001 -0.005395 -0.005395  0.461276  0.011996 -0.312290
  0.063437  0.063437  0.063437  0.116658 -0.031330 -0.031330 -0.109200  0.000457
  0.000457  0.419822 -0.086940 -0.289462  0.053705  0.053705  0.053705 -0.291011
  0.054812  0.054812  0.054812 -0.727587  0.403744 -0.738274  0.409170  0.434599
  0.201431 -0.058782 -0.053069 -0.047517  0.005235 -0.035922 -0.076357 -0.021701
 -0.171528  0.008642  0.008642  0.368847 -0.118903  0.013286  0.013286 -0.024758
  0.017006  0.017006 -0.010305  0.003370  0.003370  0.522264 -0.002613  0.278292
 -0.065394 -0.476052  0.092184  0.092184  0.092184 -0.069163 -0.116389  0.015740
  0.015740 -0.475764  0.178452 -0.154714  0.019171  0.019171  0.019171 -0.121759
  0.044152  0.044152 -0.135162  0.033526  0.033526 -0.070001 -0.005395 -0.005395
  0.461276  0.011996 -0.312290  0.063437  0.063437  0.063437  0.116658 -0.031330
 -0.031330 -0.109200  0.000457  0.000457  0.419822 -0.086940 -0.289462  0.053705
  0.053705  0.053705 -0.291011  0.054812  0.054812  0.054812 -0.727587  0.403744
 -0.738274  0.409170  0.434599  0.201431 -0.058782 -0.053069 -0.047517  0.005235
 -0.035922 -0.076357 -0.021701 -0.171528  0.008642  0.008642  0.368847 -0.118903
  0.013286  0.013286 -0.024758  0.017006  0.017006 -0.010305  0.003370  0.003370
  0.522264 -0.002613  0.278292 -0.065394 -0.476052  0.092184  0.092184  0.092184
 -0.069163 -0.116389  0.015740  0.015740 -0.475764  0.178452 -0.154714  0.019171
  0.019171  0.019171 -0.121759  0.044152  0.044152 -0.135162  0.033526  0.033526
 -0.070001 -0.005395 -0.005395  0.461276  0.011996 -0.312290  0.063437  0.063437
  0.063437  0.116658 -0.031330 -0.031330 -0.109200  0.000457  0.000457  0.419822
 -0.086940 -0.289462  0.053705  0.053705  0.053705 -0.291011  0.054812  0.054812
  0.054812 -0.727587  0.403744 -0.738274  0.409170  0.434599  0.201431 -0.058782
 -0.053069 -0.047517  0.005235 -0.035922 -0.076357 -0.021701 -0.171528  0.008642
  0.008642  0.368847 -0.118903  0.013286  0.013286 -0.024758  0.017006  0.017006
 -0.010305  0.003370  0.003370  0.522264 -0.002613  0.278292 -0.065394 -0.476052
  0.092184  0.092184  0.092184 -0.069163 -0.116389  0.015740  0.015740 -0.475764
  0.178452 -0.154714  0.019171  0.019171  0.019171 -0.121759  0.044152  0.044152
 -0.135162  0.033526  0.033526 -0.070001 -0.005395 -0.005395  0.461276  0.011996
 -0.312290  0.063437  0.063437  0.063437  0.116658 -0.031330 -0.031330 -0.109200
  0.000457  0.000457  0.419822 -0.086940 -0.289462  0.053705  0.053705  0.053705
 -0.291011  0.054812  0.054812  0.054812 -0.727587  0.403744 -0.738274  0.409170
  0.434599  0.201431 -0.058782 -0.053069 -0.047517  0.005235 -0.035922 -0.076357
 -0.021701 -0.171528  0.008642  0.008642  0.368847 -0.118903  0.013286  0.013286
 -0.024758  0.017006  0.017006 -0.010305  0.003370  0.003370  0.522264 -0.002613
  0.278292 -0.065394 -0.476052  0.092184  0.092184  0.092184 -0.069163 -0.116389
  0.015740  0.015740 -0.475764  0.178452 -0.154714  0.019171  0.019171  0.019171
 -0.121759  0.044152  0.044152 -0.135162  0.033526  0.033526 -0.070001 -0.005395
 -0.005395  0.461276  0.011996 -0.312290  0.063437  0.063437  0.063437  0.116658
 -0.031330 -0.031330 -0.109200  0.000457  0.000457  0.419822 -0.086940 -0.289462
  0.053705  0.053705  0.053705 -0.291011  0.054812  0.054812  0.054812 -0.727587
  0.403744 -0.738274  0.409170  0.434599  0.201431 -0.058782 -0.053069 -0.047517
  0.005235 -0.035922 -0.076357 -0.021701 -0.171528  0.008642  0.008642  0.368847
 -0.118903  0.013286  0.013286 -0.024758  0.017006  0.017006 -0.010305  0.003370
  0.003370  0.522264 -0.002613  0.278292 -0.065394 -0.476052  0.092184  0.092184
  0.092184 -0.069163 -0.116389  0.015740  0.015740 -0.475764  0.178452 -0.154714
  0.019171  0.019171  0.019171 -0.121759  0.044152  0.044152 -0.135162  0.033526
  0.033526 -0.070001 -0.005395 -0.005395  0.461276  0.011996 -0.312290  0.063437
  0.063437  0.063437  0.116658 -0.031330 -0.031330 -0.109200  0.000457  0.000457
  0.419822 -0.086940 -0.289462  0.053705  0.053705  0.053705 -0.291011  0.054812
  0.054812  0.054812 -0.727587  0.403744 -0.738274  0.409170  0.434599  0.201431
 -0.058782 -0.053069 -0.047517  0.005235 -0.035922 -0.076357 -0.021701 -0.171528
  0.008642  0.008642  0.368847 -0.118903  0.013286  0.013286 -0.024758  0.017006
  0.017006 -0.010305  0.003370  0.003370  0.522264 -0.002613  0.278292 -0.065394
 -0.476052  0.092184  0.092184  0.092184 -0.069163 -0.116389  0.015740  0.015740
 -0.475764  0.178452 -0.154714  0.019171  0.019171  0.019171 -0.121759  0.044152
  0.044152 -0.135162  0.033526  0.033526 -0.070001 -0.005395 -0.005395  0.461276
  0.011996 -0.312290  0.063437  0.063437  0.063437  0.116658 -0.031330 -0.031330
 -0.109200  0.000457  0.000457  0.419822 -0.086940 -0.289462  0.053705  0.053705
  0.053705 -0.291011  0.054812  0.054812  0.054812 -0.727587  0.403744 -0.738274
  0.409170  0.434599  0.201431 -0.058782 -0.053069 -0.047517  0.005235 -0.035922
 -0.076357 -0.021701 -0.171528  0.008642  0.008642  0.368847 -0.118903  0.013286
  0.013286 -0.024758  0.017006  0.017006 -0.010305  0.003370  0.003370  0.522264
 -0.002613  0.278292 -0.065394 -0.476052  0.092184  0.092184  0.092184 -0.069163
 -0.116389  0.015740  0.015740 -0.475764  0.178452 -0.154714  0.019171  0.019171
  0.019171 -0.121759  0.044152  0.044152 -0.135162  0.033526  0.033526 -0.070001
 -0.005395 -0.005395  0.461276  0.011996 -0.312290  0.063437  0.063437  0.063437
  0.116658 -0.031330 -0.031330 -0.109200  0.000457  0.000457  0.419822 -0.086940
 -0.289462  0.053705  0.053705  0.053705 -0.291011  0.054812  0.054812  0.054812
 -0.727587  0.403744 -0.738274  0.409170  0.434599  0.201431 -0.058782 -0.053069
 -0.047517  0.005235 -0.035922 -0.076357 -0.021701 -0.171528  0.008642  0.008642
  0.368847 -0.118903  0.013286  0.013286 -0.024758  0.017006  0.017006 -0.010305
  0.003370  0.003370  0.522264 -0.002613  0.278292 -0.065394 -0.476052  0.092184
  0.092184  0.092184 -0.069163 -0.116389  0.015740  0.015740 -0.475764  0.178452
 -0.154714  0.019171  0.019171  0.019171 -0.121759  0.044152  0.044152 -0.135162
  0.033526  0.033526 -0.070001 -0.005395 -0.005395  0.461276  0.011996 -0.312290
  0.063437  0.063437  0.063437  0.116658 -0.031330 -0.031330 -0.109200  0.000457
  0.000457  0.419822 -0.086940 -0.289462  0.053705  0.053705  0.053705 -0.291011
  0.054812  0.054812  0.054812 -0.727587  0.403744 -0.738274  0.409170  0.434599
  0.201431 -0.058782 -0.053069 -0.047517  0.005235 -0.035922 -0.076357 -0.021701
 -0.171528  0.008642  0.008642  0.368847 -0.118903  0.013286  0.013286 -0.024758
  0.017006  0.017006 -0.010305  0.003370  0.003370  0.522264 -0.002613  0.278292
 -0.065394 -0.476052  0.092184  0.092184  0.092184 -0.069163 -0.116389  0.015740
  0.015740 -0.475764  0.178452 -0.154714  0.019171  0.019171  0.019171 -0.121759
  0.044152  0.044152 -0.135162  0.033526  0.033526 -0.070001 -0.005395 -0.005395
  0.461276  0.011996 -0.312290  0.063437  0.063437  0.063437  0.116658 -0.031330
 -0.031330 -0.109200  0.000457  0.000457  0.419822 -0.086940 -0.289462  0.053705
  0.053705  0.053705 -0.291011  0.054812  0.054812  0.054812 -0.727587  0.403744
 -0.738274  0.409170  0.434599  0.201431 -0.058782 -0.053069 -0.047517  0.005235
 -0.035922 -0.076357 -0.021701 -0.171528  0.008642  0.008642  0.368847 -0.118903
  0.013286  0.013286 -0.024758  0.017006  0.017006 -0.010305  0.003370  0.003370
  0.522264 -0.002613  0.278292 -0.065394 -0.476052  0.092184  0.092184  0.092184
 -0.069163 -0.116389  0.015740  0.015740 -0.475764  0.178452 -0.154714  0.019171
  0.019171  0.019171 -0.121759  0.044152  0.044152 -0.135162  0.033526  0.033526
 -0.070001 -0.005395 -0.005395  0.461276  0.011996 -0.312290  0.063437  0.063437
  0.063437  0.116658 -0.031330 -0.031330 -0.109200  0.000457  0.000457  0.419822
 -0.086940 -0.289462  0.053705  0.053705  0.053705 -0.291011  0.054812  0.054812
  0.054812 -0.727587  0.403744 -0.738274  0.409170  0.434599  0.201431 -0.058782
 -0.053069 -0.047517  0.005235 -0.035922 -0.076357 -0.021701 -0.171528  0.008642
  0.008642  0.368847 -0.118903  0.013286  0.013286 -0.024758  0.017006  0.017006
 -0.010305  0.003370  0.003370  0.522264 -0.002613  0.278292 -0.065394 -0.476052
  0.092184  0.092184  0.092184 -0.069163 -0.116389  0.015740  0.015740 -0.475764
  0.178452 -0.154714  0.019171  0.019171  0.019171 -0.121759  0.044152  0.044152
 -0.135162  0.033526  0.033526 -0.070001 -0.005395 -0.005395  0.461276  0.011996
 -0.312290  0.063437  0.063437  0.063437  0.116658 -0.031330 -0.031330 -0.109200
  0.000457  0.000457  0.419822 -0.086940 -0.289462  0.053705  0.053705  0.053705
 -0.291011  0.054812  0.054812  0.054812 -0.727587  0.403744 -0.738274  0.409170
  0.434599  0.201431 -0.058782 -0.053069 -0.047517  0.005235 -0.035922 -0.076357
 -0.021701 -0.171528  0.008642  0.008642  0.368847 -0.118903  0.013286  0.013286
 -0.024758  0.017006  0.017006 -0.010305  0.003370  0.003370  0.522264 -0.002613
  0.278292 -0.065394 -0.476052  0.092184  0.092184  0.092184 -0.069163 -0.116389
  0.015740  0.015740 -0.475764  0.178452 -0.154714  0.019171  0.019171  0.019171
 -0.121759  0.044152  0.044152 -0.135162  0.033526  0.033526 -0.070001 -0.005395
 -0.005395  0.461276  0.011996 -0.312290  0.063437  0.063437  0.063437  0.116658
 -0.031330 -0.031330 -0.109200  0.000457  0.000457  0.419822 -0.086940 -0.289462
  0.053705  0.053705  0.053705 -0.291011  0.054812  0.054812  0.054812 -0.727587
  0.403744 -0.738274  0.409170  0.434599  0.201431 -0.058782 -0.053069 -0.047517
  0.005235 -0.035922 -0.076357 -0.021701 -0.171528  0.008642  0.008642  0.368847
 -0.118903  0.013286  0.013286 -0.024758  0.017006  0.017006 -0.010305  0.003370
  0.003370  0.522264 -0.002613  0.278292 -0.065394 -0.476052  0.092184  0.092184
  0.092184 -0.069163 -0.116389  0.015740  0.015740 -0.475764  0.178452 -0.154714
  0.019171  0.019171  0.019171 -0.121759  0.044152  0.044152 -0.135162  0.033526
  0.033526 -0.070001 -0.005395 -0.005395  0.461276  0.011996 -0.312290  0.063437
  0.063437  0.063437  0.116658 -0.031330 -0.031330 -0.109200  0.000457  0.000457
  0.419822 -0.086940 -0.289462  0.053705  0.053705  0.053705 -0.291011  0.054812
  0.054812  0.054812 -0.727587  0.403744 -0.738274  0.409170  0.434599  0.201431
 -0.058782 -0.053069 -0.047517  0.005235 -0.035922 -0.076357 -0.021701 -0.171528
  0.008642  0.008642  0.368847 -0.118903  0.013286  0.013286 -0.024758  0.017006
  0.017006 -0.010305  0.003370  0.003370  0.522264 -0.002613  0.278292 -0.065394
 -0.476052  0.092184  0.092184  0.092184 -0.069163 -0.116389  0.015740  0.015740
 -0.475764  0.178452 -0.154714  0.019171  0.019171  0.019171 -0.121759  0.044152
  0.044152 -0.135162  0.033526  0.033526 -0.070001 -0.005395 -0.005395  0.461276
  0.011996 -0.312290  0.063437  0.063437  0.063437  0.116658 -0.031330 -0.031330
 -0.109200  0.000457  0.000457  0.419822 -0.086940 -0.289462  0.053705  0.053705
  0.053705 -0.291011  0.054812  0.054812  0.054812 -0.727587  0.403744 -0.738274
  0.409170  0.434599  0.201431 -0.058782 -0.053069 -0.047517  0.005235 -0.035922
 -0.076357 -0.021701 -0.171528  0.008642  0.008642  0.368847 -0.118903  0.013286
  0.013286 -0.024758  0.017006  0.017006 -0.010305  0.003370  0.003370  0.522264
 -0.002613  0.278292 -0.065394 -0.476052  0.092184  0.092184  0.092184 -0.069163
 -0.116389  0.015740  0.015740 -0.475764  0.178452 -0.154714  0.019171  0.019171
  0.019171 -0.121759  0.044152  0.044152 -0.135162  0.033526  0.033526 -0.070001
 -0.005395 -0.005395  0.461276  0.011996 -0.312290  0.063437  0.063437  0.063437
  0.116658 -0.031330 -0.031330 -0.109200  0.000457  0.000457  0.419822 -0.086940
 -0.289462  0.053705  0.053705  0.053705 -0.291011  0.054812  0.054812  0.054812
 -0.727587  0.403744 -0.738274  0.409170  0.434599  0.201431 -0.058782 -0.053069
 -0.047517  0.005235 -0.035922 -0.076357 -0.021701 -0.171528  0.008642  0.008642
  0.368847 -0.118903  0.013286  0.013286 -0.024758  0.017006  0.017006 -0.010305
  0.003370  0.003370  0.522264 -0.002613  0.278292 -0.065394 -0.476052  0.092184
  0.092184  0.092184 -0.069163 -0.116389  0.015740  0.015740 -0.475764  0.178452
 -0.154714  0.019171  0.019171  0.019171 -0.121759  0.044152  0.044152 -0.135162
  0.033526  0.033526 -0.070001 -0.005395 -0.005395  0.461276  0.011996 -0.312290
  0.063437  0.063437  0.063437  0.116658 -0.031330 -0.031330 -0.109200  0.000457
  0.000457  0.419822 -0.086940 -0.289462  0.053705  0.053705  0.053705 -0.291011
  0.054812  0.054812  0.054812 -0.727587  0.403744 -0.738274  0.409170  0.434599
  0.201431 -0.058782 -0.053069 -0.047517  0.005235 -0.035922 -0.076357 -0.021701
 -0.171528  0.008642  0.008642  0.368847 -0.118903  0.013286  0.013286 -0.024758
  0.017006  0.017006 -0.010305  0.003370  0.003370  0.522264 -0.002613  0.278292
 -0.065394 -0.476052  0.092184  0.092184  0.092184 -0.069163 -0.116389  0.015740
  0.015740 -0.475764  0.178452 -0.154714  0.019171  0.019171  0.019171 -0.121759
  0.044152  0.044152 -0.135162  0.033526  0.033526 -0.070001 -0.005395 -0.005395
  0.461276  0.011996 -0.312290  0.063437  0.063437  0.063437  0.116658 -0.031330
 -0.031330 -0.109200  0.000457  0.000457  0.419822 -0.086940 -0.289462  0.053705
  0.053705  0.053705 -0.291011  0.054812  0.054812  0.054812 -0.727587  0.403744
 -0.738274  0.409170  0.434599  0.201431 -0.058782 -0.053069 -0.047517  0.005235
 -0.035922 -0.076357 -0.021701 -0.171528  0.008642  0.008642  0.368847 -0.118903
  0.013286  0.013286 -0.024758  0.017006  0.017006 -0.010305  0.003370  0.003370
  0.522264 -0.002613  0.278292 -0.065394 -0.476052  0.092184  0.092184  0.092184
 -0.069163 -0.116389  0.015740  0.015740 -0.475764  0.178452 -0.154714  0.019171
  0.019171  0.019171 -0.121759  0.044152  0.044152 -0.135162  0.033526  0.033526
 -0.070001 -0.005395 -0.005395  0.461276  0.011996 -0.312290  0.063437  0.063437
  0.063437  0.116658 -0.031330 -0.031330 -0.109200  0.000457  0.000457  0.419822
 -0.086940 -0.289462  0.053705  0.053705  0.053705 -0.291011  0.054812  0.054812
  0.054812 -0.727587  0.403744 -0.738274  0.409170  0.434599  0.201431 -0.058782
 -0.053069 -0.047517  0.005235 -0.035922 -0.076357 -0.021701 -0.171528  0.008642
  0.008642  0.368847 -0.118903  0.013286  0.013286 -0.024758  0.017006  0.017006
 -0.010305  0.003370  0.003370  0.522264 -0.002613  0.278292 -0.065394 -0.476052
  0.092184  0.092184  0.092184 -0.069163 -0.116389  0.015740  0.015740 -0.475764
  0.178452 -0.154714  0.019171  0.019171  0.019171 -0.121759  0.044152  0.044152
 -0.135162  0.033526  0.033526 -0.070001 -0.005395 -0.005395  0.461276  0.011996
 -0.312290  0.063437  0.063437  0.063437  0.116658 -0.031330 -0.031330 -0.109200
  0.000457  0.000457  0.419822 -0.086940 -0.289462  0.053705  0.053705  0.053705
 -0.291011  0.054812  0.054812  0.054812
