  0.312514  0.083342 -0.281319  0.114010  0.114010 -0.100780  0.071212 -0.045694
  0.022683  0.022683 -0.127367  0.047549  0.047549 -0.196812  0.157649  0.064011
  0.088303  0.012120  0.116690  0.025336  0.017739 -0.083606  0.037887  0.037887
 -0.097627  0.020740  0.020740  0.095073  0.011708  0.013076 -0.107904  0.045525
  0.045525 -0.139088  0.044160  0.044160  0.032828  0.005739 -0.139849  0.029583
  0.029583  0.029583  0.110399 -0.018932 -0.136740  0.027579  0.027579  0.027579
 -0.050832  0.015842  0.015842  0.015842 -0.256751 -0.398515  0.392296 -0.694388
  0.408167 -0.016984 -0.003108 -0.003108  0.004784  0.001850  0.001850 -0.077901
  0.009164  0.009164  0.261838 -0.041667 -0.216950  0.043342  0.043342  0.043342
 -0.205868  0.040263  0.040263  0.040263  0.312514  0.083342 -0.281319  0.114010
  0.114010 -0.100780  0.071212 -0.045694  0.022683  0.022683 -0.127367  0.047549
  0.047549 -0.196812  0.157649  0.064011  0.088303  0.012120  0.116690  0.025336
  0.017739 -0.083606  0.037887  0.037887 -0.097627  0.020740  0.020740  0.095073
  0.011708  0.013076 -0.107904  0.045525  0.045525 -0.139088  0.044160  0.044160
  0.032828  0.005739 -0.139849  0.029583  0.029583  0.029583  0.110399 -0.018932
 -0.136740  0.027579  0.027579  0.027579 -0.050832  0.015842  0.015842  0.015842
 -0.256751 -0.398515  0.392296 -0.694388  0.408167 -0.016984 -0.003108 -0.003108
  0.004784  0.001850  0.001850 -0.077901  0.009164  0.009164  0.261838 -0.041667
 -0.216950  0.043342  0.043342  0.043342 -0.205868  0.040263  0.040263  0.040263
  0.312514  0.083342 -0.281319  0.114010  0.114010 -0.100780  0.071212 -0.045694
  0.022683  0.022683 -0.127367  0.047549  0.047549 -0.196812  0.157649  0.064011
  0.088303  0.012120  0.116690  0.025336  0.017739 -0.083606  0.037887  0.037887
 -0.097627  0.020740  0.020740  0.095073  0.011708  0.013076 -0.107904  0.045525
  0.045525 -0.139088  0.044160  0.044160  0.032828  0.005739 -0.139849  0.029583
  0.029583  0.029583  0.110399 -0.018932 -0.136740  0.027579  0.027579  0.027579
 -0.050832  0.015842  0.015842  0.015842 -0.256751 -0.398515  0.392296 -0.694388
  0.408167 -0.016984 -0.003108 -0.003108  0.004784  0.001850  0.001850 -0.077901
  0.009164  0.009164  0.261838 -0.041667 -0.216950  0.043342  0.043342  0.043342
 -0.205868  0.040263  0.040263  0.040263  0.312514  0.083342 -0.281319  0.114010
  0.114010 -0.100780  0.071212 -0.045694  0.022683  0.022683 -0.127367  0.047549
  0.047549 -0.196812  0.157649  0.064011  0.088303  0.012120  0.116690  0.025336
  0.017739 -0.083606  0.037887  0.037887 -0.097627  0.020740  0.020740  0.095073
  0.011708  0.013076 -0.107904  0.045525  0.045525 -0.139088  0.044160  0.044160
  0.032828  0.005739 -0.139849  0.029583  0.029583  0.029583  0.110399 -0.018932
 -0.136740  0.027579  0.027579  0.027579 -0.050832  0.015842  0.015842  0.015842
 -0.256751 -0.398515  0.392296 -0.694388  0.408167 -0.016984 -0.003108 -0.003108
  0.004784  0.001850  0.001850 -0.077901  0.009164  0.009164  0.261838 -0.041667
 -0.216950  0.043342  0.043342  0.043342 -0.205868  0.040263  0.040263  0.040263
  0.312514  0.083342 -0.281319  0.114010  0.114010 -0.100780  0.071212 -0.045694
  0.022683  0.022683 -0.127367  0.047549  0.047549 -0.196812  0.157649  0.064011
  0.088303  0.012120  0.116690  0.025336  0.017739 -0.083606  0.037887  0.037887
 -0.097627  0.020740  0.020740  0.095073  0.011708  0.013076 -0.107904  0.045525
  0.045525 -0.139088  0.044160  0.044160  0.032828  0.005739 -0.139849  0.029583
  0.029583  0.029583  0.110399 -0.018932 -0.136740  0.027579  0.027579  0.027579
 -0.050832  0.015842  0.015842  0.015842 -0.256751 -0.398515  0.392296 -0.694388
  0.408167 -0.016984 -0.003108 -0.003108  0.004784  0.001850  0.001850 -0.077901
  0.009164  0.009164  0.261838 -0.041667 -0.216950  0.043342  0.043342  0.043342
 -0.205868  0.040263  0.040263  0.040263  0.312514  0.083342 -0.281319  0.114010
  0.114010 -0.100780  0.071212 -0.045694  0.022683  0.022683 -0.127367  0.047549
  0.047549 -0.196812  0.157649  0.064011  0.088303  0.012120  0.116690  0.025336
  0.017739 -0.083606  0.037887  0.037887 -0.097627  0.020740  0.020740  0.095073
  0.011708  0.013076 -0.107904  0.045525  0.045525 -0.139088  0.044160  0.044160
  0.032828  0.005739 -0.139849  0.029583  0.029583  0.029583  0.110399 -0.018932
 -0.136740  0.027579  0.027579  0.027579 -0.050832  0.015842  0.015842  0.015842
 -0.256751 -0.398515  0.392296 -0.694388  0.408167 -0.016984 -0.003108 -0.003108
  0.004784  0.001850  0.001850 -0.077901  0.009164  0.009164  0.261838 -0.041667
 -0.216950  0.043342  0.043342  0.043342 -0.205868  0.040263  0.040263  0.040263
  0.312514  0.083342 -0.281319  0.114010  0.114010 -0.100780  0.071212 -0.045694
  0.022683  0.022683 -0.127367  0.047549  0.047549 -0.196812  0.157649  0.064011
  0.088303  0.012120  0.116690  0.025336  0.017739 -0.083606  0.037887  0.037887
 -0.097627  0.020740  0.020740  0.095073  0.011708  0.013076 -0.107904  0.045525
  0.045525 -0.139088  0.044160  0.044160  0.032828  0.005739 -0.139849  0.029583
  0.029583  0.029583  0.110399 -0.018932 -0.136740  0.027579  0.027579  0.027579
 -0.050832  0.015842  0.015842  0.015842 -0.256751 -0.398515  0.392296 -0.694388
  0.408167 -0.016984 -0.003108 -0.003108  0.004784  0.001850  0.001850 -0.077901
  0.009164  0.009164  0.261838 -0.041667 -0.216950  0.043342  0.043342  0.043342
 -0.205868  0.040263  0.040263  0.040263  0.312514  0.083342 -0.281319  0.114010
  0.114010 -0.100780  0.071212 -0.045694  0.022683  0.022683 -0.127367  0.047549
  0.047549 -0.196812  0.157649  0.064011  0.088303  0.012120  0.116690  0.025336
  0.017739 -0.083606  0.037887  0.037887 -0.097627  0.020740  0.020740  0.095073
  0.011708  0.013076 -0.107904  0.045525  0.045525 -0.139088  0.044160  0.044160
  0.032828  0.005739 -0.139849  0.029583  0.029583  0.029583  0.110399 -0.018932
 -0.136740  0.027579  0.027579  0.027579 -0.050832  0.015842  0.015842  0.015842
 -0.256751 -0.398515  0.392296 -0.694388  0.408167 -0.016984 -0.003108 -0.003108
  0.004784  0.001850  0.001850 -0.077901  0.009164  0.009164  0.261838 -0.041667
 -0.216950  0.043342  0.043342  0.043342 -0.205868  0.040263  0.040263  0.040263
  0.312514  0.083342 -0.281319  0.114010  0.114010 -0.100780  0.071212 -0.045694
  0.022683  0.022683 -0.127367  0.047549  0.047549 -0.196812  0.157649  0.064011
  0.088303  0.012120  0.116690  0.025336  0.017739 -0.083606  0.037887  0.037887
 -0.097627  0.020740  0.020740  0.095073  0.011708  0.013076 -0.107904  0.045525
  0.045525 -0.139088  0.044160  0.044160  0.032828  0.005739 -0.139849  0.029583
  0.029583  0.029583  0.110399 -0.018932 -0.136740  0.027579  0.027579  0.027579
 -0.050832  0.015842  0.015842  0.015842 -0.256751 -0.398515  0.392296 -0.694388
  0.408167 -0.016984 -0.003108 -0.003108  0.004784  0.001850  0.001850 -0.077901
  0.009164  0.009164  0.261838 -0.041667 -0.216950  0.043342  0.043342  0.043342
 -0.205868  0.040263  0.040263  0.040263  0.312514  0.083342 -0.281319  0.114010
  0.114010 -0.100780  0.071212 -0.045694  0.022683  0.022683 -0.127367  0.047549
  0.047549 -0.196812  0.157649  0.064011  0.088303  0.012120  0.116690  0.025336
  0.017739 -0.083606  0.037887  0.037887 -0.097627  0.020740  0.020740  0.095073
  0.011708  0.013076 -0.107904  0.045525  0.045525 -0.139088  0.044160  0.044160
  0.032828  0.005739 -0.139849  0.029583  0.029583  0.029583  0.110399 -0.018932
 -0.136740  0.027579  0.027579  0.027579 -0.050832  0.015842  0.015842  0.015842
 -0.256751 -0.398515  0.392296 -0.694388  0.408167 -0.016984 -0.003108 -0.003108
  0.004784  0.001850  0.001850 -0.077901  0.009164  0.009164  0.261838 -0.041667
 -0.216950  0.043342  0.043342  0.043342 -0.205868  0.040263  0.040263  0.040263
  0.312514  0.083342 -0.281319  0.114010  0.114010 -0.100780  0.071212 -0.045694
  0.022683  0.022683 -0.127367  0.047549  0.047549 -0.196812  0.157649  0.064011
  0.088303  0.012120  0.116690  0.025336  0.017739 -0.083606  0.037887  0.037887
 -0.097627  0.020740  0.020740  0.095073  0.011708  0.013076 -0.107904  0.045525
  0.045525 -0.139088  0.044160  0.044160  0.032828  0.005739 -0.139849  0.029583
  0.029583  0.029583  0.110399 -0.018932 -0.136740  0.027579  0.027579  0.027579
 -0.050832  0.015842  0.015842  0.015842 -0.256751 -0.398515  0.392296 -0.694388
  0.408167 -0.016984 -0.003108 -0.003108  0.004784  0.001850  0.001850 -0.077901
  0.009164  0.009164  0.261838 -0.041667 -0.216950  0.043342  0.043342  0.043342
 -0.205868  0.040263  0.040263  0.040263  0.312514  0.083342 -0.281319  0.114010
  0.114010 -0.100780  0.071212 -0.045694  0.022683  0.022683 -0.127367  0.047549
  0.047549 -0.196812  0.157649  0.064011  0.088303  0.012120  0.116690  0.025336
  0.017739 -0.083606  0.037887  0.037887 -0.097627  0.020740  0.020740  0.095073
  0.011708  0.013076 -0.107904  0.045525  0.045525 -0.139088  0.044160  0.044160
  0.032828  0.005739 -0.139849  0.029583  0.029583  0.029583  0.110399 -0.018932
 -0.136740  0.027579  0.027579  0.027579 -0.050832  0.015842  0.015842  0.015842
 -0.256751 -0.398515  0.392296 -0.694388  0.408167 -0.016984 -0.003108 -0.003108
  0.004784  0.001850  0.001850 -0.077901  0.009164  0.009164  0.261838 -0.041667
 -0.216950  0.043342  0.043342  0.043342 -0.205868  0.040263  0.040263  0.040263
  0.312514  0.083342 -0.281319  0.114010  0.114010 -0.100780  0.071212 -0.045694
  0.022683  0.022683 -0.127367  0.047549  0.047549 -0.196812  0.157649  0.064011
  0.088303  0.012120  0.116690  0.025336  0.017739 -0.083606  0.037887  0.037887
 -0.097627  0.020740  0.020740  0.095073  0.011708  0.013076 -0.107904  0.045525
  0.045525 -0.139088  0.044160  0.044160  0.032828  0.005739 -0.139849  0.029583
  0.029583  0.029583  0.110399 -0.018932 -0.136740  0.027579  0.027579  0.027579
 -0.050832  0.015842  0.015842  0.015842 -0.256751 -0.398515  0.392296 -0.694388
  0.408167 -0.016984 -0.003108 -0.003108  0.004784  0.001850  0.001850 -0.077901
  0.009164  0.009164  0.261838 -0.041667 -0.216950  0.043342  0.043342  0.043342
 -0.205868  0.040263  0.040263  0.040263  0.312514  0.083342 -0.281319  0.114010
  0.114010 -0.100780  0.071212 -0.045694  0.022683  0.022683 -0.127367  0.047549
  0.047549 -0.196812  0.157649  0.064011  0.088303  0.012120  0.116690  0.025336
  0.017739 -0.083606  0.037887  0.037887 -0.097627  0.020740  0.020740  0.095073
  0.011708  0.013076 -0.107904  0.045525  0.045525 -0.139088  0.044160  0.044160
  0.032828  0.005739 -0.139849  0.029583  0.029583  0.029583  0.110399 -0.018932
 -0.136740  0.027579  0.027579  0.027579 -0.050832  0.015842  0.015842  0.015842
 -0.256751 -0.398515  0.392296 -0.694388  0.408167 -0.016984 -0.003108 -0.003108
  0.004784  0.001850  0.001850 -0.077901  0.009164  0.009164  0.261838 -0.041667
 -0.216950  0.043342  0.043342  0.043342 -0.205868  0.040263  0.040263  0.040263
  0.312514  0.083342 -0.281319  0.114010  0.114010 -0.100780  0.071212 -0.045694
  0.022683  0.022683 -0.127367  0.047549  0.047549 -0.196812  0.157649  0.064011
  0.088303  0.012120  0.116690  0.025336  0.017739 -0.083606  0.037887  0.037887
 -0.097627  0.020740  0.020740  0.095073  0.011708  0.013076 -0.107904  0.045525
  0.045525 -0.139088  0.044160  0.044160  0.032828  0.005739 -0.139849  0.029583
  0.029583  0.029583  0.110399 -0.018932 -0.136740  0.027579  0.027579  0.027579
 -0.050832  0.015842  0.015842  0.015842 -0.256751 -0.398515  0.392296 -0.694388
  0.408167 -0.016984 -0.003108 -0.003108  0.004784  0.001850  0.001850 -0.077901
  0.009164  0.009164  0.261838 -0.041667 -0.216950  0.043342  0.043342  0.043342
 -0.205868  0.040263  0.040263  0.040263  0.312514  0.083342 -0.281319  0.114010
  0.114010 -0.100780  0.071212 -0.045694  0.022683  0.022683 -0.127367  0.047549
  0.047549 -0.196812  0.157649  0.064011  0.088303  0.012120  0.116690  0.025336
  0.017739 -0.083606  0.037887  0.037887 -0.097627  0.020740  0.020740  0.095073
  0.011708  0.013076 -0.107904  0.045525  0.045525 -0.139088  0.044160  0.044160
  0.032828  0.005739 -0.139849  0.029583  0.029583  0.029583  0.110399 -0.018932
 -0.136740  0.027579  0.027579  0.027579 -0.050832  0.015842  0.015842  0.015842
 -0.256751 -0.398515  0.392296 -0.694388  0.408167 -0.016984 -0.003108 -0.003108
  0.004784  0.001850  0.001850 -0.077901  0.009164  0.009164  0.261838 -0.041667
 -0.216950  0.043342  0.043342  0.043342 -0.205868  0.040263  0.040263  0.040263
  0.312514  0.083342 -0.281319  0.114010  0.114010 -0.100780  0.071212 -0.045694
  0.022683  0.022683 -0.127367  0.047549  0.047549 -0.196812  0.157649  0.064011
  0.088303  0.012120  0.116690  0.025336  0.017739 -0.083606  0.037887  0.037887
 -0.097627  0.020740  0.020740  0.095073  0.011708  0.013076 -0.107904  0.045525
  0.045525 -0.139088  0.044160  0.044160  0.032828  0.005739 -0.139849  0.029583
  0.029583  0.029583  0.110399 -0.018932 -0.136740  0.027579  0.027579  0.027579
 -0.050832  0.015842  0.015842  0.015842 -0.256751 -0.398515  0.392296 -0.694388
  0.408167 -0.016984 -0.003108 -0.003108  0.004784  0.001850  0.001850 -0.077901
  0.009164  0.009164  0.261838 -0.041667 -0.216950  0.043342  0.043342  0.043342
 -0.205868  0.040263  0.040263  0.040263  0.312514  0.083342 -0.281319  0.114010
  0.114010 -0.100780  0.071212 -0.045694  0.022683  0.022683 -0.127367  0.047549
  0.047549 -0.196812  0.157649  0.064011  0.088303  0.012120  0.116690  0.025336
  0.017739 -0.083606  0.037887  0.037887 -0.097627  0.020740  0.020740  0.095073
  0.011708  0.013076 -0.107904  0.045525  0.045525 -0.139088  0.044160  0.044160
  0.032828  0.005739 -0.139849  0.029583  0.029583  0.029583  0.110399 -0.018932
 -0.136740  0.027579  0.027579  0.027579 -0.050832  0.015842  0.015842  0.015842
 -0.256751 -0.398515  0.392296 -0.694388  0.408167 -0.016984 -0.003108 -0.003108
  0.004784  0.001850  0.001850 -0.077901  0.009164  0.009164  0.261838 -0.041667
 -0.216950  0.043342  0.043342  0.043342 -0.205868  0.040263  0.040263  0.040263
  0.312514  0.083342 -0.281319  0.114010  0.114010 -0.100780  0.071212 -0.045694
  0.022683  0.022683 -0.127367  0.047549  0.047549 -0.196812  0.157649  0.064011
  0.088303  0.012120  0.116690  0.025336  0.017739 -0.083606  0.037887  0.037887
 -0.097627  0.020740  0.020740  0.095073  0.011708  0.013076 -0.107904  0.045525
  0.045525 -0.139088  0.044160  0.044160  0.032828  0.005739 -0.139849  0.029583
  0.029583  0.029583  0.110399 -0.018932 -0.136740  0.027579  0.027579  0.027579
 -0.050832  0.015842  0.015842  0.015842 -0.256751 -0.398515  0.392296 -0.694388
  0.408167 -0.016984 -0.003108 -0.003108  0.004784  0.001850  0.001850 -0.077901
  0.009164  0.009164  0.261838 -0.041667 -0.216950  0.043342  0.043342  0.043342
 -0.205868  0.040263  0.040263  0.040263  0.312514  0.083342 -0.281319  0.114010
  0.114010 -0.100780  0.071212 -0.045694  0.022683  0.022683 -0.127367  0.047549
  0.047549 -0.196812  0.157649  0.064011  0.088303  0.012120  0.116690  0.025336
  0.017739 -0.083606  0.037887  0.037887 -0.097627  0.020740  0.020740  0.095073
  0.011708  0.013076 -0.107904  0.045525  0.045525 -0.139088  0.044160  0.044160
  0.032828  0.005739 -0.139849  0.029583  0.029583  0.029583  0.110399 -0.018932
 -0.136740  0.027579  0.027579  0.027579 -0.050832  0.015842  0.015842  0.015842
 -0.256751 -0.398515  0.392296 -0.694388  0.408167 -0.016984 -0.003108 -0.003108
  0.004784  0.001850  0.001850 -0.077901  0.009164  0.009164  0.261838 -0.041667
 -0.216950  0.043342  0.043342  0.043342 -0.205868  0.040263  0.040263  0.040263
  0.312514  0.083342 -0.281319  0.114010  0.114010 -0.100780  0.071212 -0.045694
  0.022683  0.022683 -0.127367  0.047549  0.047549 -0.196812  0.157649  0.064011
  0.088303  0.012120  0.116690  0.025336  0.017739 -0.083606  0.037887  0.037887
 -0.097627  0.020740  0.020740  0.095073  0.011708  0.013076 -0.107904  0.045525
  0.045525 -0.139088  0.044160  0.044160  0.032828  0.005739 -0.139849  0.029583
  0.029583  0.029583  0.110399 -0.018932 -0.136740  0.027579  0.027579  0.027579
 -0.050832  0.015842  0.015842  0.015842 -0.256751 -0.398515  0.392296 -0.694388
  0.408167 -0.016984 -0.003108 -0.003108  0.004784  0.001850  0.001850 -0.077901
  0.009164  0.009164  0.261838 -0.041667 -0.216950  0.043342  0.043342  0.043342
 -0.205868  0.040263  0.040263  0.040263  0.312514  0.083342 -0.281319  0.114010
  0.114010 -0.100780  0.071212 -0.045694  0.022683  0.022683 -0.127367  0.047549
  0.047549 -0.196812  0.157649  0.064011  0.088303  0.012120  0.116690  0.025336
  0.017739 -0.083606  0.037887  0.037887 -0.097627  0.020740  0.020740  0.095073
  0.011708  0.013076 -0.107904  0.045525  0.045525 -0.139088  0.044160  0.044160
  0.032828  0.005739 -0.139849  0.029583  0.029583  0.029583  0.110399 -0.018932
 -0.136740  0.027579  0.027579  0.027579 -0.050832  0.015842  0.015842  0.015842
 -0.256751 -0.398515  0.392296 -0.694388  0.408167 -0.016984 -0.003108 -0.003108
  0.004784  0.001850  0.001850 -0.077901  0.009164  0.009164  0.261838 -0.041667
 -0.216950  0.043342  0.043342  0.043342 -0.205868  0.040263  0.040263  0.040263
  0.312514  0.083342 -0.281319  0.114010  0.114010 -0.100780  0.071212 -0.045694
  0.022683  0.022683 -0.127367  0.047549  0.047549 -0.196812  0.157649  0.064011
  0.088303  0.012120  0.116690  0.025336  0.017739 -0.083606  0.037887  0.037887
 -0.097627  0.020740  0.020740  0.095073  0.011708  0.013076 -0.107904  0.045525
  0.045525 -0.139088  0.044160  0.044160  0.032828  0.005739 -0.139849  0.029583
  0.029583  0.029583  0.110399 -0.018932 -0.136740  0.027579  0.027579  0.027579
 -0.050832  0.015842  0.015842  0.015842 -0.256751 -0.398515  0.392296 -0.694388
  0.408167 -0.016984 -0.003108 -0.003108  0.004784  0.001850  0.001850 -0.077901
  0.009164  0.009164  0.261838 -0.041667 -0.216950  0.043342  0.043342  0.043342
 -0.205868  0.040263  0.040263  0.040263  0.312514  0.083342 -0.281319  0.114010
  0.114010 -0.100780  0.071212 -0.045694  0.022683  0.022683 -0.127367  0.047549
  0.047549 -0.196812  0.157649  0.064011  0.088303  0.012120  0.116690  0.025336
  0.017739 -0.083606  0.037887  0.037887 -0.097627  0.020740  0.020740  0.095073
  0.011708  0.013076 -0.107904  0.045525  0.045525 -0.139088  0.044160  0.044160
  0.032828  0.005739 -0.139849  0.029583  0.029583  0.029583  0.110399 -0.018932
 -0.136740  0.027579  0.027579  0.027579 -0.050832  0.015842  0.015842  0.015842
 -0.256751 -0.398515  0.392296 -0.694388  0.408167 -0.016984 -0.003108 -0.003108
  0.004784  0.001850  0.001850 -0.077901  0.009164  0.009164  0.261838 -0.041667
 -0.216950  0.043342  0.043342  0.043342 -0.205868  0.040263  0.040263  0.040263
  0.312514  0.083342 -0.281319  0.114010  0.114010 -0.100780  0.071212 -0.045694
  0.022683  0.022683 -0.127367  0.047549  0.047549 -0.196812  0.157649  0.064011
  0.088303  0.012120  0.116690  0.025336  0.017739 -0.083606  0.037887  0.037887
 -0.097627  0.020740  0.020740  0.095073  0.011708  0.013076 -0.107904  0.045525
  0.045525 -0.139088  0.044160  0.044160  0.032828  0.005739 -0.139849  0.029583
  0.029583  0.029583  0.110399 -0.018932 -0.136740  0.027579  0.027579  0.027579
 -0.050832  0.015842  0.015842  0.015842 -0.256751 -0.398515  0.392296 -0.694388
  0.408167 -0.016984 -0.003108 -0.003108  0.004784  0.001850  0.001850 -0.077901
  0.009164  0.009164  0.261838 -0.041667 -0.216950  0.043342  0.043342  0.043342
 -0.205868  0.040263  0.040263  0.040263  0.312514  0.083342 -0.281319  0.114010
  0.114010 -0.100780  0.071212 -0.045694  0.022683  0.022683 -0.127367  0.047549
  0.047549 -0.196812  0.157649  0.064011  0.088303  0.012120  0.116690  0.025336
  0.017739 -0.083606  0.037887  0.037887 -0.097627  0.020740  0.020740  0.095073
  0.011708  0.013076 -0.107904  0.045525  0.045525 -0.139088  0.044160  0.044160
  0.032828  0.005739 -0.139849  0.029583  0.029583  0.029583  0.110399 -0.018932
 -0.136740  0.027579  0.027579  0.027579 -0.050832  0.015842  0.015842  0.015842
 -0.256751 -0.398515  0.392296 -0.694388  0.408167 -0.016984 -0.003108 -0.003108
  0.004784  0.001850  0.001850 -0.077901  0.009164  0.009164  0.261838 -0.041667
 -0.216950  0.043342  0.043342  0.043342 -0.205868  0.040263  0.040263  0.040263
  0.312514  0.083342 -0.281319  0.114010  0.114010 -0.100780  0.071212 -0.045694
  0.022683  0.022683 -0.127367  0.047549  0.047549 -0.196812  0.157649  0.064011
  0.088303  0.012120  0.116690  0.025336  0.017739 -0.083606  0.037887  0.037887
 -0.097627  0.020740  0.020740  0.095073  0.011708  0.013076 -0.107904  0.045525
  0.045525 -0.139088  0.044160  0.044160  0.032828  0.005739 -0.139849  0.029583
  0.029583  0.029583  0.110399 -0.018932 -0.136740  0.027579  0.027579  0.027579
 -0.050832  0.015842  0.015842  0.015842 -0.256751 -0.398515  0.392296 -0.694388
  0.408167 -0.016984 -0.003108 -0.003108  0.004784  0.001850  0.001850 -0.077901
  0.009164  0.009164  0.261838 -0.041667 -0.216950  0.043342  0.043342  0.043342
 -0.205868  0.040263  0.040263  0.040263  0.312514  0.083342 -0.281319  0.114010
  0.114010 -0.100780  0.071212 -0.045694  0.022683  0.022683 -0.127367  0.047549
  0.047549 -0.196812  0.157649  0.064011  0.088303  0.012120  0.116690  0.025336
  0.017739 -0.083606  0.037887  0.037887 -0.097627  0.020740  0.020740  0.095073
  0.011708  0.013076 -0.107904  0.045525  0.045525 -0.139088  0.044160  0.044160
  0.032828  0.005739 -0.139849  0.029583  0.029583  0.029583  0.110399 -0.018932
 -0.136740  0.027579  0.027579  0.027579 -0.050832  0.015842  0.015842  0.015842
 -0.256751 -0.398515  0.392296 -0.694388  0.408167 -0.016984 -0.003108 -0.003108
  0.004784  0.001850  0.001850 -0.077901  0.009164  0.009164  0.261838 -0.041667
 -0.216950  0.043342  0.043342  0.043342 -0.205868  0.040263  0.040263  0.040263
  0.312514  0.083342 -0.281319  0.114010  0.114010 -0.100780  0.071212 -0.045694
  0.022683  0.022683 -0.127367  0.047549  0.047549 -0.196812  0.157649  0.064011
  0.088303  0.012120  0.116690  0.025336  0.017739 -0.083606  0.037887  0.037887
 -0.097627  0.020740  0.020740  0.095073  0.011708  0.013076 -0.107904  0.045525
  0.045525 -0.139088  0.044160  0.044160  0.032828  0.005739 -0.139849  0.029583
  0.029583  0.029583  0.110399 -0.018932 -0.136740  0.027579  0.027579  0.027579
 -0.050832  0.015842  0.015842  0.015842 -0.256751 -0.398515  0.392296 -0.694388
  0.408167 -0.016984 -0.003108 -0.003108  0.004784  0.001850  0.001850 -0.077901
  0.009164  0.009164  0.261838 -0.041667 -0.216950  0.043342  0.043342  0.043342
 -0.205868  0.040263  0.040263  0.040263  0.312514  0.083342 -0.281319  0.114010
  0.114010 -0.100780  0.071212 -0.045694  0.022683  0.022683 -0.127367  0.047549
  0.047549 -0.196812  0.157649  0.064011  0.088303  0.012120  0.116690  0.025336
  0.017739 -0.083606  0.037887  0.037887 -0.097627  0.020740  0.020740  0.095073
  0.011708  0.013076 -0.107904  0.045525  0.045525 -0.139088  0.044160  0.044160
  0.032828  0.005739 -0.139849  0.029583  0.029583  0.029583  0.110399 -0.018932
 -0.136740  0.027579  0.027579  0.027579 -0.050832  0.015842  0.015842  0.015842
 -0.256751 -0.398515  0.392296 -0.694388  0.408167 -0.016984 -0.003108 -0.003108
  0.004784  0.001850  0.001850 -0.077901  0.009164  0.009164  0.261838 -0.041667
 -0.216950  0.043342  0.043342  0.043342 -0.205868  0.040263  0.040263  0.040263
  0.312514  0.083342 -0.281319  0.114010  0.114010 -0.100780  0.071212 -0.045694
  0.022683  0.022683 -0.127367  0.047549  0.047549 -0.196812  0.157649  0.064011
  0.088303  0.012120  0.116690  0.025336  0.017739 -0.083606  0.037887  0.037887
 -0.097627  0.020740  0.020740  0.095073  0.011708  0.013076 -0.107904  0.045525
  0.045525 -0.139088  0.044160  0.044160  0.032828  0.005739 -0.139849  0.029583
  0.029583  0.029583  0.110399 -0.018932 -0.136740  0.027579  0.027579  0.027579
 -0.050832  0.015842  0.015842  0.015842 -0.256751 -0.398515  0.392296 -0.694388
  0.408167 -0.016984 -0.003108 -0.003108  0.004784  0.001850  0.001850 -0.077901
  0.009164  0.009164  0.261838 -0.041667 -0.216950  0.043342  0.043342  0.043342
 -0.205868  0.040263  0.040263  0.040263  0.312514  0.083342 -0.281319  0.114010
  0.114010 -0.100780  0.071212 -0.045694  0.022683  0.022683 -0.127367  0.047549
  0.047549 -0.196812  0.157649  0.064011  0.088303  0.012120  0.116690  0.025336
  0.017739 -0.083606  0.037887  0.037887 -0.097627  0.020740  0.020740  0.095073
  0.011708  0.013076 -0.107904  0.045525  0.045525 -0.139088  0.044160  0.044160
  0.032828  0.005739 -0.139849  0.029583  0.029583  0.029583  0.110399 -0.018932
 -0.136740  0.027579  0.027579  0.027579 -0.050832  0.015842  0.015842  0.015842
 -0.256751 -0.398515  0.392296 -0.694388  0.408167 -0.016984 -0.003108 -0.003108
  0.004784  0.001850  0.001850 -0.077901  0.009164  0.009164  0.261838 -0.041667
 -0.216950  0.043342  0.043342  0.043342 -0.205868  0.040263  0.040263  0.040263
  0.312514  0.083342 -0.281319  0.114010  0.114010 -0.100780  0.071212 -0.045694
  0.022683  0.022683 -0.127367  0.047549  0.047549 -0.196812  0.157649  0.064011
  0.088303  0.012120  0.116690  0.025336  0.017739 -0.083606  0.037887  0.037887
 -0.097627  0.020740  0.020740  0.095073  0.011708  0.013076 -0.107904  0.045525
  0.045525 -0.139088  0.044160  0.044160  0.032828  0.005739 -0.139849  0.029583
  0.029583  0.029583  0.110399 -0.018932 -0.136740  0.027579  0.027579  0.027579
 -0.050832  0.015842  0.015842  0.015842 -0.256751 -0.398515  0.392296 -0.694388
  0.408167 -0.016984 -0.003108 -0.003108  0.004784  0.001850  0.001850 -0.077901
  0.009164  0.009164  0.261838 -0.041667 -0.216950  0.043342  0.043342  0.043342
 -0.205868  0.040263  0.040263  0.040263  0.312514  0.083342 -0.281319  0.114010
  0.114010 -0.100780  0.071212 -0.045694  0.022683  0.022683 -0.127367  0.047549
  0.047549 -0.196812  0.157649  0.064011  0.088303  0.012120  0.116690  0.025336
  0.017739 -0.083606  0.037887  0.037887 -0.097627  0.020740  0.020740  0.095073
  0.011708  0.013076 -0.107904  0.045525  0.045525 -0.139088  0.044160  0.044160
  0.032828  0.005739 -0.139849  0.029583  0.029583  0.029583  0.110399 -0.018932
 -0.136740  0.027579  0.027579  0.027579 -0.050832  0.015842  0.015842  0.015842
 -0.256751 -0.398515  0.392296 -0.694388  0.408167 -0.016984 -0.003108 -0.003108
  0.004784  0.001850  0.001850 -0.077901  0.009164  0.009164  0.261838 -0.041667
 -0.216950  0.043342  0.043342  0.043342 -0.205868  0.040263  0.040263  0.040263
  0.312514  0.083342 -0.281319  0.114010  0.114010 -0.100780  0.071212 -0.045694
  0.022683  0.022683 -0.127367  0.047549  0.047549 -0.196812  0.157649  0.064011
  0.088303  0.012120  0.116690  0.025336  0.017739 -0.083606  0.037887  0.037887
 -0.097627  0.020740  0.020740  0.095073  0.011708  0.013076 -0.107904  0.045525
  0.045525 -0.139088  0.044160  0.044160  0.032828  0.005739 -0.139849  0.029583
  0.029583  0.029583  0.110399 -0.018932 -0.136740  0.027579  0.027579  0.027579
 -0.050832  0.015842  0.015842  0.015842 -0.256751 -0.398515  0.392296 -0.694388
  0.408167 -0.016984 -0.003108 -0.003108  0.004784  0.001850  0.001850 -0.077901
  0.009164  0.009164  0.261838 -0.041667 -0.216950  0.043342  0.043342  0.043342
 -0.205868  0.040263  0.040263  0.040263  0.312514  0.083342 -0.281319  0.114010
  0.114010 -0.100780  0.071212 -0.045694  0.022683  0.022683 -0.127367  0.047549
  0.047549 -0.196812  0.157649  0.064011  0.088303  0.012120  0.116690  0.025336
  0.017739 -0.083606  0.037887  0.037887 -0.097627  0.020740  0.020740  0.095073
  0.011708  0.013076 -0.107904  0.045525  0.045525 -0.139088  0.044160  0.044160
  0.032828  0.005739 -0.139849  0.029583  0.029583  0.029583  0.110399 -0.018932
 -0.136740  0.027579  0.027579  0.027579 -0.050832  0.015842  0.015842  0.015842
 -0.256751 -0.398515  0.392296 -0.694388  0.408167 -0.016984 -0.003108 -0.003108
  0.004784  0.001850  0.001850 -0.077901  0.009164  0.009164  0.261838 -0.041667
 -0.216950  0.043342  0.043342  0.043342 -0.205868  0.040263  0.040263  0.040263
  0.312514  0.083342 -0.281319  0.114010  0.114010 -0.100780  0.071212 -0.045694
  0.022683  0.022683 -0.127367  0.047549  0.047549 -0.196812  0.157649  0.064011
  0.088303  0.012120  0.116690  0.025336  0.017739 -0.083606  0.037887  0.037887
 -0.097627  0.020740  0.020740  0.095073  0.011708  0.013076 -0.107904  0.045525
  0.045525 -0.139088  0.044160  0.044160  0.032828  0.005739 -0.139849  0.029583
  0.029583  0.029583  0.110399 -0.018932 -0.136740  0.027579  0.027579  0.027579
 -0.050832  0.015842  0.015842  0.015842 -0.256751 -0.398515  0.392296 -0.694388
  0.408167 -0.016984 -0.003108 -0.003108  0.004784  0.001850  0.001850 -0.077901
  0.009164  0.009164  0.261838 -0.041667 -0.216950  0.043342  0.043342  0.043342
 -0.205868  0.040263  0.040263  0.040263  0.312514  0.083342 -0.281319  0.114010
  0.114010 -0.100780  0.071212 -0.045694  0.022683  0.022683 -0.127367  0.047549
  0.047549 -0.196812  0.157649  0.064011  0.088303  0.012120  0.116690  0.025336
  0.017739 -0.083606  0.037887  0.037887 -0.097627  0.020740  0.020740  0.095073
  0.011708  0.013076 -0.107904  0.045525  0.045525 -0.139088  0.044160  0.044160
  0.032828  0.005739 -0.139849  0.029583  0.029583  0.029583  0.110399 -0.018932
 -0.136740  0.027579  0.027579  0.027579 -0.050832  0.015842  0.015842  0.015842
 -0.256751 -0.398515  0.392296 -0.694388  0.408167 -0.016984 -0.003108 -0.003108
  0.004784  0.001850  0.001850 -0.077901  0.009164  0.009164  0.261838 -0.041667
 -0.216950  0.043342  0.043342  0.043342 -0.205868  0.040263  0.040263  0.040263
  0.312514  0.083342 -0.281319  0.114010  0.114010 -0.100780  0.071212 -0.045694
  0.022683  0.022683 -0.127367  0.047549  0.047549 -0.196812  0.157649  0.064011
  0.088303  0.012120  0.116690  0.025336  0.017739 -0.083606  0.037887  0.037887
 -0.097627  0.020740  0.020740  0.095073  0.011708  0.013076 -0.107904  0.045525
  0.045525 -0.139088  0.044160  0.044160  0.032828  0.005739 -0.139849  0.029583
  0.029583  0.029583  0.110399 -0.018932 -0.136740  0.027579  0.027579  0.027579
 -0.050832  0.015842  0.015842  0.015842 -0.256751 -0.398515  0.392296 -0.694388
  0.408167 -0.016984 -0.003108 -0.003108  0.004784  0.001850  0.001850 -0.077901
  0.009164  0.009164  0.261838 -0.041667 -0.216950  0.043342  0.043342  0.043342
 -0.205868  0.040263  0.040263  0.040263  0.312514  0.083342 -0.281319  0.114010
  0.114010 -0.100780  0.071212 -0.045694  0.022683  0.022683 -0.127367  0.047549
  0.047549 -0.196812  0.157649  0.064011  0.088303  0.012120  0.116690  0.025336
  0.017739 -0.083606  0.037887  0.037887 -0.097627  0.020740  0.020740  0.095073
  0.011708  0.013076 -0.107904  0.045525  0.045525 -0.139088  0.044160  0.044160
  0.032828  0.005739 -0.139849  0.029583  0.029583  0.029583  0.110399 -0.018932
 -0.136740  0.027579  0.027579  0.027579 -0.050832  0.015842  0.015842  0.015842
 -0.256751 -0.398515  0.392296 -0.694388  0.408167 -0.016984 -0.003108 -0.003108
  0.004784  0.001850  0.001850 -0.077901  0.009164  0.009164  0.261838 -0.041667
 -0.216950  0.043342  0.043342  0.043342 -0.205868  0.040263  0.040263  0.040263
  0.312514  0.083342 -0.281319  0.114010  0.114010 -0.100780  0.071212 -0.045694
  0.022683  0.022683 -0.127367  0.047549  0.047549 -0.196812  0.157649  0.064011
  0.088303  0.012120  0.116690  0.025336  0.017739 -0.083606  0.037887  0.037887
 -0.097627  0.020740  0.020740  0.095073  0.011708  0.013076 -0.107904  0.045525
  0.045525 -0.139088  0.044160  0.044160  0.032828  0.005739 -0.139849  0.029583
  0.029583  0.029583  0.110399 -0.018932 -0.136740  0.027579  0.027579  0.027579
 -0.050832  0.015842  0.015842  0.015842 -0.256751 -0.398515  0.392296 -0.694388
  0.408167 -0.016984 -0.003108 -0.003108  0.004784  0.001850  0.001850 -0.077901
  0.009164  0.009164  0.261838 -0.041667 -0.216950  0.043342  0.043342  0.043342
 -0.205868  0.040263  0.040263  0.040263  0.312514  0.083342 -0.281319  0.114010
  0.114010 -0.100780  0.071212 -0.045694  0.022683  0.022683 -0.127367  0.047549
  0.047549 -0.196812  0.157649  0.064011  0.088303  0.012120  0.116690  0.025336
  0.017739 -0.083606  0.037887  0.037887 -0.097627  0.020740  0.020740  0.095073
  0.011708  0.013076 -0.107904  0.045525  0.045525 -0.139088  0.044160  0.044160
  0.032828  0.005739 -0.139849  0.029583  0.029583  0.029583  0.110399 -0.018932
 -0.136740  0.027579  0.027579  0.027579 -0.050832  0.015842  0.015842  0.015842
 -0.256751 -0.398515  0.392296 -0.694388  0.408167 -0.016984 -0.003108 -0.003108
  0.004784  0.001850  0.001850 -0.077901  0.009164  0.009164  0.261838 -0.041667
 -0.216950  0.043342  0.043342  0.043342 -0.205868  0.040263  0.040263  0.040263
  0.312514  0.083342 -0.281319  0.114010  0.114010 -0.100780  0.071212 -0.045694
  0.022683  0.022683 -0.127367  0.047549  0.047549 -0.196812  0.157649  0.064011
  0.088303  0.012120  0.116690  0.025336  0.017739 -0.083606  0.037887  0.037887
 -0.097627  0.020740  0.020740  0.095073  0.011708  0.013076 -0.107904  0.045525
  0.045525 -0.139088  0.044160  0.044160  0.032828  0.005739 -0.139849  0.029583
  0.029583  0.029583  0.110399 -0.018932 -0.136740  0.027579  0.027579  0.027579
 -0.050832  0.015842  0.015842  0.015842 -0.256751 -0.398515  0.392296 -0.694388
  0.408167 -0.016984 -0.003108 -0.003108  0.004784  0.001850  0.001850 -0.077901
  0.009164  0.009164  0.261838 -0.041667 -0.216950  0.043342  0.043342  0.043342
 -0.205868  0.040263  0.040263  0.040263  0.312514  0.083342 -0.281319  0.114010
  0.114010 -0.100780  0.071212 -0.045694  0.022683  0.022683 -0.127367  0.047549
  0.047549 -0.196812  0.157649  0.064011  0.088303  0.012120  0.116690  0.025336
  0.017739 -0.083606  0.037887  0.037887 -0.097627  0.020740  0.020740  0.095073
  0.011708  0.013076 -0.107904  0.045525  0.045525 -0.139088  0.044160  0.044160
  0.032828  0.005739 -0.139849  0.029583  0.029583  0.029583  0.110399 -0.018932
 -0.136740  0.027579  0.027579  0.027579 -0.050832  0.015842  0.015842  0.015842
 -0.256751 -0.398515  0.392296 -0.694388  0.408167 -0.016984 -0.003108 -0.003108
  0.004784  0.001850  0.001850 -0.077901  0.009164  0.009164  0.261838 -0.041667
 -0.216950  0.043342  0.043342  0.043342 -0.205868  0.040263  0.040263  0.040263
  0.312514  0.083342 -0.281319  0.114010  0.114010 -0.100780  0.071212 -0.045694
  0.022683  0.022683 -0.127367  0.047549  0.047549 -0.196812  0.157649  0.064011
  0.088303  0.012120  0.116690  0.025336  0.017739 -0.083606  0.037887  0.037887
 -0.097627  0.020740  0.020740  0.095073  0.011708  0.013076 -0.107904  0.045525
  0.045525 -0.139088  0.044160  0.044160  0.032828  0.005739 -0.139849  0.029583
  0.029583  0.029583  0.110399 -0.018932 -0.136740  0.027579  0.027579  0.027579
 -0.050832  0.015842  0.015842  0.015842 -0.256751 -0.398515  0.392296 -0.694388
  0.408167 -0.016984 -0.003108 -0.003108  0.004784  0.001850  0.001850 -0.077901
  0.009164  0.009164  0.261838 -0.041667 -0.216950  0.043342  0.043342  0.043342
 -0.205868  0.040263  0.040263  0.040263  0.312514  0.083342 -0.281319  0.114010
  0.114010 -0.100780  0.071212 -0.045694  0.022683  0.022683 -0.127367  0.047549
  0.047549 -0.196812  0.157649  0.064011  0.088303  0.012120  0.116690  0.025336
  0.017739 -0.083606  0.037887  0.037887 -0.097627  0.020740  0.020740  0.095073
  0.011708  0.013076 -0.107904  0.045525  0.045525 -0.139088  0.044160  0.044160
  0.032828  0.005739 -0.139849  0.029583  0.029583  0.029583  0.110399 -0.018932
 -0.136740  0.027579  0.027579  0.027579 -0.050832  0.015842  0.015842  0.015842
 -0.256751 -0.398515  0.392296 -0.694388  0.408167 -0.016984 -0.003108 -0.003108
  0.004784  0.001850  0.001850 -0.077901  0.009164  0.009164  0.261838 -0.041667
 -0.216950  0.043342  0.043342  0.043342 -0.205868  0.040263  0.040263  0.040263
  0.312514  0.083342 -0.281319  0.114010  0.114010 -0.100780  0.071212 -0.045694
  0.022683  0.022683 -0.127367  0.047549  0.047549 -0.196812  0.157649  0.064011
  0.088303  0.012120  0.116690  0.025336  0.017739 -0.083606  0.037887  0.037887
 -0.097627  0.020740  0.020740  0.095073  0.011708  0.013076 -0.107904  0.045525
  0.045525 -0.139088  0.044160  0.044160  0.032828  0.005739 -0.139849  0.029583
  0.029583  0.029583  0.110399 -0.018932 -0.136740  0.027579  0.027579  0.027579
 -0.050832  0.015842  0.015842  0.015842 -0.256751 -0.398515  0.392296 -0.694388
  0.408167 -0.016984 -0.003108 -0.003108  0.004784  0.001850  0.001850 -0.077901
  0.009164  0.009164  0.261838 -0.041667 -0.216950  0.043342  0.043342  0.043342
 -0.205868  0.040263  0.040263  0.040263  0.312514  0.083342 -0.281319  0.114010
  0.114010 -0.100780  0.071212 -0.045694  0.022683  0.022683 -0.127367  0.047549
  0.047549 -0.196812  0.157649  0.064011  0.088303  0.012120  0.116690  0.025336
  0.017739 -0.083606  0.037887  0.037887 -0.097627  0.020740  0.020740  0.095073
  0.011708  0.013076 -0.107904  0.045525  0.045525 -0.139088  0.044160  0.044160
  0.032828  0.005739 -0.139849  0.029583  0.029583  0.029583  0.110399 -0.018932
 -0.136740  0.027579  0.027579  0.027579 -0.050832  0.015842  0.015842  0.015842
 -0.256751 -0.398515  0.392296 -0.694388  0.408167 -0.016984 -0.003108 -0.003108
  0.004784  0.001850  0.001850 -0.077901  0.009164  0.009164  0.261838 -0.041667
 -0.216950  0.043342  0.043342  0.043342 -0.205868  0.040263  0.040263  0.040263
  0.312514  0.083342 -0.281319  0.114010  0.114010 -0.100780  0.071212 -0.045694
  0.022683  0.022683 -0.127367  0.047549  0.047549 -0.196812  0.157649  0.064011
  0.088303  0.012120  0.116690  0.025336  0.017739 -0.083606  0.037887  0.037887
 -0.097627  0.020740  0.020740  0.095073  0.011708  0.013076 -0.107904  0.045525
  0.045525 -0.139088  0.044160  0.044160  0.032828  0.005739 -0.139849  0.029583
  0.029583  0.029583  0.110399 -0.018932 -0.136740  0.027579  0.027579  0.027579
 -0.050832  0.015842  0.015842  0.015842 -0.256751 -0.398515  0.392296 -0.694388
  0.408167 -0.016984 -0.003108 -0.003108  0.004784  0.001850  0.001850 -0.077901
  0.009164  0.009164  0.261838 -0.041667 -0.216950  0.043342  0.043342  0.043342
 -0.205868  0.040263  0.040263  0.040263  0.312514  0.083342 -0.281319  0.114010
  0.114010 -0.100780  0.071212 -0.045694  0.022683  0.022683 -0.127367  0.047549
  0.047549 -0.196812  0.157649  0.064011  0.088303  0.012120  0.116690  0.025336
  0.017739 -0.083606  0.037887  0.037887 -0.097627  0.020740  0.020740  0.095073
  0.011708  0.013076 -0.107904  0.045525  0.045525 -0.139088  0.044160  0.044160
  0.032828  0.005739 -0.139849  0.029583  0.029583  0.029583  0.110399 -0.018932
 -0.136740  0.027579  0.027579  0.027579 -0.050832  0.015842  0.015842  0.015842
 -0.256751 -0.398515  0.392296 -0.694388  0.408167 -0.016984 -0.003108 -0.003108
  0.004784  0.001850  0.001850 -0.077901  0.009164  0.009164  0.261838 -0.041667
 -0.216950  0.043342  0.043342  0.043342 -0.205868  0.040263  0.040263  0.040263
  0.312514  0.083342 -0.281319  0.114010  0.114010 -0.100780  0.071212 -0.045694
  0.022683  0.022683 -0.127367  0.047549  0.047549 -0.196812  0.157649  0.064011
  0.088303  0.012120  0.116690  0.025336  0.017739 -0.083606  0.037887  0.037887
 -0.097627  0.020740  0.020740  0.095073  0.011708  0.013076 -0.107904  0.045525
  0.045525 -0.139088  0.044160  0.044160  0.032828  0.005739 -0.139849  0.029583
  0.029583  0.029583  0.110399 -0.018932 -0.136740  0.027579  0.027579  0.027579
 -0.050832  0.015842  0.015842  0.015842 -0.256751 -0.398515  0.392296 -0.694388
  0.408167 -0.016984 -0.003108 -0.003108  0.004784  0.001850  0.001850 -0.077901
  0.009164  0.009164  0.261838 -0.041667 -0.216950  0.043342  0.043342  0.043342
 -0.205868  0.040263  0.040263  0.040263  0.312514  0.083342 -0.281319  0.114010
  0.114010 -0.100780  0.071212 -0.045694  0.022683  0.022683 -0.127367  0.047549
  0.047549 -0.196812  0.157649  0.064011  0.088303  0.012120  0.116690  0.025336
  0.017739 -0.083606  0.037887  0.037887 -0.097627  0.020740  0.020740  0.095073
  0.011708  0.013076 -0.107904  0.045525  0.045525 -0.139088  0.044160  0.044160
  0.032828  0.005739 -0.139849  0.029583  0.029583  0.029583  0.110399 -0.018932
 -0.136740  0.027579  0.027579  0.027579 -0.050832  0.015842  0.015842  0.015842
 -0.256751 -0.398515  0.392296 -0.694388  0.408167 -0.016984 -0.003108 -0.003108
  0.004784  0.001850  0.001850 -0.077901  0.009164  0.009164  0.261838 -0.041667
 -0.216950  0.043342  0.043342  0.043342 -0.205868  0.040263  0.040263  0.040263
  0.312514  0.083342 -0.281319  0.114010  0.114010 -0.100780  0.071212 -0.045694
  0.022683  0.022683 -0.127367  0.047549  0.047549 -0.196812  0.157649  0.064011
  0.088303  0.012120  0.116690  0.025336  0.017739 -0.083606  0.037887  0.037887
 -0.097627  0.020740  0.020740  0.095073  0.011708  0.013076 -0.107904  0.045525
  0.045525 -0.139088  0.044160  0.044160  0.032828  0.005739 -0.139849  0.029583
  0.029583  0.029583  0.110399 -0.018932 -0.136740  0.027579  0.027579  0.027579
 -0.050832  0.015842  0.015842  0.015842 -0.256751 -0.398515  0.392296 -0.694388
  0.408167 -0.016984 -0.003108 -0.003108  0.004784  0.001850  0.001850 -0.077901
  0.009164  0.009164  0.261838 -0.041667 -0.216950  0.043342  0.043342  0.043342
 -0.205868  0.040263  0.040263  0.040263  0.312514  0.083342 -0.281319  0.114010
  0.114010 -0.100780  0.071212 -0.045694  0.022683  0.022683 -0.127367  0.047549
  0.047549 -0.196812  0.157649  0.064011  0.088303  0.012120  0.116690  0.025336
  0.017739 -0.083606  0.037887  0.037887 -0.097627  0.020740  0.020740  0.095073
  0.011708  0.013076 -0.107904  0.045525  0.045525 -0.139088  0.044160  0.044160
  0.032828  0.005739 -0.139849  0.029583  0.029583  0.029583  0.110399 -0.018932
 -0.136740  0.027579  0.027579  0.027579 -0.050832  0.015842  0.015842  0.015842
 -0.256751 -0.398515  0.392296 -0.694388  0.408167 -0.016984 -0.003108 -0.003108
  0.004784  0.001850  0.001850 -0.077901  0.009164  0.009164  0.261838 -0.041667
 -0.216950  0.043342  0.043342  0.043342 -0.205868  0.040263  0.040263  0.040263
  0.312514  0.083342 -0.281319  0.114010  0.114010 -0.100780  0.071212 -0.045694
  0.022683  0.022683 -0.127367  0.047549  0.047549 -0.196812  0.157649  0.064011
  0.088303  0.012120  0.116690  0.025336  0.017739 -0.083606  0.037887  0.037887
 -0.097627  0.020740  0.020740  0.095073  0.011708  0.013076 -0.107904  0.045525
  0.045525 -0.139088  0.044160  0.044160  0.032828  0.005739 -0.139849  0.029583
  0.029583  0.029583  0.110399 -0.018932 -0.136740  0.027579  0.027579  0.027579
 -0.050832  0.015842  0.015842  0.015842 -0.256751 -0.398515  0.392296 -0.694388
  0.408167 -0.016984 -0.003108 -0.003108  0.004784  0.001850  0.001850 -0.077901
  0.009164  0.009164  0.261838 -0.041667 -0.216950  0.043342  0.043342  0.043342
 -0.205868  0.040263  0.040263  0.040263  0.312514  0.083342 -0.281319  0.114010
  0.114010 -0.100780  0.071212 -0.045694  0.022683  0.022683 -0.127367  0.047549
  0.047549 -0.196812  0.157649  0.064011  0.088303  0.012120  0.116690  0.025336
  0.017739 -0.083606  0.037887  0.037887 -0.097627  0.020740  0.020740  0.095073
  0.011708  0.013076 -0.107904  0.045525  0.045525 -0.139088  0.044160  0.044160
  0.032828  0.005739 -0.139849  0.029583  0.029583  0.029583  0.110399 -0.018932
 -0.136740  0.027579  0.027579  0.027579 -0.050832  0.015842  0.015842  0.015842
 -0.256751 -0.398515  0.392296 -0.694388  0.408167 -0.016984 -0.003108 -0.003108
  0.004784  0.001850  0.001850 -0.077901  0.009164  0.009164  0.261838 -0.041667
 -0.216950  0.043342  0.043342  0.043342 -0.205868  0.040263  0.040263  0.040263
  0.312514  0.083342 -0.281319  0.114010  0.114010 -0.100780  0.071212 -0.045694
  0.022683  0.022683 -0.127367  0.047549  0.047549 -0.196812  0.157649  0.064011
  0.088303  0.012120  0.116690  0.025336  0.017739 -0.083606  0.037887  0.037887
 -0.097627  0.020740  0.020740  0.095073  0.011708  0.013076 -0.107904  0.045525
  0.045525 -0.139088  0.044160  0.044160  0.032828  0.005739 -0.139849  0.029583
  0.029583  0.029583  0.110399 -0.018932 -0.136740  0.027579  0.027579  0.027579
 -0.050832  0.015842  0.015842  0.015842 -0.256751 -0.398515  0.392296 -0.694388
  0.408167 -0.016984 -0.003108 -0.003108  0.004784  0.001850  0.001850 -0.077901
  0.009164  0.009164  0.261838 -0.041667 -0.216950  0.043342  0.043342  0.043342
 -0.205868  0.040263  0.040263  0.040263  0.312514  0.083342 -0.281319  0.114010
  0.114010 -0.100780  0.071212 -0.045694  0.022683  0.022683 -0.127367  0.047549
  0.047549 -0.196812  0.157649  0.064011  0.088303  0.012120  0.116690  0.025336
  0.017739 -0.083606  0.037887  0.037887 -0.097627  0.020740  0.020740  0.095073
  0.011708  0.013076 -0.107904  0.045525  0.045525 -0.139088  0.044160  0.044160
  0.032828  0.005739 -0.139849  0.029583  0.029583  0.029583  0.110399 -0.018932
 -0.136740  0.027579  0.027579  0.027579 -0.050832  0.015842  0.015842  0.015842
 -0.256751 -0.398515  0.392296 -0.694388  0.408167 -0.016984 -0.003108 -0.003108
  0.004784  0.001850  0.001850 -0.077901  0.009164  0.009164  0.261838 -0.041667
 -0.216950  0.043342  0.043342  0.043342 -0.205868  0.040263  0.040263  0.040263
  0.312514  0.083342 -0.281319  0.114010  0.114010 -0.100780  0.071212 -0.045694
  0.022683  0.022683 -0.127367  0.047549  0.047549 -0.196812  0.157649  0.064011
  0.088303  0.012120  0.116690  0.025336  0.017739 -0.083606  0.037887  0.037887
 -0.097627  0.020740  0.020740  0.095073  0.011708  0.013076 -0.107904  0.045525
  0.045525 -0.139088  0.044160  0.044160  0.032828  0.005739 -0.139849  0.029583
  0.029583  0.029583  0.110399 -0.018932 -0.136740  0.027579  0.027579  0.027579
 -0.050832  0.015842  0.015842  0.015842 -0.256751 -0.398515  0.392296 -0.694388
  0.408167 -0.016984 -0.003108 -0.003108  0.004784  0.001850  0.001850 -0.077901
  0.009164  0.009164  0.261838 -0.041667 -0.216950  0.043342  0.043342  0.043342
 -0.205868  0.040263  0.040263  0.040263  0.312514  0.083342 -0.281319  0.114010
  0.114010 -0.100780  0.071212 -0.045694  0.022683  0.022683 -0.127367  0.047549
  0.047549 -0.196812  0.157649  0.064011  0.088303  0.012120  0.116690  0.025336
  0.017739 -0.083606  0.037887  0.037887 -0.097627  0.020740  0.020740  0.095073
  0.011708  0.013076 -0.107904  0.045525  0.045525 -0.139088  0.044160  0.044160
  0.032828  0.005739 -0.139849  0.029583  0.029583  0.029583  0.110399 -0.018932
 -0.136740  0.027579  0.027579  0.027579 -0.050832  0.015842  0.015842  0.015842
 -0.256751 -0.398515  0.392296 -0.694388  0.408167 -0.016984 -0.003108 -0.003108
  0.004784  0.001850  0.001850 -0.077901  0.009164  0.009164  0.261838 -0.041667
 -0.216950  0.043342  0.043342  0.043342 -0.205868  0.040263  0.040263  0.040263
  0.312514  0.083342 -0.281319  0.114010  0.114010 -0.100780  0.071212 -0.045694
  0.022683  0.022683 -0.127367  0.047549  0.047549 -0.196812  0.157649  0.064011
  0.088303  0.012120  0.116690  0.025336  0.017739 -0.083606  0.037887  0.037887
 -0.097627  0.020740  0.020740  0.095073  0.011708  0.013076 -0.107904  0.045525
  0.045525 -0.139088  0.044160  0.044160  0.032828  0.005739 -0.139849  0.029583
  0.029583  0.029583  0.110399 -0.018932 -0.136740  0.027579  0.027579  0.027579
 -0.050832  0.015842  0.015842  0.015842 -0.256751 -0.398515  0.392296 -0.694388
  0.408167 -0.016984 -0.003108 -0.003108  0.004784  0.001850  0.001850 -0.077901
  0.009164  0.009164  0.261838 -0.041667 -0.216950  0.043342  0.043342  0.043342
 -0.205868  0.040263  0.040263  0.040263  0.312514  0.083342 -0.281319  0.114010
  0.114010 -0.100780  0.071212 -0.045694  0.022683  0.022683 -0.127367  0.047549
  0.047549 -0.196812  0.157649  0.064011  0.088303  0.012120  0.116690  0.025336
  0.017739 -0.083606  0.037887  0.037887 -0.097627  0.020740  0.020740  0.095073
  0.011708  0.013076 -0.107904  0.045525  0.045525 -0.139088  0.044160  0.044160
  0.032828  0.005739 -0.139849  0.029583  0.029583  0.029583  0.110399 -0.018932
 -0.136740  0.027579  0.027579  0.027579 -0.050832  0.015842  0.015842  0.015842
 -0.256751 -0.398515  0.392296 -0.694388  0.408167 -0.016984 -0.003108 -0.003108
  0.004784  0.001850  0.001850 -0.077901  0.009164  0.009164  0.261838 -0.041667
 -0.216950  0.043342  0.043342  0.043342 -0.205868  0.040263  0.040263  0.040263
  0.312514  0.083342 -0.281319  0.114010  0.114010 -0.100780  0.071212 -0.045694
  0.022683  0.022683 -0.127367  0.047549  0.047549 -0.196812  0.157649  0.064011
  0.088303  0.012120  0.116690  0.025336  0.017739 -0.083606  0.037887  0.037887
 -0.097627  0.020740  0.020740  0.095073  0.011708  0.013076 -0.107904  0.045525
  0.045525 -0.139088  0.044160  0.044160  0.032828  0.005739 -0.139849  0.029583
  0.029583  0.029583  0.110399 -0.018932 -0.136740  0.027579  0.027579  0.027579
 -0.050832  0.015842  0.015842  0.015842 -0.256751 -0.398515  0.392296 -0.694388
  0.408167 -0.016984 -0.003108 -0.003108  0.004784  0.001850  0.001850 -0.077901
  0.009164  0.009164  0.261838 -0.041667 -0.216950  0.043342  0.043342  0.043342
 -0.205868  0.040263  0.040263  0.040263  0.312514  0.083342 -0.281319  0.114010
  0.114010 -0.100780  0.071212 -0.045694  0.022683  0.022683 -0.127367  0.047549
  0.047549 -0.196812  0.157649  0.064011  0.088303  0.012120  0.116690  0.025336
  0.017739 -0.083606  0.037887  0.037887 -0.097627  0.020740  0.020740  0.095073
  0.011708  0.013076 -0.107904  0.045525  0.045525 -0.139088  0.044160  0.044160
  0.032828  0.005739 -0.139849  0.029583  0.029583  0.029583  0.110399 -0.018932
 -0.136740  0.027579  0.027579  0.027579 -0.050832  0.015842  0.015842  0.015842
 -0.256751 -0.398515  0.392296 -0.694388  0.408167 -0.016984 -0.003108 -0.003108
  0.004784  0.001850  0.001850 -0.077901  0.009164  0.009164  0.261838 -0.041667
 -0.216950  0.043342  0.043342  0.043342 -0.205868  0.040263  0.040263  0.040263
  0.312514  0.083342 -0.281319  0.114010  0.114010 -0.100780  0.071212 -0.045694
  0.022683  0.022683 -0.127367  0.047549  0.047549 -0.196812  0.157649  0.064011
  0.088303  0.012120  0.116690  0.025336  0.017739 -0.083606  0.037887  0.037887
 -0.097627  0.020740  0.020740  0.095073  0.011708  0.013076 -0.107904  0.045525
  0.045525 -0.139088  0.044160  0.044160  0.032828  0.005739 -0.139849  0.029583
  0.029583  0.029583  0.110399 -0.018932 -0.136740  0.027579  0.027579  0.027579
 -0.050832  0.015842  0.015842  0.015842 -0.256751 -0.398515  0.392296 -0.694388
  0.408167 -0.016984 -0.003108 -0.003108  0.004784  0.001850  0.001850 -0.077901
  0.009164  0.009164  0.261838 -0.041667 -0.216950  0.043342  0.043342  0.043342
 -0.205868  0.040263  0.040263  0.040263  0.312514  0.083342 -0.281319  0.114010
  0.114010 -0.100780  0.071212 -0.045694  0.022683  0.022683 -0.127367  0.047549
  0.047549 -0.196812  0.157649  0.064011  0.088303  0.012120  0.116690  0.025336
  0.017739 -0.083606  0.037887  0.037887 -0.097627  0.020740  0.020740  0.095073
  0.011708  0.013076 -0.107904  0.045525  0.045525 -0.139088  0.044160  0.044160
  0.032828  0.005739 -0.139849  0.029583  0.029583  0.029583  0.110399 -0.018932
 -0.136740  0.027579  0.027579  0.027579 -0.050832  0.015842  0.015842  0.015842
 -0.256751 -0.398515  0.392296 -0.694388  0.408167 -0.016984 -0.003108 -0.003108
  0.004784  0.001850  0.001850 -0.077901  0.009164  0.009164  0.261838 -0.041667
 -0.216950  0.043342  0.043342  0.043342 -0.205868  0.040263  0.040263  0.040263
  0.312514  0.083342 -0.281319  0.114010  0.114010 -0.100780  0.071212 -0.045694
  0.022683  0.022683 -0.127367  0.047549  0.047549 -0.196812  0.157649  0.064011
  0.088303  0.012120  0.116690  0.025336  0.017739 -0.083606  0.037887  0.037887
 -0.097627  0.020740  0.020740  0.095073  0.011708  0.013076 -0.107904  0.045525
  0.045525 -0.139088  0.044160  0.044160  0.032828  0.005739 -0.139849  0.029583
  0.029583  0.029583  0.110399 -0.018932 -0.136740  0.027579  0.027579  0.027579
 -0.050832  0.015842  0.015842  0.015842 -0.256751 -0.398515  0.392296 -0.694388
  0.408167 -0.016984 -0.003108 -0.003108  0.004784  0.001850  0.001850 -0.077901
  0.009164  0.009164  0.261838 -0.041667 -0.216950  0.043342  0.043342  0.043342
 -0.205868  0.040263  0.040263  0.040263  0.312514  0.083342 -0.281319  0.114010
  0.114010 -0.100780  0.071212 -0.045694  0.022683  0.022683 -0.127367  0.047549
  0.047549 -0.196812  0.157649  0.064011  0.088303  0.012120  0.116690  0.025336
  0.017739 -0.083606  0.037887  0.037887 -0.097627  0.020740  0.020740  0.095073
  0.011708  0.013076 -0.107904  0.045525  0.045525 -0.139088  0.044160  0.044160
  0.032828  0.005739 -0.139849  0.029583  0.029583  0.029583  0.110399 -0.018932
 -0.136740  0.027579  0.027579  0.027579 -0.050832  0.015842  0.015842  0.015842
 -0.256751 -0.398515  0.392296 -0.694388  0.408167 -0.016984 -0.003108 -0.003108
  0.004784  0.001850  0.001850 -0.077901  0.009164  0.009164  0.261838 -0.041667
 -0.216950  0.043342  0.043342  0.043342 -0.205868  0.040263  0.040263  0.040263
  0.312514  0.083342 -0.281319  0.114010  0.114010 -0.100780  0.071212 -0.045694
  0.022683  0.022683 -0.127367  0.047549  0.047549 -0.196812  0.157649  0.064011
  0.088303  0.012120  0.116690  0.025336  0.017739 -0.083606  0.037887  0.037887
 -0.097627  0.020740  0.020740  0.095073  0.011708  0.013076 -0.107904  0.045525
  0.045525 -0.139088  0.044160  0.044160  0.032828  0.005739 -0.139849  0.029583
  0.029583  0.029583  0.110399 -0.018932 -0.136740  0.027579  0.027579  0.027579
 -0.050832  0.015842  0.015842  0.015842 -0.256751 -0.398515  0.392296 -0.694388
  0.408167 -0.016984 -0.003108 -0.003108  0.004784  0.001850  0.001850 -0.077901
  0.009164  0.009164  0.261838 -0.041667 -0.216950  0.043342  0.043342  0.043342
 -0.205868  0.040263  0.040263  0.040263  0.312514  0.083342 -0.281319  0.114010
  0.114010 -0.100780  0.071212 -0.045694  0.022683  0.022683 -0.127367  0.047549
  0.047549 -0.196812  0.157649  0.064011  0.088303  0.012120  0.116690  0.025336
  0.017739 -0.083606  0.037887  0.037887 -0.097627  0.020740  0.020740  0.095073
  0.011708  0.013076 -0.107904  0.045525  0.045525 -0.139088  0.044160  0.044160
  0.032828  0.005739 -0.139849  0.029583  0.029583  0.029583  0.110399 -0.018932
 -0.136740  0.027579  0.027579  0.027579 -0.050832  0.015842  0.015842  0.015842
 -0.256751 -0.398515  0.392296 -0.694388  0.408167 -0.016984 -0.003108 -0.003108
  0.004784  0.001850  0.001850 -0.077901  0.009164  0.009164  0.261838 -0.041667
 -0.216950  0.043342  0.043342  0.043342 -0.205868  0.040263  0.040263  0.040263
  0.312514  0.083342 -0.281319  0.114010  0.114010 -0.100780  0.071212 -0.045694
  0.022683  0.022683 -0.127367  0.047549  0.047549 -0.196812  0.157649  0.064011
  0.088303  0.012120  0.116690  0.025336  0.017739 -0.083606  0.037887  0.037887
 -0.097627  0.020740  0.020740  0.095073  0.011708  0.013076 -0.107904  0.045525
  0.045525 -0.139088  0.044160  0.044160  0.032828  0.005739 -0.139849  0.029583
  0.029583  0.029583  0.110399 -0.018932 -0.136740  0.027579  0.027579  0.027579
 -0.050832  0.015842  0.015842  0.015842 -0.256751 -0.398515  0.392296 -0.694388
  0.408167 -0.016984 -0.003108 -0.003108  0.004784  0.001850  0.001850 -0.077901
  0.009164  0.009164  0.261838 -0.041667 -0.216950  0.043342  0.043342  0.043342
 -0.205868  0.040263  0.040263  0.040263  0.312514  0.083342 -0.281319  0.114010
  0.114010 -0.100780  0.071212 -0.045694  0.022683  0.022683 -0.127367  0.047549
  0.047549 -0.196812  0.157649  0.064011  0.088303  0.012120  0.116690  0.025336
  0.017739 -0.083606  0.037887  0.037887 -0.097627  0.020740  0.020740  0.095073
  0.011708  0.013076 -0.107904  0.045525  0.045525 -0.139088  0.044160  0.044160
  0.032828  0.005739 -0.139849  0.029583  0.029583  0.029583  0.110399 -0.018932
 -0.136740  0.027579  0.027579  0.027579 -0.050832  0.015842  0.015842  0.015842
 -0.256751 -0.398515  0.392296 -0.694388  0.408167 -0.016984 -0.003108 -0.003108
  0.004784  0.001850  0.001850 -0.077901  0.009164  0.009164  0.261838 -0.041667
 -0.216950  0.043342  0.043342  0.043342 -0.205868  0.040263  0.040263  0.040263
  0.312514  0.083342 -0.281319  0.114010  0.114010 -0.100780  0.071212 -0.045694
  0.022683  0.022683 -0.127367  0.047549  0.047549 -0.196812  0.157649  0.064011
  0.088303  0.012120  0.116690  0.025336  0.017739 -0.083606  0.037887  0.037887
 -0.097627  0.020740  0.020740  0.095073  0.011708  0.013076 -0.107904  0.045525
  0.045525 -0.139088  0.044160  0.044160  0.032828  0.005739 -0.139849  0.029583
  0.029583  0.029583  0.110399 -0.018932 -0.136740  0.027579  0.027579  0.027579
 -0.050832  0.015842  0.015842  0.015842 -0.256751 -0.398515  0.392296 -0.694388
  0.408167 -0.016984 -0.003108 -0.003108  0.004784  0.001850  0.001850 -0.077901
  0.009164  0.009164  0.261838 -0.041667 -0.216950  0.043342  0.043342  0.043342
 -0.205868  0.040263  0.040263  0.040263  0.312514  0.083342 -0.281319  0.114010
  0.114010 -0.100780  0.071212 -0.045694  0.022683  0.022683 -0.127367  0.047549
  0.047549 -0.196812  0.157649  0.064011  0.088303  0.012120  0.116690  0.025336
  0.017739 -0.083606  0.037887  0.037887 -0.097627  0.020740  0.020740  0.095073
  0.011708  0.013076 -0.107904  0.045525  0.045525 -0.139088  0.044160  0.044160
  0.032828  0.005739 -0.139849  0.029583  0.029583  0.029583  0.110399 -0.018932
 -0.136740  0.027579  0.027579  0.027579 -0.050832  0.015842  0.015842  0.015842
 -0.256751 -0.398515  0.392296 -0.694388  0.408167 -0.016984 -0.003108 -0.003108
  0.004784  0.001850  0.001850 -0.077901  0.009164  0.009164  0.261838 -0.041667
 -0.216950  0.043342  0.043342  0.043342 -0.205868  0.040263  0.040263  0.040263
  0.312514  0.083342 -0.281319  0.114010  0.114010 -0.100780  0.071212 -0.045694
  0.022683  0.022683 -0.127367  0.047549  0.047549 -0.196812  0.157649  0.064011
  0.088303  0.012120  0.116690  0.025336  0.017739 -0.083606  0.037887  0.037887
 -0.097627  0.020740  0.020740  0.095073  0.011708  0.013076 -0.107904  0.045525
  0.045525 -0.139088  0.044160  0.044160  0.032828  0.005739 -0.139849  0.029583
  0.029583  0.029583  0.110399 -0.018932 -0.136740  0.027579  0.027579  0.027579
 -0.050832  0.015842  0.015842  0.015842 -0.256751 -0.398515  0.392296 -0.694388
  0.408167 -0.016984 -0.003108 -0.003108  0.004784  0.001850  0.001850 -0.077901
  0.009164  0.009164  0.261838 -0.041667 -0.216950  0.043342  0.043342  0.043342
 -0.205868  0.040263  0.040263  0.040263  0.312514  0.083342 -0.281319  0.114010
  0.114010 -0.100780  0.071212 -0.045694  0.022683  0.022683 -0.127367  0.047549
  0.047549 -0.196812  0.157649  0.064011  0.088303  0.012120  0.116690  0.025336
  0.017739 -0.083606  0.037887  0.037887 -0.097627  0.020740  0.020740  0.095073
  0.011708  0.013076 -0.107904  0.045525  0.045525 -0.139088  0.044160  0.044160
  0.032828  0.005739 -0.139849  0.029583  0.029583  0.029583  0.110399 -0.018932
 -0.136740  0.027579  0.027579  0.027579 -0.050832  0.015842  0.015842  0.015842
 -0.256751 -0.398515  0.392296 -0.694388  0.408167 -0.016984 -0.003108 -0.003108
  0.004784  0.001850  0.001850 -0.077901  0.009164  0.009164  0.261838 -0.041667
 -0.216950  0.043342  0.043342  0.043342 -0.205868  0.040263  0.040263  0.040263
  0.312514  0.083342 -0.281319  0.114010  0.114010 -0.100780  0.071212 -0.045694
  0.022683  0.022683 -0.127367  0.047549  0.047549 -0.196812  0.157649  0.064011
  0.088303  0.012120  0.116690  0.025336  0.017739 -0.083606  0.037887  0.037887
 -0.097627  0.020740  0.020740  0.095073  0.011708  0.013076 -0.107904  0.045525
  0.045525 -0.139088  0.044160  0.044160  0.032828  0.005739 -0.139849  0.029583
  0.029583  0.029583  0.110399 -0.018932 -0.136740  0.027579  0.027579  0.027579
 -0.050832  0.015842  0.015842  0.015842 -0.256751 -0.398515  0.392296 -0.694388
  0.408167 -0.016984 -0.003108 -0.003108  0.004784  0.001850  0.001850 -0.077901
  0.009164  0.009164  0.261838 -0.041667 -0.216950  0.043342  0.043342  0.043342
 -0.205868  0.040263  0.040263  0.040263  0.312514  0.083342 -0.281319  0.114010
  0.114010 -0.100780  0.071212 -0.045694  0.022683  0.022683 -0.127367  0.047549
  0.047549 -0.196812  0.157649  0.064011  0.088303  0.012120  0.116690  0.025336
  0.017739 -0.083606  0.037887  0.037887 -0.097627  0.020740  0.020740  0.095073
  0.011708  0.013076 -0.107904  0.045525  0.045525 -0.139088  0.044160  0.044160
  0.032828  0.005739 -0.139849  0.029583  0.029583  0.029583  0.110399 -0.018932
 -0.136740  0.027579  0.027579  0.027579 -0.050832  0.015842  0.015842  0.015842
 -0.256751 -0.398515  0.392296 -0.694388  0.408167 -0.016984 -0.003108 -0.003108
  0.004784  0.001850  0.001850 -0.077901  0.009164  0.009164  0.261838 -0.041667
 -0.216950  0.043342  0.043342  0.043342 -0.205868  0.040263  0.040263  0.040263
  0.312514  0.083342 -0.281319  0.114010  0.114010 -0.100780  0.071212 -0.045694
  0.022683  0.022683 -0.127367  0.047549  0.047549 -0.196812  0.157649  0.064011
  0.088303  0.012120  0.116690  0.025336  0.017739 -0.083606  0.037887  0.037887
 -0.097627  0.020740  0.020740  0.095073  0.011708  0.013076 -0.107904  0.045525
  0.045525 -0.139088  0.044160  0.044160  0.032828  0.005739 -0.139849  0.029583
  0.029583  0.029583  0.110399 -0.018932 -0.136740  0.027579  0.027579  0.027579
 -0.050832  0.015842  0.015842  0.015842 -0.256751 -0.398515  0.392296 -0.694388
  0.408167 -0.016984 -0.003108 -0.003108  0.004784  0.001850  0.001850 -0.077901
  0.009164  0.009164  0.261838 -0.041667 -0.216950  0.043342  0.043342  0.043342
 -0.205868  0.040263  0.040263  0.040263  0.312514  0.083342 -0.281319  0.114010
  0.114010 -0.100780  0.071212 -0.045694  0.022683  0.022683 -0.127367  0.047549
  0.047549 -0.196812  0.157649  0.064011  0.088303  0.012120  0.116690  0.025336
  0.017739 -0.083606  0.037887  0.037887 -0.097627  0.020740  0.020740  0.095073
  0.011708  0.013076 -0.107904  0.045525  0.045525 -0.139088  0.044160  0.044160
  0.032828  0.005739 -0.139849  0.029583  0.029583  0.029583  0.110399 -0.018932
 -0.136740  0.027579  0.027579  0.027579 -0.050832  0.015842  0.015842  0.015842
 -0.256751 -0.398515  0.392296 -0.694388  0.408167 -0.016984 -0.003108 -0.003108
  0.004784  0.001850  0.001850 -0.077901  0.009164  0.009164  0.261838 -0.041667
 -0.216950  0.043342  0.043342  0.043342 -0.205868  0.040263  0.040263  0.040263
  0.312514  0.083342 -0.281319  0.114010  0.114010 -0.100780  0.071212 -0.045694
  0.022683  0.022683 -0.127367  0.047549  0.047549 -0.196812  0.157649  0.064011
  0.088303  0.012120  0.116690  0.025336  0.017739 -0.083606  0.037887  0.037887
 -0.097627  0.020740  0.020740  0.095073  0.011708  0.013076 -0.107904  0.045525
  0.045525 -0.139088  0.044160  0.044160  0.032828  0.005739 -0.139849  0.029583
  0.029583  0.029583  0.110399 -0.018932 -0.136740  0.027579  0.027579  0.027579
 -0.050832  0.015842  0.015842  0.015842 -0.256751 -0.398515  0.392296 -0.694388
  0.408167 -0.016984 -0.003108 -0.003108  0.004784  0.001850  0.001850 -0.077901
  0.009164  0.009164  0.261838 -0.041667 -0.216950  0.043342  0.043342  0.043342
 -0.205868  0.040263  0.040263  0.040263  0.312514  0.083342 -0.281319  0.114010
  0.114010 -0.100780  0.071212 -0.045694  0.022683  0.022683 -0.127367  0.047549
  0.047549 -0.196812  0.157649  0.064011  0.088303  0.012120  0.116690  0.025336
  0.017739 -0.083606  0.037887  0.037887 -0.097627  0.020740  0.020740  0.095073
  0.011708  0.013076 -0.107904  0.045525  0.045525 -0.139088  0.044160  0.044160
  0.032828  0.005739 -0.139849  0.029583  0.029583  0.029583  0.110399 -0.018932
 -0.136740  0.027579  0.027579  0.027579 -0.050832  0.015842  0.015842  0.015842
 -0.256751 -0.398515  0.392296 -0.694388  0.408167 -0.016984 -0.003108 -0.003108
  0.004784  0.001850  0.001850 -0.077901  0.009164  0.009164  0.261838 -0.041667
 -0.216950  0.043342  0.043342  0.043342 -0.205868  0.040263  0.040263  0.040263
  0.312514  0.083342 -0.281319  0.114010  0.114010 -0.100780  0.071212 -0.045694
  0.022683  0.022683 -0.127367  0.047549  0.047549 -0.196812  0.157649  0.064011
  0.088303  0.012120  0.116690  0.025336  0.017739 -0.083606  0.037887  0.037887
 -0.097627  0.020740  0.020740  0.095073  0.011708  0.013076 -0.107904  0.045525
  0.045525 -0.139088  0.044160  0.044160  0.032828  0.005739 -0.139849  0.029583
  0.029583  0.029583  0.110399 -0.018932 -0.136740  0.027579  0.027579  0.027579
 -0.050832  0.015842  0.015842  0.015842 -0.256751 -0.398515  0.392296 -0.694388
  0.408167 -0.016984 -0.003108 -0.003108  0.004784  0.001850  0.001850 -0.077901
  0.009164  0.009164  0.261838 -0.041667 -0.216950  0.043342  0.043342  0.043342
 -0.205868  0.040263  0.040263  0.040263  0.312514  0.083342 -0.281319  0.114010
  0.114010 -0.100780  0.071212 -0.045694  0.022683  0.022683 -0.127367  0.047549
  0.047549 -0.196812  0.157649  0.064011  0.088303  0.012120  0.116690  0.025336
  0.017739 -0.083606  0.037887  0.037887 -0.097627  0.020740  0.020740  0.095073
  0.011708  0.013076 -0.107904  0.045525  0.045525 -0.139088  0.044160  0.044160
  0.032828  0.005739 -0.139849  0.029583  0.029583  0.029583  0.110399 -0.018932
 -0.136740  0.027579  0.027579  0.027579 -0.050832  0.015842  0.015842  0.015842
 -0.256751 -0.398515  0.392296 -0.694388  0.408167 -0.016984 -0.003108 -0.003108
  0.004784  0.001850  0.001850 -0.077901  0.009164  0.009164  0.261838 -0.041667
 -0.216950  0.043342  0.043342  0.043342 -0.205868  0.040263  0.040263  0.040263
  0.312514  0.083342 -0.281319  0.114010  0.114010 -0.100780  0.071212 -0.045694
  0.022683  0.022683 -0.127367  0.047549  0.047549 -0.196812  0.157649  0.064011
  0.088303  0.012120  0.116690  0.025336  0.017739 -0.083606  0.037887  0.037887
 -0.097627  0.020740  0.020740  0.095073  0.011708  0.013076 -0.107904  0.045525
  0.045525 -0.139088  0.044160  0.044160  0.032828  0.005739 -0.139849  0.029583
  0.029583  0.029583  0.110399 -0.018932 -0.136740  0.027579  0.027579  0.027579
 -0.050832  0.015842  0.015842  0.015842 -0.256751 -0.398515  0.392296 -0.694388
  0.408167 -0.016984 -0.003108 -0.003108  0.004784  0.001850  0.001850 -0.077901
  0.009164  0.009164  0.261838 -0.041667 -0.216950  0.043342  0.043342  0.043342
 -0.205868  0.040263  0.040263  0.040263  0.312514  0.083342 -0.281319  0.114010
  0.114010 -0.100780  0.071212 -0.045694  0.022683  0.022683 -0.127367  0.047549
  0.047549 -0.196812  0.157649  0.064011  0.088303  0.012120  0.116690  0.025336
  0.017739 -0.083606  0.037887  0.037887 -0.097627  0.020740  0.020740  0.095073
  0.011708  0.013076 -0.107904  0.045525  0.045525 -0.139088  0.044160  0.044160
  0.032828  0.005739 -0.139849  0.029583  0.029583  0.029583  0.110399 -0.018932
 -0.136740  0.027579  0.027579  0.027579 -0.050832  0.015842  0.015842  0.015842
 -0.256751 -0.398515  0.392296 -0.694388  0.408167 -0.016984 -0.003108 -0.003108
  0.004784  0.001850  0.001850 -0.077901  0.009164  0.009164  0.261838 -0.041667
 -0.216950  0.043342  0.043342  0.043342 -0.205868  0.040263  0.040263  0.040263
  0.312514  0.083342 -0.281319  0.114010  0.114010 -0.100780  0.071212 -0.045694
  0.022683  0.022683 -0.127367  0.047549  0.047549 -0.196812  0.157649  0.064011
  0.088303  0.012120  0.116690  0.025336  0.017739 -0.083606  0.037887  0.037887
 -0.097627  0.020740  0.020740  0.095073  0.011708  0.013076 -0.107904  0.045525
  0.045525 -0.139088  0.044160  0.044160  0.032828  0.005739 -0.139849  0.029583
  0.029583  0.029583  0.110399 -0.018932 -0.136740  0.027579  0.027579  0.027579
 -0.050832  0.015842  0.015842  0.015842 -0.256751 -0.398515  0.392296 -0.694388
  0.408167 -0.016984 -0.003108 -0.003108  0.004784  0.001850  0.001850 -0.077901
  0.009164  0.009164  0.261838 -0.041667 -0.216950  0.043342  0.043342  0.043342
 -0.205868  0.040263  0.040263  0.040263  0.312514  0.083342 -0.281319  0.114010
  0.114010 -0.100780  0.071212 -0.045694  0.022683  0.022683 -0.127367  0.047549
  0.047549 -0.196812  0.157649  0.064011  0.088303  0.012120  0.116690  0.025336
  0.017739 -0.083606  0.037887  0.037887 -0.097627  0.020740  0.020740  0.095073
  0.011708  0.013076 -0.107904  0.045525  0.045525 -0.139088  0.044160  0.044160
  0.032828  0.005739 -0.139849  0.029583  0.029583  0.029583  0.110399 -0.018932
 -0.136740  0.027579  0.027579  0.027579 -0.050832  0.015842  0.015842  0.015842
 -0.256751 -0.398515  0.392296 -0.694388  0.408167 -0.016984 -0.003108 -0.003108
  0.004784  0.001850  0.001850 -0.077901  0.009164  0.009164  0.261838 -0.041667
 -0.216950  0.043342  0.043342  0.043342 -0.205868  0.040263  0.040263  0.040263
  0.312514  0.083342 -0.281319  0.114010  0.114010 -0.100780  0.071212 -0.045694
  0.022683  0.022683 -0.127367  0.047549  0.047549 -0.196812  0.157649  0.064011
  0.088303  0.012120  0.116690  0.025336  0.017739 -0.083606  0.037887  0.037887
 -0.097627  0.020740  0.020740  0.095073  0.011708  0.013076 -0.107904  0.045525
  0.045525 -0.139088  0.044160  0.044160  0.032828  0.005739 -0.139849  0.029583
  0.029583  0.029583  0.110399 -0.018932 -0.136740  0.027579  0.027579  0.027579
 -0.050832  0.015842  0.015842  0.015842 -0.256751 -0.398515  0.392296 -0.694388
  0.408167 -0.016984 -0.003108 -0.003108  0.004784  0.001850  0.001850 -0.077901
  0.009164  0.009164  0.261838 -0.041667 -0.216950  0.043342  0.043342  0.043342
 -0.205868  0.040263  0.040263  0.040263  0.312514  0.083342 -0.281319  0.114010
  0.114010 -0.100780  0.071212 -0.045694  0.022683  0.022683 -0.127367  0.047549
  0.047549 -0.196812  0.157649  0.064011  0.088303  0.012120  0.116690  0.025336
  0.017739 -0.083606  0.037887  0.037887 -0.097627  0.020740  0.020740  0.095073
  0.011708  0.013076 -0.107904  0.045525  0.045525 -0.139088  0.044160  0.044160
  0.032828  0.005739 -0.139849  0.029583  0.029583  0.029583  0.110399 -0.018932
 -0.136740  0.027579  0.027579  0.027579 -0.050832  0.015842  0.015842  0.015842
 -0.256751 -0.398515  0.392296 -0.694388  0.408167 -0.016984 -0.003108 -0.003108
  0.004784  0.001850  0.001850 -0.077901  0.009164  0.009164  0.261838 -0.041667
 -0.216950  0.043342  0.043342  0.043342 -0.205868  0.040263  0.040263  0.040263
  0.312514  0.083342 -0.281319  0.114010  0.114010 -0.100780  0.071212 -0.045694
  0.022683  0.022683 -0.127367  0.047549  0.047549 -0.196812  0.157649  0.064011
  0.088303  0.012120  0.116690  0.025336  0.017739 -0.083606  0.037887  0.037887
 -0.097627  0.020740  0.020740  0.095073  0.011708  0.013076 -0.107904  0.045525
  0.045525 -0.139088  0.044160  0.044160  0.032828  0.005739 -0.139849  0.029583
  0.029583  0.029583  0.110399 -0.018932 -0.136740  0.027579  0.027579  0.027579
 -0.050832  0.015842  0.015842  0.015842 -0.256751 -0.398515  0.392296 -0.694388
  0.408167 -0.016984 -0.003108 -0.003108  0.004784  0.001850  0.001850 -0.077901
  0.009164  0.009164  0.261838 -0.041667 -0.216950  0.043342  0.043342  0.043342
 -0.205868  0.040263  0.040263  0.040263  0.312514  0.083342 -0.281319  0.114010
  0.114010 -0.100780  0.071212 -0.045694  0.022683  0.022683 -0.127367  0.047549
  0.047549 -0.196812  0.157649  0.064011  0.088303  0.012120  0.116690  0.025336
  0.017739 -0.083606  0.037887  0.037887 -0.097627  0.020740  0.020740  0.095073
  0.011708  0.013076 -0.107904  0.045525  0.045525 -0.139088  0.044160  0.044160
  0.032828  0.005739 -0.139849  0.029583  0.029583  0.029583  0.110399 -0.018932
 -0.136740  0.027579  0.027579  0.027579 -0.050832  0.015842  0.015842  0.015842
 -0.256751 -0.398515  0.392296 -0.694388  0.408167 -0.016984 -0.003108 -0.003108
  0.004784  0.001850  0.001850 -0.077901  0.009164  0.009164  0.261838 -0.041667
 -0.216950  0.043342  0.043342  0.043342 -0.205868  0.040263  0.040263  0.040263
  0.312514  0.083342 -0.281319  0.114010  0.114010 -0.100780  0.071212 -0.045694
  0.022683  0.022683 -0.127367  0.047549  0.047549 -0.196812  0.157649  0.064011
  0.088303  0.012120  0.116690  0.025336  0.017739 -0.083606  0.037887  0.037887
 -0.097627  0.020740  0.020740  0.095073  0.011708  0.013076 -0.107904  0.045525
  0.045525 -0.139088  0.044160  0.044160  0.032828  0.005739 -0.139849  0.029583
  0.029583  0.029583  0.110399 -0.018932 -0.136740  0.027579  0.027579  0.027579
 -0.050832  0.015842  0.015842  0.015842 -0.256751 -0.398515  0.392296 -0.694388
  0.408167 -0.016984 -0.003108 -0.003108  0.004784  0.001850  0.001850 -0.077901
  0.009164  0.009164  0.261838 -0.041667 -0.216950  0.043342  0.043342  0.043342
 -0.205868  0.040263  0.040263  0.040263  0.312514  0.083342 -0.281319  0.114010
  0.114010 -0.100780  0.071212 -0.045694  0.022683  0.022683 -0.127367  0.047549
  0.047549 -0.196812  0.157649  0.064011  0.088303  0.012120  0.116690  0.025336
  0.017739 -0.083606  0.037887  0.037887 -0.097627  0.020740  0.020740  0.095073
  0.011708  0.013076 -0.107904  0.045525  0.045525 -0.139088  0.044160  0.044160
  0.032828  0.005739 -0.139849  0.029583  0.029583  0.029583  0.110399 -0.018932
 -0.136740  0.027579  0.027579  0.027579 -0.050832  0.015842  0.015842  0.015842
 -0.256751 -0.398515  0.392296 -0.694388  0.408167 -0.016984 -0.003108 -0.003108
  0.004784  0.001850  0.001850 -0.077901  0.009164  0.009164  0.261838 -0.041667
 -0.216950  0.043342  0.043342  0.043342 -0.205868  0.040263  0.040263  0.040263
  0.312514  0.083342 -0.281319  0.114010  0.114010 -0.100780  0.071212 -0.045694
  0.022683  0.022683 -0.127367  0.047549  0.047549 -0.196812  0.157649  0.064011
  0.088303  0.012120  0.116690  0.025336  0.017739 -0.083606  0.037887  0.037887
 -0.097627  0.020740  0.020740  0.095073  0.011708  0.013076 -0.107904  0.045525
  0.045525 -0.139088  0.044160  0.044160  0.032828  0.005739 -0.139849  0.029583
  0.029583  0.029583  0.110399 -0.018932 -0.136740  0.027579  0.027579  0.027579
 -0.050832  0.015842  0.015842  0.015842 -0.256751 -0.398515  0.392296 -0.694388
  0.408167 -0.016984 -0.003108 -0.003108  0.004784  0.001850  0.001850 -0.077901
  0.009164  0.009164  0.261838 -0.041667 -0.216950  0.043342  0.043342  0.043342
 -0.205868  0.040263  0.040263  0.040263  0.312514  0.083342 -0.281319  0.114010
  0.114010 -0.100780  0.071212 -0.045694  0.022683  0.022683 -0.127367  0.047549
  0.047549 -0.196812  0.157649  0.064011  0.088303  0.012120  0.116690  0.025336
  0.017739 -0.083606  0.037887  0.037887 -0.097627  0.020740  0.020740  0.095073
  0.011708  0.013076 -0.107904  0.045525  0.045525 -0.139088  0.044160  0.044160
  0.032828  0.005739 -0.139849  0.029583  0.029583  0.029583  0.110399 -0.018932
 -0.136740  0.027579  0.027579  0.027579 -0.050832  0.015842  0.015842  0.015842
 -0.256751 -0.398515  0.392296 -0.694388  0.408167 -0.016984 -0.003108 -0.003108
  0.004784  0.001850  0.001850 -0.077901  0.009164  0.009164  0.261838 -0.041667
 -0.216950  0.043342  0.043342  0.043342 -0.205868  0.040263  0.040263  0.040263
  0.312514  0.083342 -0.281319  0.114010  0.114010 -0.100780  0.071212 -0.045694
  0.022683  0.022683 -0.127367  0.047549  0.047549 -0.196812  0.157649  0.064011
  0.088303  0.012120  0.116690  0.025336  0.017739 -0.083606  0.037887  0.037887
 -0.097627  0.020740  0.020740  0.095073  0.011708  0.013076 -0.107904  0.045525
  0.045525 -0.139088  0.044160  0.044160  0.032828  0.005739 -0.139849  0.029583
  0.029583  0.029583  0.110399 -0.018932 -0.136740  0.027579  0.027579  0.027579
 -0.050832  0.015842  0.015842  0.015842 -0.256751 -0.398515  0.392296 -0.694388
  0.408167 -0.016984 -0.003108 -0.003108  0.004784  0.001850  0.001850 -0.077901
  0.009164  0.009164  0.261838 -0.041667 -0.216950  0.043342  0.043342  0.043342
 -0.205868  0.040263  0.040263  0.040263  0.312514  0.083342 -0.281319  0.114010
  0.114010 -0.100780  0.071212 -0.045694  0.022683  0.022683 -0.127367  0.047549
  0.047549 -0.196812  0.157649  0.064011  0.088303  0.012120  0.116690  0.025336
  0.017739 -0.083606  0.037887  0.037887 -0.097627  0.020740  0.020740  0.095073
  0.011708  0.013076 -0.107904  0.045525  0.045525 -0.139088  0.044160  0.044160
  0.032828  0.005739 -0.139849  0.029583  0.029583  0.029583  0.110399 -0.018932
 -0.136740  0.027579  0.027579  0.027579 -0.050832  0.015842  0.015842  0.015842
 -0.256751 -0.398515  0.392296 -0.694388  0.408167 -0.016984 -0.003108 -0.003108
  0.004784  0.001850  0.001850 -0.077901  0.009164  0.009164  0.261838 -0.041667
 -0.216950  0.043342  0.043342  0.043342 -0.205868  0.040263  0.040263  0.040263
  0.312514  0.083342 -0.281319  0.114010  0.114010 -0.100780  0.071212 -0.045694
  0.022683  0.022683 -0.127367  0.047549  0.047549 -0.196812  0.157649  0.064011
  0.088303  0.012120  0.116690  0.025336  0.017739 -0.083606  0.037887  0.037887
 -0.097627  0.020740  0.020740  0.095073  0.011708  0.013076 -0.107904  0.045525
  0.045525 -0.139088  0.044160  0.044160  0.032828  0.005739 -0.139849  0.029583
  0.029583  0.029583  0.110399 -0.018932 -0.136740  0.027579  0.027579  0.027579
 -0.050832  0.015842  0.015842  0.015842 -0.256751 -0.398515  0.392296 -0.694388
  0.408167 -0.016984 -0.003108 -0.003108  0.004784  0.001850  0.001850 -0.077901
  0.009164  0.009164  0.261838 -0.041667 -0.216950  0.043342  0.043342  0.043342
 -0.205868  0.040263  0.040263  0.040263  0.312514  0.083342 -0.281319  0.114010
  0.114010 -0.100780  0.071212 -0.045694  0.022683  0.022683 -0.127367  0.047549
  0.047549 -0.196812  0.157649  0.064011  0.088303  0.012120  0.116690  0.025336
  0.017739 -0.083606  0.037887  0.037887 -0.097627  0.020740  0.020740  0.095073
  0.011708  0.013076 -0.107904  0.045525  0.045525 -0.139088  0.044160  0.044160
  0.032828  0.005739 -0.139849  0.029583  0.029583  0.029583  0.110399 -0.018932
 -0.136740  0.027579  0.027579  0.027579 -0.050832  0.015842  0.015842  0.015842
 -0.256751 -0.398515  0.392296 -0.694388  0.408167 -0.016984 -0.003108 -0.003108
  0.004784  0.001850  0.001850 -0.077901  0.009164  0.009164  0.261838 -0.041667
 -0.216950  0.043342  0.043342  0.043342 -0.205868  0.040263  0.040263  0.040263
