  0.312514  0.083342 -0.235970  0.090100  0.105921 -0.100780  0.071212 -0.075625
  0.023242  0.056192 -0.129224  0.043137  0.045430 -0.196812  0.157649  0.064011
  0.088303  0.012120  0.116690  0.025336  0.017739 -0.024492  0.039331 -0.002041
 -0.061313  0.000068  0.023379  0.095073  0.011708  0.013076 -0.112171  0.055844
  0.031223 -0.095803  0.041398  0.021116  0.032828  0.005739 -0.264439  0.030253
  0.081771  0.071349  0.110399 -0.018932 -0.219327  0.041743  0.055319  0.047969
 -0.098640  0.010930  0.041361  0.030785 -0.256751 -0.398515  0.392296 -0.694388
  0.408167 -0.018147 -0.002778 -0.001052  0.014010 -0.002606 -0.001860 -0.048610
  0.000755  0.001187  0.261838 -0.041667 -0.233105  0.051762  0.048280  0.043310
 -0.235457  0.048715  0.050946  0.043636  0.312514  0.083342 -0.235970  0.090100
  0.105921 -0.100780  0.071212 -0.075625  0.023242  0.056192 -0.129224  0.043137
  0.045430 -0.196812  0.157649  0.064011  0.088303  0.012120  0.116690  0.025336
  0.017739 -0.024492  0.039331 -0.002041 -0.061313  0.000068  0.023379  0.095073
  0.011708  0.013076 -0.112171  0.055844  0.031223 -0.095803  0.041398  0.021116
  0.032828  0.005739 -0.264439  0.030253  0.081771  0.071349  0.110399 -0.018932
 -0.219327  0.041743  0.055319  0.047969 -0.098640  0.010930  0.041361  0.030785
 -0.256751 -0.398515  0.392296 -0.694388  0.408167 -0.018147 -0.002778 -0.001052
  0.014010 -0.002606 -0.001860 -0.048610  0.000755  0.001187  0.261838 -0.041667
 -0.233105  0.051762  0.048280  0.043310 -0.235457  0.048715  0.050946  0.043636
  0.312514  0.083342 -0.235970  0.090100  0.105921 -0.100780  0.071212 -0.075625
  0.023242  0.056192 -0.129224  0.043137  0.045430 -0.196812  0.157649  0.064011
  0.088303  0.012120  0.116690  0.025336  0.017739 -0.024492  0.039331 -0.002041
 -0.061313  0.000068  0.023379  0.095073  0.011708  0.013076 -0.112171  0.055844
  0.031223 -0.095803  0.041398  0.021116  0.032828  0.005739 -0.264439  0.030253
  0.081771  0.071349  0.110399 -0.018932 -0.219327  0.041743  0.055319  0.047969
 -0.098640  0.010930  0.041361  0.030785 -0.256751 -0.398515  0.392296 -0.694388
  0.408167 -0.018147 -0.002778 -0.001052  0.014010 -0.002606 -0.001860 -0.048610
  0.000755  0.001187  0.261838 -0.041667 -0.233105  0.051762  0.048280  0.043310
 -0.235457  0.048715  0.050946  0.043636  0.312514  0.083342 -0.235970  0.090100
  0.105921 -0.100780  0.071212 -0.075625  0.023242  0.056192 -0.129224  0.043137
  0.045430 -0.196812  0.157649  0.064011  0.088303  0.012120  0.116690  0.025336
  0.017739 -0.024492  0.039331 -0.002041 -0.061313  0.000068  0.023379  0.095073
  0.011708  0.013076 -0.112171  0.055844  0.031223 -0.095803  0.041398  0.021116
  0.032828  0.005739 -0.264439  0.030253  0.081771  0.071349  0.110399 -0.018932
 -0.219327  0.041743  0.055319  0.047969 -0.098640  0.010930  0.041361  0.030785
 -0.256751 -0.398515  0.392296 -0.694388  0.408167 -0.018147 -0.002778 -0.001052
  0.014010 -0.002606 -0.001860 -0.048610  0.000755  0.001187  0.261838 -0.041667
 -0.233105  0.051762  0.048280  0.043310 -0.235457  0.048715  0.050946  0.043636
  0.312514  0.083342 -0.235970  0.090100  0.105921 -0.100780  0.071212 -0.075625
  0.023242  0.056192 -0.129224  0.043137  0.045430 -0.196812  0.157649  0.064011
  0.088303  0.012120  0.116690  0.025336  0.017739 -0.024492  0.039331 -0.002041
 -0.061313  0.000068  0.023379  0.095073  0.011708  0.013076 -0.112171  0.055844
  0.031223 -0.095803  0.041398  0.021116  0.032828  0.005739 -0.264439  0.030253
  0.081771  0.071349  0.110399 -0.018932 -0.219327  0.041743  0.055319  0.047969
 -0.098640  0.010930  0.041361  0.030785 -0.256751 -0.398515  0.392296 -0.694388
  0.408167 -0.018147 -0.002778 -0.001052  0.014010 -0.002606 -0.001860 -0.048610
  0.000755  0.001187  0.261838 -0.041667 -0.233105  0.051762  0.048280  0.043310
 -0.235457  0.048715  0.050946  0.043636  0.312514  0.083342 -0.235970  0.090100
  0.105921 -0.100780  0.071212 -0.075625  0.023242  0.056192 -0.129224  0.043137
  0.045430 -0.196812  0.157649  0.064011  0.088303  0.012120  0.116690  0.025336
  0.017739 -0.024492  0.039331 -0.002041 -0.061313  0.000068  0.023379  0.095073
  0.011708  0.013076 -0.112171  0.055844  0.031223 -0.095803  0.041398  0.021116
  0.032828  0.005739 -0.264439  0.030253  0.081771  0.071349  0.110399 -0.018932
 -0.219327  0.041743  0.055319  0.047969 -0.098640  0.010930  0.041361  0.030785
 -0.256751 -0.398515  0.392296 -0.694388  0.408167 -0.018147 -0.002778 -0.001052
  0.014010 -0.002606 -0.001860 -0.048610  0.000755  0.001187  0.261838 -0.041667
 -0.233105  0.051762  0.048280  0.043310 -0.235457  0.048715  0.050946  0.043636
  0.312514  0.083342 -0.235970  0.090100  0.105921 -0.100780  0.071212 -0.075625
  0.023242  0.056192 -0.129224  0.043137  0.045430 -0.196812  0.157649  0.064011
  0.088303  0.012120  0.116690  0.025336  0.017739 -0.024492  0.039331 -0.002041
 -0.061313  0.000068  0.023379  0.095073  0.011708  0.013076 -0.112171  0.055844
  0.031223 -0.095803  0.041398  0.021116  0.032828  0.005739 -0.264439  0.030253
  0.081771  0.071349  0.110399 -0.018932 -0.219327  0.041743  0.055319  0.047969
 -0.098640  0.010930  0.041361  0.030785 -0.256751 -0.398515  0.392296 -0.694388
  0.408167 -0.018147 -0.002778 -0.001052  0.014010 -0.002606 -0.001860 -0.048610
  0.000755  0.001187  0.261838 -0.041667 -0.233105  0.051762  0.048280  0.043310
 -0.235457  0.048715  0.050946  0.043636  0.312514  0.083342 -0.235970  0.090100
  0.105921 -0.100780  0.071212 -0.075625  0.023242  0.056192 -0.129224  0.043137
  0.045430 -0.196812  0.157649  0.064011  0.088303  0.012120  0.116690  0.025336
  0.017739 -0.024492  0.039331 -0.002041 -0.061313  0.000068  0.023379  0.095073
  0.011708  0.013076 -0.112171  0.055844  0.031223 -0.095803  0.041398  0.021116
  0.032828  0.005739 -0.264439  0.030253  0.081771  0.071349  0.110399 -0.018932
 -0.219327  0.041743  0.055319  0.047969 -0.098640  0.010930  0.041361  0.030785
 -0.256751 -0.398515  0.392296 -0.694388  0.408167 -0.018147 -0.002778 -0.001052
  0.014010 -0.002606 -0.001860 -0.048610  0.000755  0.001187  0.261838 -0.041667
 -0.233105  0.051762  0.048280  0.043310 -0.235457  0.048715  0.050946  0.043636
  0.312514  0.083342 -0.235970  0.090100  0.105921 -0.100780  0.071212 -0.075625
  0.023242  0.056192 -0.129224  0.043137  0.045430 -0.196812  0.157649  0.064011
  0.088303  0.012120  0.116690  0.025336  0.017739 -0.024492  0.039331 -0.002041
 -0.061313  0.000068  0.023379  0.095073  0.011708  0.013076 -0.112171  0.055844
  0.031223 -0.095803  0.041398  0.021116  0.032828  0.005739 -0.264439  0.030253
  0.081771  0.071349  0.110399 -0.018932 -0.219327  0.041743  0.055319  0.047969
 -0.098640  0.010930  0.041361  0.030785 -0.256751 -0.398515  0.392296 -0.694388
  0.408167 -0.018147 -0.002778 -0.001052  0.014010 -0.002606 -0.001860 -0.048610
  0.000755  0.001187  0.261838 -0.041667 -0.233105  0.051762  0.048280  0.043310
 -0.235457  0.048715  0.050946  0.043636  0.312514  0.083342 -0.235970  0.090100
  0.105921 -0.100780  0.071212 -0.075625  0.023242  0.056192 -0.129224  0.043137
  0.045430 -0.196812  0.157649  0.064011  0.088303  0.012120  0.116690  0.025336
  0.017739 -0.024492  0.039331 -0.002041 -0.061313  0.000068  0.023379  0.095073
  0.011708  0.013076 -0.112171  0.055844  0.031223 -0.095803  0.041398  0.021116
  0.032828  0.005739 -0.264439  0.030253  0.081771  0.071349  0.110399 -0.018932
 -0.219327  0.041743  0.055319  0.047969 -0.098640  0.010930  0.041361  0.030785
 -0.256751 -0.398515  0.392296 -0.694388  0.408167 -0.018147 -0.002778 -0.001052
  0.014010 -0.002606 -0.001860 -0.048610  0.000755  0.001187  0.261838 -0.041667
 -0.233105  0.051762  0.048280  0.043310 -0.235457  0.048715  0.050946  0.043636
  0.312514  0.083342 -0.235970  0.090100  0.105921 -0.100780  0.071212 -0.075625
  0.023242  0.056192 -0.129224  0.043137  0.045430 -0.196812  0.157649  0.064011
  0.088303  0.012120  0.116690  0.025336  0.017739 -0.024492  0.039331 -0.002041
 -0.061313  0.000068  0.023379  0.095073  0.011708  0.013076 -0.112171  0.055844
  0.031223 -0.095803  0.041398  0.021116  0.032828  0.005739 -0.264439  0.030253
  0.081771  0.071349  0.110399 -0.018932 -0.219327  0.041743  0.055319  0.047969
 -0.098640  0.010930  0.041361  0.030785 -0.256751 -0.398515  0.392296 -0.694388
  0.408167 -0.018147 -0.002778 -0.001052  0.014010 -0.002606 -0.001860 -0.048610
  0.000755  0.001187  0.261838 -0.041667 -0.233105  0.051762  0.048280  0.043310
 -0.235457  0.048715  0.050946  0.043636  0.312514  0.083342 -0.235970  0.090100
  0.105921 -0.100780  0.071212 -0.075625  0.023242  0.056192 -0.129224  0.043137
  0.045430 -0.196812  0.157649  0.064011  0.088303  0.012120  0.116690  0.025336
  0.017739 -0.024492  0.039331 -0.002041 -0.061313  0.000068  0.023379  0.095073
  0.011708  0.013076 -0.112171  0.055844  0.031223 -0.095803  0.041398  0.021116
  0.032828  0.005739 -0.264439  0.030253  0.081771  0.071349  0.110399 -0.018932
 -0.219327  0.041743  0.055319  0.047969 -0.098640  0.010930  0.041361  0.030785
 -0.256751 -0.398515  0.392296 -0.694388  0.408167 -0.018147 -0.002778 -0.001052
  0.014010 -0.002606 -0.001860 -0.048610  0.000755  0.001187  0.261838 -0.041667
 -0.233105  0.051762  0.048280  0.043310 -0.235457  0.048715  0.050946  0.043636
  0.312514  0.083342 -0.235970  0.090100  0.105921 -0.100780  0.071212 -0.075625
  0.023242  0.056192 -0.129224  0.043137  0.045430 -0.196812  0.157649  0.064011
  0.088303  0.012120  0.116690  0.025336  0.017739 -0.024492  0.039331 -0.002041
 -0.061313  0.000068  0.023379  0.095073  0.011708  0.013076 -0.112171  0.055844
  0.031223 -0.095803  0.041398  0.021116  0.032828  0.005739 -0.264439  0.030253
  0.081771  0.071349  0.110399 -0.018932 -0.219327  0.041743  0.055319  0.047969
 -0.098640  0.010930  0.041361  0.030785 -0.256751 -0.398515  0.392296 -0.694388
  0.408167 -0.018147 -0.002778 -0.001052  0.014010 -0.002606 -0.001860 -0.048610
  0.000755  0.001187  0.261838 -0.041667 -0.233105  0.051762  0.048280  0.043310
 -0.235457  0.048715  0.050946  0.043636  0.312514  0.083342 -0.235970  0.090100
  0.105921 -0.100780  0.071212 -0.075625  0.023242  0.056192 -0.129224  0.043137
  0.045430 -0.196812  0.157649  0.064011  0.088303  0.012120  0.116690  0.025336
  0.017739 -0.024492  0.039331 -0.002041 -0.061313  0.000068  0.023379  0.095073
  0.011708  0.013076 -0.112171  0.055844  0.031223 -0.095803  0.041398  0.021116
  0.032828  0.005739 -0.264439  0.030253  0.081771  0.071349  0.110399 -0.018932
 -0.219327  0.041743  0.055319  0.047969 -0.098640  0.010930  0.041361  0.030785
 -0.256751 -0.398515  0.392296 -0.694388  0.408167 -0.018147 -0.002778 -0.001052
  0.014010 -0.002606 -0.001860 -0.048610  0.000755  0.001187  0.261838 -0.041667
 -0.233105  0.051762  0.048280  0.043310 -0.235457  0.048715  0.050946  0.043636
  0.312514  0.083342 -0.235970  0.090100  0.105921 -0.100780  0.071212 -0.075625
  0.023242  0.056192 -0.129224  0.043137  0.045430 -0.196812  0.157649  0.064011
  0.088303  0.012120  0.116690  0.025336  0.017739 -0.024492  0.039331 -0.002041
 -0.061313  0.000068  0.023379  0.095073  0.011708  0.013076 -0.112171  0.055844
  0.031223 -0.095803  0.041398  0.021116  0.032828  0.005739 -0.264439  0.030253
  0.081771  0.071349  0.110399 -0.018932 -0.219327  0.041743  0.055319  0.047969
 -0.098640  0.010930  0.041361  0.030785 -0.256751 -0.398515  0.392296 -0.694388
  0.408167 -0.018147 -0.002778 -0.001052  0.014010 -0.002606 -0.001860 -0.048610
  0.000755  0.001187  0.261838 -0.041667 -0.233105  0.051762  0.048280  0.043310
 -0.235457  0.048715  0.050946  0.043636  0.312514  0.083342 -0.235970  0.090100
  0.105921 -0.100780  0.071212 -0.075625  0.023242  0.056192 -0.129224  0.043137
  0.045430 -0.196812  0.157649  0.064011  0.088303  0.012120  0.116690  0.025336
  0.017739 -0.024492  0.039331 -0.002041 -0.061313  0.000068  0.023379  0.095073
  0.011708  0.013076 -0.112171  0.055844  0.031223 -0.095803  0.041398  0.021116
  0.032828  0.005739 -0.264439  0.030253  0.081771  0.071349  0.110399 -0.018932
 -0.219327  0.041743  0.055319  0.047969 -0.098640  0.010930  0.041361  0.030785
 -0.256751 -0.398515  0.392296 -0.694388  0.408167 -0.018147 -0.002778 -0.001052
  0.014010 -0.002606 -0.001860 -0.048610  0.000755  0.001187  0.261838 -0.041667
 -0.233105  0.051762  0.048280  0.043310 -0.235457  0.048715  0.050946  0.043636
  0.312514  0.083342 -0.235970  0.090100  0.105921 -0.100780  0.071212 -0.075625
  0.023242  0.056192 -0.129224  0.043137  0.045430 -0.196812  0.157649  0.064011
  0.088303  0.012120  0.116690  0.025336  0.017739 -0.024492  0.039331 -0.002041
 -0.061313  0.000068  0.023379  0.095073  0.011708  0.013076 -0.112171  0.055844
  0.031223 -0.095803  0.041398  0.021116  0.032828  0.005739 -0.264439  0.030253
  0.081771  0.071349  0.110399 -0.018932 -0.219327  0.041743  0.055319  0.047969
 -0.098640  0.010930  0.041361  0.030785 -0.256751 -0.398515  0.392296 -0.694388
  0.408167 -0.018147 -0.002778 -0.001052  0.014010 -0.002606 -0.001860 -0.048610
  0.000755  0.001187  0.261838 -0.041667 -0.233105  0.051762  0.048280  0.043310
 -0.235457  0.048715  0.050946  0.043636  0.312514  0.083342 -0.235970  0.090100
  0.105921 -0.100780  0.071212 -0.075625  0.023242  0.056192 -0.129224  0.043137
  0.045430 -0.196812  0.157649  0.064011  0.088303  0.012120  0.116690  0.025336
  0.017739 -0.024492  0.039331 -0.002041 -0.061313  0.000068  0.023379  0.095073
  0.011708  0.013076 -0.112171  0.055844  0.031223 -0.095803  0.041398  0.021116
  0.032828  0.005739 -0.264439  0.030253  0.081771  0.071349  0.110399 -0.018932
 -0.219327  0.041743  0.055319  0.047969 -0.098640  0.010930  0.041361  0.030785
 -0.256751 -0.398515  0.392296 -0.694388  0.408167 -0.018147 -0.002778 -0.001052
  0.014010 -0.002606 -0.001860 -0.048610  0.000755  0.001187  0.261838 -0.041667
 -0.233105  0.051762  0.048280  0.043310 -0.235457  0.048715  0.050946  0.043636
  0.312514  0.083342 -0.235970  0.090100  0.105921 -0.100780  0.071212 -0.075625
  0.023242  0.056192 -0.129224  0.043137  0.045430 -0.196812  0.157649  0.064011
  0.088303  0.012120  0.116690  0.025336  0.017739 -0.024492  0.039331 -0.002041
 -0.061313  0.000068  0.023379  0.095073  0.011708  0.013076 -0.112171  0.055844
  0.031223 -0.095803  0.041398  0.021116  0.032828  0.005739 -0.264439  0.030253
  0.081771  0.071349  0.110399 -0.018932 -0.219327  0.041743  0.055319  0.047969
 -0.098640  0.010930  0.041361  0.030785 -0.256751 -0.398515  0.392296 -0.694388
  0.408167 -0.018147 -0.002778 -0.001052  0.014010 -0.002606 -0.001860 -0.048610
  0.000755  0.001187  0.261838 -0.041667 -0.233105  0.051762  0.048280  0.043310
 -0.235457  0.048715  0.050946  0.043636  0.312514  0.083342 -0.235970  0.090100
  0.105921 -0.100780  0.071212 -0.075625  0.023242  0.056192 -0.129224  0.043137
  0.045430 -0.196812  0.157649  0.064011  0.088303  0.012120  0.116690  0.025336
  0.017739 -0.024492  0.039331 -0.002041 -0.061313  0.000068  0.023379  0.095073
  0.011708  0.013076 -0.112171  0.055844  0.031223 -0.095803  0.041398  0.021116
  0.032828  0.005739 -0.264439  0.030253  0.081771  0.071349  0.110399 -0.018932
 -0.219327  0.041743  0.055319  0.047969 -0.098640  0.010930  0.041361  0.030785
 -0.256751 -0.398515  0.392296 -0.694388  0.408167 -0.018147 -0.002778 -0.001052
  0.014010 -0.002606 -0.001860 -0.048610  0.000755  0.001187  0.261838 -0.041667
 -0.233105  0.051762  0.048280  0.043310 -0.235457  0.048715  0.050946  0.043636
  0.312514  0.083342 -0.235970  0.090100  0.105921 -0.100780  0.071212 -0.075625
  0.023242  0.056192 -0.129224  0.043137  0.045430 -0.196812  0.157649  0.064011
  0.088303  0.012120  0.116690  0.025336  0.017739 -0.024492  0.039331 -0.002041
 -0.061313  0.000068  0.023379  0.095073  0.011708  0.013076 -0.112171  0.055844
  0.031223 -0.095803  0.041398  0.021116  0.032828  0.005739 -0.264439  0.030253
  0.081771  0.071349  0.110399 -0.018932 -0.219327  0.041743  0.055319  0.047969
 -0.098640  0.010930  0.041361  0.030785 -0.256751 -0.398515  0.392296 -0.694388
  0.408167 -0.018147 -0.002778 -0.001052  0.014010 -0.002606 -0.001860 -0.048610
  0.000755  0.001187  0.261838 -0.041667 -0.233105  0.051762  0.048280  0.043310
 -0.235457  0.048715  0.050946  0.043636  0.312514  0.083342 -0.235970  0.090100
  0.105921 -0.100780  0.071212 -0.075625  0.023242  0.056192 -0.129224  0.043137
  0.045430 -0.196812  0.157649  0.064011  0.088303  0.012120  0.116690  0.025336
  0.017739 -0.024492  0.039331 -0.002041 -0.061313  0.000068  0.023379  0.095073
  0.011708  0.013076 -0.112171  0.055844  0.031223 -0.095803  0.041398  0.021116
  0.032828  0.005739 -0.264439  0.030253  0.081771  0.071349  0.110399 -0.018932
 -0.219327  0.041743  0.055319  0.047969 -0.098640  0.010930  0.041361  0.030785
 -0.256751 -0.398515  0.392296 -0.694388  0.408167 -0.018147 -0.002778 -0.001052
  0.014010 -0.002606 -0.001860 -0.048610  0.000755  0.001187  0.261838 -0.041667
 -0.233105  0.051762  0.048280  0.043310 -0.235457  0.048715  0.050946  0.043636
  0.312514  0.083342 -0.235970  0.090100  0.105921 -0.100780  0.071212 -0.075625
  0.023242  0.056192 -0.129224  0.043137  0.045430 -0.196812  0.157649  0.064011
  0.088303  0.012120  0.116690  0.025336  0.017739 -0.024492  0.039331 -0.002041
 -0.061313  0.000068  0.023379  0.095073  0.011708  0.013076 -0.112171  0.055844
  0.031223 -0.095803  0.041398  0.021116  0.032828  0.005739 -0.264439  0.030253
  0.081771  0.071349  0.110399 -0.018932 -0.219327  0.041743  0.055319  0.047969
 -0.098640  0.010930  0.041361  0.030785 -0.256751 -0.398515  0.392296 -0.694388
  0.408167 -0.018147 -0.002778 -0.001052  0.014010 -0.002606 -0.001860 -0.048610
  0.000755  0.001187  0.261838 -0.041667 -0.233105  0.051762  0.048280  0.043310
 -0.235457  0.048715  0.050946  0.043636  0.312514  0.083342 -0.235970  0.090100
  0.105921 -0.100780  0.071212 -0.075625  0.023242  0.056192 -0.129224  0.043137
  0.045430 -0.196812  0.157649  0.064011  0.088303  0.012120  0.116690  0.025336
  0.017739 -0.024492  0.039331 -0.002041 -0.061313  0.000068  0.023379  0.095073
  0.011708  0.013076 -0.112171  0.055844  0.031223 -0.095803  0.041398  0.021116
  0.032828  0.005739 -0.264439  0.030253  0.081771  0.071349  0.110399 -0.018932
 -0.219327  0.041743  0.055319  0.047969 -0.098640  0.010930  0.041361  0.030785
 -0.256751 -0.398515  0.392296 -0.694388  0.408167 -0.018147 -0.002778 -0.001052
  0.014010 -0.002606 -0.001860 -0.048610  0.000755  0.001187  0.261838 -0.041667
 -0.233105  0.051762  0.048280  0.043310 -0.235457  0.048715  0.050946  0.043636
  0.312514  0.083342 -0.235970  0.090100  0.105921 -0.100780  0.071212 -0.075625
  0.023242  0.056192 -0.129224  0.043137  0.045430 -0.196812  0.157649  0.064011
  0.088303  0.012120  0.116690  0.025336  0.017739 -0.024492  0.039331 -0.002041
 -0.061313  0.000068  0.023379  0.095073  0.011708  0.013076 -0.112171  0.055844
  0.031223 -0.095803  0.041398  0.021116  0.032828  0.005739 -0.264439  0.030253
  0.081771  0.071349  0.110399 -0.018932 -0.219327  0.041743  0.055319  0.047969
 -0.098640  0.010930  0.041361  0.030785 -0.256751 -0.398515  0.392296 -0.694388
  0.408167 -0.018147 -0.002778 -0.001052  0.014010 -0.002606 -0.001860 -0.048610
  0.000755  0.001187  0.261838 -0.041667 -0.233105  0.051762  0.048280  0.043310
 -0.235457  0.048715  0.050946  0.043636  0.312514  0.083342 -0.235970  0.090100
  0.105921 -0.100780  0.071212 -0.075625  0.023242  0.056192 -0.129224  0.043137
  0.045430 -0.196812  0.157649  0.064011  0.088303  0.012120  0.116690  0.025336
  0.017739 -0.024492  0.039331 -0.002041 -0.061313  0.000068  0.023379  0.095073
  0.011708  0.013076 -0.112171  0.055844  0.031223 -0.095803  0.041398  0.021116
  0.032828  0.005739 -0.264439  0.030253  0.081771  0.071349  0.110399 -0.018932
 -0.219327  0.041743  0.055319  0.047969 -0.098640  0.010930  0.041361  0.030785
 -0.256751 -0.398515  0.392296 -0.694388  0.408167 -0.018147 -0.002778 -0.001052
  0.014010 -0.002606 -0.001860 -0.048610  0.000755  0.001187  0.261838 -0.041667
 -0.233105  0.051762  0.048280  0.043310 -0.235457  0.048715  0.050946  0.043636
  0.312514  0.083342 -0.235970  0.090100  0.105921 -0.100780  0.071212 -0.075625
  0.023242  0.056192 -0.129224  0.043137  0.045430 -0.196812  0.157649  0.064011
  0.088303  0.012120  0.116690  0.025336  0.017739 -0.024492  0.039331 -0.002041
 -0.061313  0.000068  0.023379  0.095073  0.011708  0.013076 -0.112171  0.055844
  0.031223 -0.095803  0.041398  0.021116  0.032828  0.005739 -0.264439  0.030253
  0.081771  0.071349  0.110399 -0.018932 -0.219327  0.041743  0.055319  0.047969
 -0.098640  0.010930  0.041361  0.030785 -0.256751 -0.398515  0.392296 -0.694388
  0.408167 -0.018147 -0.002778 -0.001052  0.014010 -0.002606 -0.001860 -0.048610
  0.000755  0.001187  0.261838 -0.041667 -0.233105  0.051762  0.048280  0.043310
 -0.235457  0.048715  0.050946  0.043636  0.312514  0.083342 -0.235970  0.090100
  0.105921 -0.100780  0.071212 -0.075625  0.023242  0.056192 -0.129224  0.043137
  0.045430 -0.196812  0.157649  0.064011  0.088303  0.012120  0.116690  0.025336
  0.017739 -0.024492  0.039331 -0.002041 -0.061313  0.000068  0.023379  0.095073
  0.011708  0.013076 -0.112171  0.055844  0.031223 -0.095803  0.041398  0.021116
  0.032828  0.005739 -0.264439  0.030253  0.081771  0.071349  0.110399 -0.018932
 -0.219327  0.041743  0.055319  0.047969 -0.098640  0.010930  0.041361  0.030785
 -0.256751 -0.398515  0.392296 -0.694388  0.408167 -0.018147 -0.002778 -0.001052
  0.014010 -0.002606 -0.001860 -0.048610  0.000755  0.001187  0.261838 -0.041667
 -0.233105  0.051762  0.048280  0.043310 -0.235457  0.048715  0.050946  0.043636
  0.312514  0.083342 -0.235970  0.090100  0.105921 -0.100780  0.071212 -0.075625
  0.023242  0.056192 -0.129224  0.043137  0.045430 -0.196812  0.157649  0.064011
  0.088303  0.012120  0.116690  0.025336  0.017739 -0.024492  0.039331 -0.002041
 -0.061313  0.000068  0.023379  0.095073  0.011708  0.013076 -0.112171  0.055844
  0.031223 -0.095803  0.041398  0.021116  0.032828  0.005739 -0.264439  0.030253
  0.081771  0.071349  0.110399 -0.018932 -0.219327  0.041743  0.055319  0.047969
 -0.098640  0.010930  0.041361  0.030785 -0.256751 -0.398515  0.392296 -0.694388
  0.408167 -0.018147 -0.002778 -0.001052  0.014010 -0.002606 -0.001860 -0.048610
  0.000755  0.001187  0.261838 -0.041667 -0.233105  0.051762  0.048280  0.043310
 -0.235457  0.048715  0.050946  0.043636  0.312514  0.083342 -0.235970  0.090100
  0.105921 -0.100780  0.071212 -0.075625  0.023242  0.056192 -0.129224  0.043137
  0.045430 -0.196812  0.157649  0.064011  0.088303  0.012120  0.116690  0.025336
  0.017739 -0.024492  0.039331 -0.002041 -0.061313  0.000068  0.023379  0.095073
  0.011708  0.013076 -0.112171  0.055844  0.031223 -0.095803  0.041398  0.021116
  0.032828  0.005739 -0.264439  0.030253  0.081771  0.071349  0.110399 -0.018932
 -0.219327  0.041743  0.055319  0.047969 -0.098640  0.010930  0.041361  0.030785
 -0.256751 -0.398515  0.392296 -0.694388  0.408167 -0.018147 -0.002778 -0.001052
  0.014010 -0.002606 -0.001860 -0.048610  0.000755  0.001187  0.261838 -0.041667
 -0.233105  0.051762  0.048280  0.043310 -0.235457  0.048715  0.050946  0.043636
  0.312514  0.083342 -0.235970  0.090100  0.105921 -0.100780  0.071212 -0.075625
  0.023242  0.056192 -0.129224  0.043137  0.045430 -0.196812  0.157649  0.064011
  0.088303  0.012120  0.116690  0.025336  0.017739 -0.024492  0.039331 -0.002041
 -0.061313  0.000068  0.023379  0.095073  0.011708  0.013076 -0.112171  0.055844
  0.031223 -0.095803  0.041398  0.021116  0.032828  0.005739 -0.264439  0.030253
  0.081771  0.071349  0.110399 -0.018932 -0.219327  0.041743  0.055319  0.047969
 -0.098640  0.010930  0.041361  0.030785 -0.256751 -0.398515  0.392296 -0.694388
  0.408167 -0.018147 -0.002778 -0.001052  0.014010 -0.002606 -0.001860 -0.048610
  0.000755  0.001187  0.261838 -0.041667 -0.233105  0.051762  0.048280  0.043310
 -0.235457  0.048715  0.050946  0.043636  0.312514  0.083342 -0.235970  0.090100
  0.105921 -0.100780  0.071212 -0.075625  0.023242  0.056192 -0.129224  0.043137
  0.045430 -0.196812  0.157649  0.064011  0.088303  0.012120  0.116690  0.025336
  0.017739 -0.024492  0.039331 -0.002041 -0.061313  0.000068  0.023379  0.095073
  0.011708  0.013076 -0.112171  0.055844  0.031223 -0.095803  0.041398  0.021116
  0.032828  0.005739 -0.264439  0.030253  0.081771  0.071349  0.110399 -0.018932
 -0.219327  0.041743  0.055319  0.047969 -0.098640  0.010930  0.041361  0.030785
 -0.256751 -0.398515  0.392296 -0.694388  0.408167 -0.018147 -0.002778 -0.001052
  0.014010 -0.002606 -0.001860 -0.048610  0.000755  0.001187  0.261838 -0.041667
 -0.233105  0.051762  0.048280  0.043310 -0.235457  0.048715  0.050946  0.043636
  0.312514  0.083342 -0.235970  0.090100  0.105921 -0.100780  0.071212 -0.075625
  0.023242  0.056192 -0.129224  0.043137  0.045430 -0.196812  0.157649  0.064011
  0.088303  0.012120  0.116690  0.025336  0.017739 -0.024492  0.039331 -0.002041
 -0.061313  0.000068  0.023379  0.095073  0.011708  0.013076 -0.112171  0.055844
  0.031223 -0.095803  0.041398  0.021116  0.032828  0.005739 -0.264439  0.030253
  0.081771  0.071349  0.110399 -0.018932 -0.219327  0.041743  0.055319  0.047969
 -0.098640  0.010930  0.041361  0.030785 -0.256751 -0.398515  0.392296 -0.694388
  0.408167 -0.018147 -0.002778 -0.001052  0.014010 -0.002606 -0.001860 -0.048610
  0.000755  0.001187  0.261838 -0.041667 -0.233105  0.051762  0.048280  0.043310
 -0.235457  0.048715  0.050946  0.043636  0.312514  0.083342 -0.235970  0.090100
  0.105921 -0.100780  0.071212 -0.075625  0.023242  0.056192 -0.129224  0.043137
  0.045430 -0.196812  0.157649  0.064011  0.088303  0.012120  0.116690  0.025336
  0.017739 -0.024492  0.039331 -0.002041 -0.061313  0.000068  0.023379  0.095073
  0.011708  0.013076 -0.112171  0.055844  0.031223 -0.095803  0.041398  0.021116
  0.032828  0.005739 -0.264439  0.030253  0.081771  0.071349  0.110399 -0.018932
 -0.219327  0.041743  0.055319  0.047969 -0.098640  0.010930  0.041361  0.030785
 -0.256751 -0.398515  0.392296 -0.694388  0.408167 -0.018147 -0.002778 -0.001052
  0.014010 -0.002606 -0.001860 -0.048610  0.000755  0.001187  0.261838 -0.041667
 -0.233105  0.051762  0.048280  0.043310 -0.235457  0.048715  0.050946  0.043636
  0.312514  0.083342 -0.235970  0.090100  0.105921 -0.100780  0.071212 -0.075625
  0.023242  0.056192 -0.129224  0.043137  0.045430 -0.196812  0.157649  0.064011
  0.088303  0.012120  0.116690  0.025336  0.017739 -0.024492  0.039331 -0.002041
 -0.061313  0.000068  0.023379  0.095073  0.011708  0.013076 -0.112171  0.055844
  0.031223 -0.095803  0.041398  0.021116  0.032828  0.005739 -0.264439  0.030253
  0.081771  0.071349  0.110399 -0.018932 -0.219327  0.041743  0.055319  0.047969
 -0.098640  0.010930  0.041361  0.030785 -0.256751 -0.398515  0.392296 -0.694388
  0.408167 -0.018147 -0.002778 -0.001052  0.014010 -0.002606 -0.001860 -0.048610
  0.000755  0.001187  0.261838 -0.041667 -0.233105  0.051762  0.048280  0.043310
 -0.235457  0.048715  0.050946  0.043636  0.312514  0.083342 -0.235970  0.090100
  0.105921 -0.100780  0.071212 -0.075625  0.023242  0.056192 -0.129224  0.043137
  0.045430 -0.196812  0.157649  0.064011  0.088303  0.012120  0.116690  0.025336
  0.017739 -0.024492  0.039331 -0.002041 -0.061313  0.000068  0.023379  0.095073
  0.011708  0.013076 -0.112171  0.055844  0.031223 -0.095803  0.041398  0.021116
  0.032828  0.005739 -0.264439  0.030253  0.081771  0.071349  0.110399 -0.018932
 -0.219327  0.041743  0.055319  0.047969 -0.098640  0.010930  0.041361  0.030785
 -0.256751 -0.398515  0.392296 -0.694388  0.408167 -0.018147 -0.002778 -0.001052
  0.014010 -0.002606 -0.001860 -0.048610  0.000755  0.001187  0.261838 -0.041667
 -0.233105  0.051762  0.048280  0.043310 -0.235457  0.048715  0.050946  0.043636
  0.312514  0.083342 -0.235970  0.090100  0.105921 -0.100780  0.071212 -0.075625
  0.023242  0.056192 -0.129224  0.043137  0.045430 -0.196812  0.157649  0.064011
  0.088303  0.012120  0.116690  0.025336  0.017739 -0.024492  0.039331 -0.002041
 -0.061313  0.000068  0.023379  0.095073  0.011708  0.013076 -0.112171  0.055844
  0.031223 -0.095803  0.041398  0.021116  0.032828  0.005739 -0.264439  0.030253
  0.081771  0.071349  0.110399 -0.018932 -0.219327  0.041743  0.055319  0.047969
 -0.098640  0.010930  0.041361  0.030785 -0.256751 -0.398515  0.392296 -0.694388
  0.408167 -0.018147 -0.002778 -0.001052  0.014010 -0.002606 -0.001860 -0.048610
  0.000755  0.001187  0.261838 -0.041667 -0.233105  0.051762  0.048280  0.043310
 -0.235457  0.048715  0.050946  0.043636  0.312514  0.083342 -0.235970  0.090100
  0.105921 -0.100780  0.071212 -0.075625  0.023242  0.056192 -0.129224  0.043137
  0.045430 -0.196812  0.157649  0.064011  0.088303  0.012120  0.116690  0.025336
  0.017739 -0.024492  0.039331 -0.002041 -0.061313  0.000068  0.023379  0.095073
  0.011708  0.013076 -0.112171  0.055844  0.031223 -0.095803  0.041398  0.021116
  0.032828  0.005739 -0.264439  0.030253  0.081771  0.071349  0.110399 -0.018932
 -0.219327  0.041743  0.055319  0.047969 -0.098640  0.010930  0.041361  0.030785
 -0.256751 -0.398515  0.392296 -0.694388  0.408167 -0.018147 -0.002778 -0.001052
  0.014010 -0.002606 -0.001860 -0.048610  0.000755  0.001187  0.261838 -0.041667
 -0.233105  0.051762  0.048280  0.043310 -0.235457  0.048715  0.050946  0.043636
  0.312514  0.083342 -0.235970  0.090100  0.105921 -0.100780  0.071212 -0.075625
  0.023242  0.056192 -0.129224  0.043137  0.045430 -0.196812  0.157649  0.064011
  0.088303  0.012120  0.116690  0.025336  0.017739 -0.024492  0.039331 -0.002041
 -0.061313  0.000068  0.023379  0.095073  0.011708  0.013076 -0.112171  0.055844
  0.031223 -0.095803  0.041398  0.021116  0.032828  0.005739 -0.264439  0.030253
  0.081771  0.071349  0.110399 -0.018932 -0.219327  0.041743  0.055319  0.047969
 -0.098640  0.010930  0.041361  0.030785 -0.256751 -0.398515  0.392296 -0.694388
  0.408167 -0.018147 -0.002778 -0.001052  0.014010 -0.002606 -0.001860 -0.048610
  0.000755  0.001187  0.261838 -0.041667 -0.233105  0.051762  0.048280  0.043310
 -0.235457  0.048715  0.050946  0.043636  0.312514  0.083342 -0.235970  0.090100
  0.105921 -0.100780  0.071212 -0.075625  0.023242  0.056192 -0.129224  0.043137
  0.045430 -0.196812  0.157649  0.064011  0.088303  0.012120  0.116690  0.025336
  0.017739 -0.024492  0.039331 -0.002041 -0.061313  0.000068  0.023379  0.095073
  0.011708  0.013076 -0.112171  0.055844  0.031223 -0.095803  0.041398  0.021116
  0.032828  0.005739 -0.264439  0.030253  0.081771  0.071349  0.110399 -0.018932
 -0.219327  0.041743  0.055319  0.047969 -0.098640  0.010930  0.041361  0.030785
 -0.256751 -0.398515  0.392296 -0.694388  0.408167 -0.018147 -0.002778 -0.001052
  0.014010 -0.002606 -0.001860 -0.048610  0.000755  0.001187  0.261838 -0.041667
 -0.233105  0.051762  0.048280  0.043310 -0.235457  0.048715  0.050946  0.043636
  0.312514  0.083342 -0.235970  0.090100  0.105921 -0.100780  0.071212 -0.075625
  0.023242  0.056192 -0.129224  0.043137  0.045430 -0.196812  0.157649  0.064011
  0.088303  0.012120  0.116690  0.025336  0.017739 -0.024492  0.039331 -0.002041
 -0.061313  0.000068  0.023379  0.095073  0.011708  0.013076 -0.112171  0.055844
  0.031223 -0.095803  0.041398  0.021116  0.032828  0.005739 -0.264439  0.030253
  0.081771  0.071349  0.110399 -0.018932 -0.219327  0.041743  0.055319  0.047969
 -0.098640  0.010930  0.041361  0.030785 -0.256751 -0.398515  0.392296 -0.694388
  0.408167 -0.018147 -0.002778 -0.001052  0.014010 -0.002606 -0.001860 -0.048610
  0.000755  0.001187  0.261838 -0.041667 -0.233105  0.051762  0.048280  0.043310
 -0.235457  0.048715  0.050946  0.043636  0.312514  0.083342 -0.235970  0.090100
  0.105921 -0.100780  0.071212 -0.075625  0.023242  0.056192 -0.129224  0.043137
  0.045430 -0.196812  0.157649  0.064011  0.088303  0.012120  0.116690  0.025336
  0.017739 -0.024492  0.039331 -0.002041 -0.061313  0.000068  0.023379  0.095073
  0.011708  0.013076 -0.112171  0.055844  0.031223 -0.095803  0.041398  0.021116
  0.032828  0.005739 -0.264439  0.030253  0.081771  0.071349  0.110399 -0.018932
 -0.219327  0.041743  0.055319  0.047969 -0.098640  0.010930  0.041361  0.030785
 -0.256751 -0.398515  0.392296 -0.694388  0.408167 -0.018147 -0.002778 -0.001052
  0.014010 -0.002606 -0.001860 -0.048610  0.000755  0.001187  0.261838 -0.041667
 -0.233105  0.051762  0.048280  0.043310 -0.235457  0.048715  0.050946  0.043636
  0.312514  0.083342 -0.235970  0.090100  0.105921 -0.100780  0.071212 -0.075625
  0.023242  0.056192 -0.129224  0.043137  0.045430 -0.196812  0.157649  0.064011
  0.088303  0.012120  0.116690  0.025336  0.017739 -0.024492  0.039331 -0.002041
 -0.061313  0.000068  0.023379  0.095073  0.011708  0.013076 -0.112171  0.055844
  0.031223 -0.095803  0.041398  0.021116  0.032828  0.005739 -0.264439  0.030253
  0.081771  0.071349  0.110399 -0.018932 -0.219327  0.041743  0.055319  0.047969
 -0.098640  0.010930  0.041361  0.030785 -0.256751 -0.398515  0.392296 -0.694388
  0.408167 -0.018147 -0.002778 -0.001052  0.014010 -0.002606 -0.001860 -0.048610
  0.000755  0.001187  0.261838 -0.041667 -0.233105  0.051762  0.048280  0.043310
 -0.235457  0.048715  0.050946  0.043636  0.312514  0.083342 -0.235970  0.090100
  0.105921 -0.100780  0.071212 -0.075625  0.023242  0.056192 -0.129224  0.043137
  0.045430 -0.196812  0.157649  0.064011  0.088303  0.012120  0.116690  0.025336
  0.017739 -0.024492  0.039331 -0.002041 -0.061313  0.000068  0.023379  0.095073
  0.011708  0.013076 -0.112171  0.055844  0.031223 -0.095803  0.041398  0.021116
  0.032828  0.005739 -0.264439  0.030253  0.081771  0.071349  0.110399 -0.018932
 -0.219327  0.041743  0.055319  0.047969 -0.098640  0.010930  0.041361  0.030785
 -0.256751 -0.398515  0.392296 -0.694388  0.408167 -0.018147 -0.002778 -0.001052
  0.014010 -0.002606 -0.001860 -0.048610  0.000755  0.001187  0.261838 -0.041667
 -0.233105  0.051762  0.048280  0.043310 -0.235457  0.048715  0.050946  0.043636
  0.312514  0.083342 -0.235970  0.090100  0.105921 -0.100780  0.071212 -0.075625
  0.023242  0.056192 -0.129224  0.043137  0.045430 -0.196812  0.157649  0.064011
  0.088303  0.012120  0.116690  0.025336  0.017739 -0.024492  0.039331 -0.002041
 -0.061313  0.000068  0.023379  0.095073  0.011708  0.013076 -0.112171  0.055844
  0.031223 -0.095803  0.041398  0.021116  0.032828  0.005739 -0.264439  0.030253
  0.081771  0.071349  0.110399 -0.018932 -0.219327  0.041743  0.055319  0.047969
 -0.098640  0.010930  0.041361  0.030785 -0.256751 -0.398515  0.392296 -0.694388
  0.408167 -0.018147 -0.002778 -0.001052  0.014010 -0.002606 -0.001860 -0.048610
  0.000755  0.001187  0.261838 -0.041667 -0.233105  0.051762  0.048280  0.043310
 -0.235457  0.048715  0.050946  0.043636  0.312514  0.083342 -0.235970  0.090100
  0.105921 -0.100780  0.071212 -0.075625  0.023242  0.056192 -0.129224  0.043137
  0.045430 -0.196812  0.157649  0.064011  0.088303  0.012120  0.116690  0.025336
  0.017739 -0.024492  0.039331 -0.002041 -0.061313  0.000068  0.023379  0.095073
  0.011708  0.013076 -0.112171  0.055844  0.031223 -0.095803  0.041398  0.021116
  0.032828  0.005739 -0.264439  0.030253  0.081771  0.071349  0.110399 -0.018932
 -0.219327  0.041743  0.055319  0.047969 -0.098640  0.010930  0.041361  0.030785
 -0.256751 -0.398515  0.392296 -0.694388  0.408167 -0.018147 -0.002778 -0.001052
  0.014010 -0.002606 -0.001860 -0.048610  0.000755  0.001187  0.261838 -0.041667
 -0.233105  0.051762  0.048280  0.043310 -0.235457  0.048715  0.050946  0.043636
  0.312514  0.083342 -0.235970  0.090100  0.105921 -0.100780  0.071212 -0.075625
  0.023242  0.056192 -0.129224  0.043137  0.045430 -0.196812  0.157649  0.064011
  0.088303  0.012120  0.116690  0.025336  0.017739 -0.024492  0.039331 -0.002041
 -0.061313  0.000068  0.023379  0.095073  0.011708  0.013076 -0.112171  0.055844
  0.031223 -0.095803  0.041398  0.021116  0.032828  0.005739 -0.264439  0.030253
  0.081771  0.071349  0.110399 -0.018932 -0.219327  0.041743  0.055319  0.047969
 -0.098640  0.010930  0.041361  0.030785 -0.256751 -0.398515  0.392296 -0.694388
  0.408167 -0.018147 -0.002778 -0.001052  0.014010 -0.002606 -0.001860 -0.048610
  0.000755  0.001187  0.261838 -0.041667 -0.233105  0.051762  0.048280  0.043310
 -0.235457  0.048715  0.050946  0.043636  0.312514  0.083342 -0.235970  0.090100
  0.105921 -0.100780  0.071212 -0.075625  0.023242  0.056192 -0.129224  0.043137
  0.045430 -0.196812  0.157649  0.064011  0.088303  0.012120  0.116690  0.025336
  0.017739 -0.024492  0.039331 -0.002041 -0.061313  0.000068  0.023379  0.095073
  0.011708  0.013076 -0.112171  0.055844  0.031223 -0.095803  0.041398  0.021116
  0.032828  0.005739 -0.264439  0.030253  0.081771  0.071349  0.110399 -0.018932
 -0.219327  0.041743  0.055319  0.047969 -0.098640  0.010930  0.041361  0.030785
 -0.256751 -0.398515  0.392296 -0.694388  0.408167 -0.018147 -0.002778 -0.001052
  0.014010 -0.002606 -0.001860 -0.048610  0.000755  0.001187  0.261838 -0.041667
 -0.233105  0.051762  0.048280  0.043310 -0.235457  0.048715  0.050946  0.043636
  0.312514  0.083342 -0.235970  0.090100  0.105921 -0.100780  0.071212 -0.075625
  0.023242  0.056192 -0.129224  0.043137  0.045430 -0.196812  0.157649  0.064011
  0.088303  0.012120  0.116690  0.025336  0.017739 -0.024492  0.039331 -0.002041
 -0.061313  0.000068  0.023379  0.095073  0.011708  0.013076 -0.112171  0.055844
  0.031223 -0.095803  0.041398  0.021116  0.032828  0.005739 -0.264439  0.030253
  0.081771  0.071349  0.110399 -0.018932 -0.219327  0.041743  0.055319  0.047969
 -0.098640  0.010930  0.041361  0.030785 -0.256751 -0.398515  0.392296 -0.694388
  0.408167 -0.018147 -0.002778 -0.001052  0.014010 -0.002606 -0.001860 -0.048610
  0.000755  0.001187  0.261838 -0.041667 -0.233105  0.051762  0.048280  0.043310
 -0.235457  0.048715  0.050946  0.043636  0.312514  0.083342 -0.235970  0.090100
  0.105921 -0.100780  0.071212 -0.075625  0.023242  0.056192 -0.129224  0.043137
  0.045430 -0.196812  0.157649  0.064011  0.088303  0.012120  0.116690  0.025336
  0.017739 -0.024492  0.039331 -0.002041 -0.061313  0.000068  0.023379  0.095073
  0.011708  0.013076 -0.112171  0.055844  0.031223 -0.095803  0.041398  0.021116
  0.032828  0.005739 -0.264439  0.030253  0.081771  0.071349  0.110399 -0.018932
 -0.219327  0.041743  0.055319  0.047969 -0.098640  0.010930  0.041361  0.030785
 -0.256751 -0.398515  0.392296 -0.694388  0.408167 -0.018147 -0.002778 -0.001052
  0.014010 -0.002606 -0.001860 -0.048610  0.000755  0.001187  0.261838 -0.041667
 -0.233105  0.051762  0.048280  0.043310 -0.235457  0.048715  0.050946  0.043636
  0.312514  0.083342 -0.235970  0.090100  0.105921 -0.100780  0.071212 -0.075625
  0.023242  0.056192 -0.129224  0.043137  0.045430 -0.196812  0.157649  0.064011
  0.088303  0.012120  0.116690  0.025336  0.017739 -0.024492  0.039331 -0.002041
 -0.061313  0.000068  0.023379  0.095073  0.011708  0.013076 -0.112171  0.055844
  0.031223 -0.095803  0.041398  0.021116  0.032828  0.005739 -0.264439  0.030253
  0.081771  0.071349  0.110399 -0.018932 -0.219327  0.041743  0.055319  0.047969
 -0.098640  0.010930  0.041361  0.030785 -0.256751 -0.398515  0.392296 -0.694388
  0.408167 -0.018147 -0.002778 -0.001052  0.014010 -0.002606 -0.001860 -0.048610
  0.000755  0.001187  0.261838 -0.041667 -0.233105  0.051762  0.048280  0.043310
 -0.235457  0.048715  0.050946  0.043636  0.312514  0.083342 -0.235970  0.090100
  0.105921 -0.100780  0.071212 -0.075625  0.023242  0.056192 -0.129224  0.043137
  0.045430 -0.196812  0.157649  0.064011  0.088303  0.012120  0.116690  0.025336
  0.017739 -0.024492  0.039331 -0.002041 -0.061313  0.000068  0.023379  0.095073
  0.011708  0.013076 -0.112171  0.055844  0.031223 -0.095803  0.041398  0.021116
  0.032828  0.005739 -0.264439  0.030253  0.081771  0.071349  0.110399 -0.018932
 -0.219327  0.041743  0.055319  0.047969 -0.098640  0.010930  0.041361  0.030785
 -0.256751 -0.398515  0.392296 -0.694388  0.408167 -0.018147 -0.002778 -0.001052
  0.014010 -0.002606 -0.001860 -0.048610  0.000755  0.001187  0.261838 -0.041667
 -0.233105  0.051762  0.048280  0.043310 -0.235457  0.048715  0.050946  0.043636
  0.312514  0.083342 -0.235970  0.090100  0.105921 -0.100780  0.071212 -0.075625
  0.023242  0.056192 -0.129224  0.043137  0.045430 -0.196812  0.157649  0.064011
  0.088303  0.012120  0.116690  0.025336  0.017739 -0.024492  0.039331 -0.002041
 -0.061313  0.000068  0.023379  0.095073  0.011708  0.013076 -0.112171  0.055844
  0.031223 -0.095803  0.041398  0.021116  0.032828  0.005739 -0.264439  0.030253
  0.081771  0.071349  0.110399 -0.018932 -0.219327  0.041743  0.055319  0.047969
 -0.098640  0.010930  0.041361  0.030785 -0.256751 -0.398515  0.392296 -0.694388
  0.408167 -0.018147 -0.002778 -0.001052  0.014010 -0.002606 -0.001860 -0.048610
  0.000755  0.001187  0.261838 -0.041667 -0.233105  0.051762  0.048280  0.043310
 -0.235457  0.048715  0.050946  0.043636  0.312514  0.083342 -0.235970  0.090100
  0.105921 -0.100780  0.071212 -0.075625  0.023242  0.056192 -0.129224  0.043137
  0.045430 -0.196812  0.157649  0.064011  0.088303  0.012120  0.116690  0.025336
  0.017739 -0.024492  0.039331 -0.002041 -0.061313  0.000068  0.023379  0.095073
  0.011708  0.013076 -0.112171  0.055844  0.031223 -0.095803  0.041398  0.021116
  0.032828  0.005739 -0.264439  0.030253  0.081771  0.071349  0.110399 -0.018932
 -0.219327  0.041743  0.055319  0.047969 -0.098640  0.010930  0.041361  0.030785
 -0.256751 -0.398515  0.392296 -0.694388  0.408167 -0.018147 -0.002778 -0.001052
  0.014010 -0.002606 -0.001860 -0.048610  0.000755  0.001187  0.261838 -0.041667
 -0.233105  0.051762  0.048280  0.043310 -0.235457  0.048715  0.050946  0.043636
  0.312514  0.083342 -0.235970  0.090100  0.105921 -0.100780  0.071212 -0.075625
  0.023242  0.056192 -0.129224  0.043137  0.045430 -0.196812  0.157649  0.064011
  0.088303  0.012120  0.116690  0.025336  0.017739 -0.024492  0.039331 -0.002041
 -0.061313  0.000068  0.023379  0.095073  0.011708  0.013076 -0.112171  0.055844
  0.031223 -0.095803  0.041398  0.021116  0.032828  0.005739 -0.264439  0.030253
  0.081771  0.071349  0.110399 -0.018932 -0.219327  0.041743  0.055319  0.047969
 -0.098640  0.010930  0.041361  0.030785 -0.256751 -0.398515  0.392296 -0.694388
  0.408167 -0.018147 -0.002778 -0.001052  0.014010 -0.002606 -0.001860 -0.048610
  0.000755  0.001187  0.261838 -0.041667 -0.233105  0.051762  0.048280  0.043310
 -0.235457  0.048715  0.050946  0.043636  0.312514  0.083342 -0.235970  0.090100
  0.105921 -0.100780  0.071212 -0.075625  0.023242  0.056192 -0.129224  0.043137
  0.045430 -0.196812  0.157649  0.064011  0.088303  0.012120  0.116690  0.025336
  0.017739 -0.024492  0.039331 -0.002041 -0.061313  0.000068  0.023379  0.095073
  0.011708  0.013076 -0.112171  0.055844  0.031223 -0.095803  0.041398  0.021116
  0.032828  0.005739 -0.264439  0.030253  0.081771  0.071349  0.110399 -0.018932
 -0.219327  0.041743  0.055319  0.047969 -0.098640  0.010930  0.041361  0.030785
 -0.256751 -0.398515  0.392296 -0.694388  0.408167 -0.018147 -0.002778 -0.001052
  0.014010 -0.002606 -0.001860 -0.048610  0.000755  0.001187  0.261838 -0.041667
 -0.233105  0.051762  0.048280  0.043310 -0.235457  0.048715  0.050946  0.043636
  0.312514  0.083342 -0.235970  0.090100  0.105921 -0.100780  0.071212 -0.075625
  0.023242  0.056192 -0.129224  0.043137  0.045430 -0.196812  0.157649  0.064011
  0.088303  0.012120  0.116690  0.025336  0.017739 -0.024492  0.039331 -0.002041
 -0.061313  0.000068  0.023379  0.095073  0.011708  0.013076 -0.112171  0.055844
  0.031223 -0.095803  0.041398  0.021116  0.032828  0.005739 -0.264439  0.030253
  0.081771  0.071349  0.110399 -0.018932 -0.219327  0.041743  0.055319  0.047969
 -0.098640  0.010930  0.041361  0.030785 -0.256751 -0.398515  0.392296 -0.694388
  0.408167 -0.018147 -0.002778 -0.001052  0.014010 -0.002606 -0.001860 -0.048610
  0.000755  0.001187  0.261838 -0.041667 -0.233105  0.051762  0.048280  0.043310
 -0.235457  0.048715  0.050946  0.043636  0.312514  0.083342 -0.235970  0.090100
  0.105921 -0.100780  0.071212 -0.075625  0.023242  0.056192 -0.129224  0.043137
  0.045430 -0.196812  0.157649  0.064011  0.088303  0.012120  0.116690  0.025336
  0.017739 -0.024492  0.039331 -0.002041 -0.061313  0.000068  0.023379  0.095073
  0.011708  0.013076 -0.112171  0.055844  0.031223 -0.095803  0.041398  0.021116
  0.032828  0.005739 -0.264439  0.030253  0.081771  0.071349  0.110399 -0.018932
 -0.219327  0.041743  0.055319  0.047969 -0.098640  0.010930  0.041361  0.030785
 -0.256751 -0.398515  0.392296 -0.694388  0.408167 -0.018147 -0.002778 -0.001052
  0.014010 -0.002606 -0.001860 -0.048610  0.000755  0.001187  0.261838 -0.041667
 -0.233105  0.051762  0.048280  0.043310 -0.235457  0.048715  0.050946  0.043636
  0.312514  0.083342 -0.235970  0.090100  0.105921 -0.100780  0.071212 -0.075625
  0.023242  0.056192 -0.129224  0.043137  0.045430 -0.196812  0.157649  0.064011
  0.088303  0.012120  0.116690  0.025336  0.017739 -0.024492  0.039331 -0.002041
 -0.061313  0.000068  0.023379  0.095073  0.011708  0.013076 -0.112171  0.055844
  0.031223 -0.095803  0.041398  0.021116  0.032828  0.005739 -0.264439  0.030253
  0.081771  0.071349  0.110399 -0.018932 -0.219327  0.041743  0.055319  0.047969
 -0.098640  0.010930  0.041361  0.030785 -0.256751 -0.398515  0.392296 -0.694388
  0.408167 -0.018147 -0.002778 -0.001052  0.014010 -0.002606 -0.001860 -0.048610
  0.000755  0.001187  0.261838 -0.041667 -0.233105  0.051762  0.048280  0.043310
 -0.235457  0.048715  0.050946  0.043636  0.312514  0.083342 -0.235970  0.090100
  0.105921 -0.100780  0.071212 -0.075625  0.023242  0.056192 -0.129224  0.043137
  0.045430 -0.196812  0.157649  0.064011  0.088303  0.012120  0.116690  0.025336
  0.017739 -0.024492  0.039331 -0.002041 -0.061313  0.000068  0.023379  0.095073
  0.011708  0.013076 -0.112171  0.055844  0.031223 -0.095803  0.041398  0.021116
  0.032828  0.005739 -0.264439  0.030253  0.081771  0.071349  0.110399 -0.018932
 -0.219327  0.041743  0.055319  0.047969 -0.098640  0.010930  0.041361  0.030785
 -0.256751 -0.398515  0.392296 -0.694388  0.408167 -0.018147 -0.002778 -0.001052
  0.014010 -0.002606 -0.001860 -0.048610  0.000755  0.001187  0.261838 -0.041667
 -0.233105  0.051762  0.048280  0.043310 -0.235457  0.048715  0.050946  0.043636
  0.312514  0.083342 -0.235970  0.090100  0.105921 -0.100780  0.071212 -0.075625
  0.023242  0.056192 -0.129224  0.043137  0.045430 -0.196812  0.157649  0.064011
  0.088303  0.012120  0.116690  0.025336  0.017739 -0.024492  0.039331 -0.002041
 -0.061313  0.000068  0.023379  0.095073  0.011708  0.013076 -0.112171  0.055844
  0.031223 -0.095803  0.041398  0.021116  0.032828  0.005739 -0.264439  0.030253
  0.081771  0.071349  0.110399 -0.018932 -0.219327  0.041743  0.055319  0.047969
 -0.098640  0.010930  0.041361  0.030785 -0.256751 -0.398515  0.392296 -0.694388
  0.408167 -0.018147 -0.002778 -0.001052  0.014010 -0.002606 -0.001860 -0.048610
  0.000755  0.001187  0.261838 -0.041667 -0.233105  0.051762  0.048280  0.043310
 -0.235457  0.048715  0.050946  0.043636  0.312514  0.083342 -0.235970  0.090100
  0.105921 -0.100780  0.071212 -0.075625  0.023242  0.056192 -0.129224  0.043137
  0.045430 -0.196812  0.157649  0.064011  0.088303  0.012120  0.116690  0.025336
  0.017739 -0.024492  0.039331 -0.002041 -0.061313  0.000068  0.023379  0.095073
  0.011708  0.013076 -0.112171  0.055844  0.031223 -0.095803  0.041398  0.021116
  0.032828  0.005739 -0.264439  0.030253  0.081771  0.071349  0.110399 -0.018932
 -0.219327  0.041743  0.055319  0.047969 -0.098640  0.010930  0.041361  0.030785
 -0.256751 -0.398515  0.392296 -0.694388  0.408167 -0.018147 -0.002778 -0.001052
  0.014010 -0.002606 -0.001860 -0.048610  0.000755  0.001187  0.261838 -0.041667
 -0.233105  0.051762  0.048280  0.043310 -0.235457  0.048715  0.050946  0.043636
  0.312514  0.083342 -0.235970  0.090100  0.105921 -0.100780  0.071212 -0.075625
  0.023242  0.056192 -0.129224  0.043137  0.045430 -0.196812  0.157649  0.064011
  0.088303  0.012120  0.116690  0.025336  0.017739 -0.024492  0.039331 -0.002041
 -0.061313  0.000068  0.023379  0.095073  0.011708  0.013076 -0.112171  0.055844
  0.031223 -0.095803  0.041398  0.021116  0.032828  0.005739 -0.264439  0.030253
  0.081771  0.071349  0.110399 -0.018932 -0.219327  0.041743  0.055319  0.047969
 -0.098640  0.010930  0.041361  0.030785 -0.256751 -0.398515  0.392296 -0.694388
  0.408167 -0.018147 -0.002778 -0.001052  0.014010 -0.002606 -0.001860 -0.048610
  0.000755  0.001187  0.261838 -0.041667 -0.233105  0.051762  0.048280  0.043310
 -0.235457  0.048715  0.050946  0.043636  0.312514  0.083342 -0.235970  0.090100
  0.105921 -0.100780  0.071212 -0.075625  0.023242  0.056192 -0.129224  0.043137
  0.045430 -0.196812  0.157649  0.064011  0.088303  0.012120  0.116690  0.025336
  0.017739 -0.024492  0.039331 -0.002041 -0.061313  0.000068  0.023379  0.095073
  0.011708  0.013076 -0.112171  0.055844  0.031223 -0.095803  0.041398  0.021116
  0.032828  0.005739 -0.264439  0.030253  0.081771  0.071349  0.110399 -0.018932
 -0.219327  0.041743  0.055319  0.047969 -0.098640  0.010930  0.041361  0.030785
 -0.256751 -0.398515  0.392296 -0.694388  0.408167 -0.018147 -0.002778 -0.001052
  0.014010 -0.002606 -0.001860 -0.048610  0.000755  0.001187  0.261838 -0.041667
 -0.233105  0.051762  0.048280  0.043310 -0.235457  0.048715  0.050946  0.043636
  0.312514  0.083342 -0.235970  0.090100  0.105921 -0.100780  0.071212 -0.075625
  0.023242  0.056192 -0.129224  0.043137  0.045430 -0.196812  0.157649  0.064011
  0.088303  0.012120  0.116690  0.025336  0.017739 -0.024492  0.039331 -0.002041
 -0.061313  0.000068  0.023379  0.095073  0.011708  0.013076 -0.112171  0.055844
  0.031223 -0.095803  0.041398  0.021116  0.032828  0.005739 -0.264439  0.030253
  0.081771  0.071349  0.110399 -0.018932 -0.219327  0.041743  0.055319  0.047969
 -0.098640  0.010930  0.041361  0.030785 -0.256751 -0.398515  0.392296 -0.694388
  0.408167 -0.018147 -0.002778 -0.001052  0.014010 -0.002606 -0.001860 -0.048610
  0.000755  0.001187  0.261838 -0.041667 -0.233105  0.051762  0.048280  0.043310
 -0.235457  0.048715  0.050946  0.043636  0.312514  0.083342 -0.235970  0.090100
  0.105921 -0.100780  0.071212 -0.075625  0.023242  0.056192 -0.129224  0.043137
  0.045430 -0.196812  0.157649  0.064011  0.088303  0.012120  0.116690  0.025336
  0.017739 -0.024492  0.039331 -0.002041 -0.061313  0.000068  0.023379  0.095073
  0.011708  0.013076 -0.112171  0.055844  0.031223 -0.095803  0.041398  0.021116
  0.032828  0.005739 -0.264439  0.030253  0.081771  0.071349  0.110399 -0.018932
 -0.219327  0.041743  0.055319  0.047969 -0.098640  0.010930  0.041361  0.030785
 -0.256751 -0.398515  0.392296 -0.694388  0.408167 -0.018147 -0.002778 -0.001052
  0.014010 -0.002606 -0.001860 -0.048610  0.000755  0.001187  0.261838 -0.041667
 -0.233105  0.051762  0.048280  0.043310 -0.235457  0.048715  0.050946  0.043636
  0.312514  0.083342 -0.235970  0.090100  0.105921 -0.100780  0.071212 -0.075625
  0.023242  0.056192 -0.129224  0.043137  0.045430 -0.196812  0.157649  0.064011
  0.088303  0.012120  0.116690  0.025336  0.017739 -0.024492  0.039331 -0.002041
 -0.061313  0.000068  0.023379  0.095073  0.011708  0.013076 -0.112171  0.055844
  0.031223 -0.095803  0.041398  0.021116  0.032828  0.005739 -0.264439  0.030253
  0.081771  0.071349  0.110399 -0.018932 -0.219327  0.041743  0.055319  0.047969
 -0.098640  0.010930  0.041361  0.030785 -0.256751 -0.398515  0.392296 -0.694388
  0.408167 -0.018147 -0.002778 -0.001052  0.014010 -0.002606 -0.001860 -0.048610
  0.000755  0.001187  0.261838 -0.041667 -0.233105  0.051762  0.048280  0.043310
 -0.235457  0.048715  0.050946  0.043636  0.312514  0.083342 -0.235970  0.090100
  0.105921 -0.100780  0.071212 -0.075625  0.023242  0.056192 -0.129224  0.043137
  0.045430 -0.196812  0.157649  0.064011  0.088303  0.012120  0.116690  0.025336
  0.017739 -0.024492  0.039331 -0.002041 -0.061313  0.000068  0.023379  0.095073
  0.011708  0.013076 -0.112171  0.055844  0.031223 -0.095803  0.041398  0.021116
  0.032828  0.005739 -0.264439  0.030253  0.081771  0.071349  0.110399 -0.018932
 -0.219327  0.041743  0.055319  0.047969 -0.098640  0.010930  0.041361  0.030785
 -0.256751 -0.398515  0.392296 -0.694388  0.408167 -0.018147 -0.002778 -0.001052
  0.014010 -0.002606 -0.001860 -0.048610  0.000755  0.001187  0.261838 -0.041667
 -0.233105  0.051762  0.048280  0.043310 -0.235457  0.048715  0.050946  0.043636
  0.312514  0.083342 -0.235970  0.090100  0.105921 -0.100780  0.071212 -0.075625
  0.023242  0.056192 -0.129224  0.043137  0.045430 -0.196812  0.157649  0.064011
  0.088303  0.012120  0.116690  0.025336  0.017739 -0.024492  0.039331 -0.002041
 -0.061313  0.000068  0.023379  0.095073  0.011708  0.013076 -0.112171  0.055844
  0.031223 -0.095803  0.041398  0.021116  0.032828  0.005739 -0.264439  0.030253
  0.081771  0.071349  0.110399 -0.018932 -0.219327  0.041743  0.055319  0.047969
 -0.098640  0.010930  0.041361  0.030785 -0.256751 -0.398515  0.392296 -0.694388
  0.408167 -0.018147 -0.002778 -0.001052  0.014010 -0.002606 -0.001860 -0.048610
  0.000755  0.001187  0.261838 -0.041667 -0.233105  0.051762  0.048280  0.043310
 -0.235457  0.048715  0.050946  0.043636  0.312514  0.083342 -0.235970  0.090100
  0.105921 -0.100780  0.071212 -0.075625  0.023242  0.056192 -0.129224  0.043137
  0.045430 -0.196812  0.157649  0.064011  0.088303  0.012120  0.116690  0.025336
  0.017739 -0.024492  0.039331 -0.002041 -0.061313  0.000068  0.023379  0.095073
  0.011708  0.013076 -0.112171  0.055844  0.031223 -0.095803  0.041398  0.021116
  0.032828  0.005739 -0.264439  0.030253  0.081771  0.071349  0.110399 -0.018932
 -0.219327  0.041743  0.055319  0.047969 -0.098640  0.010930  0.041361  0.030785
 -0.256751 -0.398515  0.392296 -0.694388  0.408167 -0.018147 -0.002778 -0.001052
  0.014010 -0.002606 -0.001860 -0.048610  0.000755  0.001187  0.261838 -0.041667
 -0.233105  0.051762  0.048280  0.043310 -0.235457  0.048715  0.050946  0.043636
  0.312514  0.083342 -0.235970  0.090100  0.105921 -0.100780  0.071212 -0.075625
  0.023242  0.056192 -0.129224  0.043137  0.045430 -0.196812  0.157649  0.064011
  0.088303  0.012120  0.116690  0.025336  0.017739 -0.024492  0.039331 -0.002041
 -0.061313  0.000068  0.023379  0.095073  0.011708  0.013076 -0.112171  0.055844
  0.031223 -0.095803  0.041398  0.021116  0.032828  0.005739 -0.264439  0.030253
  0.081771  0.071349  0.110399 -0.018932 -0.219327  0.041743  0.055319  0.047969
 -0.098640  0.010930  0.041361  0.030785 -0.256751 -0.398515  0.392296 -0.694388
  0.408167 -0.018147 -0.002778 -0.001052  0.014010 -0.002606 -0.001860 -0.048610
  0.000755  0.001187  0.261838 -0.041667 -0.233105  0.051762  0.048280  0.043310
 -0.235457  0.048715  0.050946  0.043636  0.312514  0.083342 -0.235970  0.090100
  0.105921 -0.100780  0.071212 -0.075625  0.023242  0.056192 -0.129224  0.043137
  0.045430 -0.196812  0.157649  0.064011  0.088303  0.012120  0.116690  0.025336
  0.017739 -0.024492  0.039331 -0.002041 -0.061313  0.000068  0.023379  0.095073
  0.011708  0.013076 -0.112171  0.055844  0.031223 -0.095803  0.041398  0.021116
  0.032828  0.005739 -0.264439  0.030253  0.081771  0.071349  0.110399 -0.018932
 -0.219327  0.041743  0.055319  0.047969 -0.098640  0.010930  0.041361  0.030785
 -0.256751 -0.398515  0.392296 -0.694388  0.408167 -0.018147 -0.002778 -0.001052
  0.014010 -0.002606 -0.001860 -0.048610  0.000755  0.001187  0.261838 -0.041667
 -0.233105  0.051762  0.048280  0.043310 -0.235457  0.048715  0.050946  0.043636
  0.312514  0.083342 -0.235970  0.090100  0.105921 -0.100780  0.071212 -0.075625
  0.023242  0.056192 -0.129224  0.043137  0.045430 -0.196812  0.157649  0.064011
  0.088303  0.012120  0.116690  0.025336  0.017739 -0.024492  0.039331 -0.002041
 -0.061313  0.000068  0.023379  0.095073  0.011708  0.013076 -0.112171  0.055844
  0.031223 -0.095803  0.041398  0.021116  0.032828  0.005739 -0.264439  0.030253
  0.081771  0.071349  0.110399 -0.018932 -0.219327  0.041743  0.055319  0.047969
 -0.098640  0.010930  0.041361  0.030785 -0.256751 -0.398515  0.392296 -0.694388
  0.408167 -0.018147 -0.002778 -0.001052  0.014010 -0.002606 -0.001860 -0.048610
  0.000755  0.001187  0.261838 -0.041667 -0.233105  0.051762  0.048280  0.043310
 -0.235457  0.048715  0.050946  0.043636  0.312514  0.083342 -0.235970  0.090100
  0.105921 -0.100780  0.071212 -0.075625  0.023242  0.056192 -0.129224  0.043137
  0.045430 -0.196812  0.157649  0.064011  0.088303  0.012120  0.116690  0.025336
  0.017739 -0.024492  0.039331 -0.002041 -0.061313  0.000068  0.023379  0.095073
  0.011708  0.013076 -0.112171  0.055844  0.031223 -0.095803  0.041398  0.021116
  0.032828  0.005739 -0.264439  0.030253  0.081771  0.071349  0.110399 -0.018932
 -0.219327  0.041743  0.055319  0.047969 -0.098640  0.010930  0.041361  0.030785
 -0.256751 -0.398515  0.392296 -0.694388  0.408167 -0.018147 -0.002778 -0.001052
  0.014010 -0.002606 -0.001860 -0.048610  0.000755  0.001187  0.261838 -0.041667
 -0.233105  0.051762  0.048280  0.043310 -0.235457  0.048715  0.050946  0.043636
  0.312514  0.083342 -0.235970  0.090100  0.105921 -0.100780  0.071212 -0.075625
  0.023242  0.056192 -0.129224  0.043137  0.045430 -0.196812  0.157649  0.064011
  0.088303  0.012120  0.116690  0.025336  0.017739 -0.024492  0.039331 -0.002041
 -0.061313  0.000068  0.023379  0.095073  0.011708  0.013076 -0.112171  0.055844
  0.031223 -0.095803  0.041398  0.021116  0.032828  0.005739 -0.264439  0.030253
  0.081771  0.071349  0.110399 -0.018932 -0.219327  0.041743  0.055319  0.047969
 -0.098640  0.010930  0.041361  0.030785 -0.256751 -0.398515  0.392296 -0.694388
  0.408167 -0.018147 -0.002778 -0.001052  0.014010 -0.002606 -0.001860 -0.048610
  0.000755  0.001187  0.261838 -0.041667 -0.233105  0.051762  0.048280  0.043310
 -0.235457  0.048715  0.050946  0.043636  0.312514  0.083342 -0.235970  0.090100
  0.105921 -0.100780  0.071212 -0.075625  0.023242  0.056192 -0.129224  0.043137
  0.045430 -0.196812  0.157649  0.064011  0.088303  0.012120  0.116690  0.025336
  0.017739 -0.024492  0.039331 -0.002041 -0.061313  0.000068  0.023379  0.095073
  0.011708  0.013076 -0.112171  0.055844  0.031223 -0.095803  0.041398  0.021116
  0.032828  0.005739 -0.264439  0.030253  0.081771  0.071349  0.110399 -0.018932
 -0.219327  0.041743  0.055319  0.047969 -0.098640  0.010930  0.041361  0.030785
 -0.256751 -0.398515  0.392296 -0.694388  0.408167 -0.018147 -0.002778 -0.001052
  0.014010 -0.002606 -0.001860 -0.048610  0.000755  0.001187  0.261838 -0.041667
 -0.233105  0.051762  0.048280  0.043310 -0.235457  0.048715  0.050946  0.043636
  0.312514  0.083342 -0.235970  0.090100  0.105921 -0.100780  0.071212 -0.075625
  0.023242  0.056192 -0.129224  0.043137  0.045430 -0.196812  0.157649  0.064011
  0.088303  0.012120  0.116690  0.025336  0.017739 -0.024492  0.039331 -0.002041
 -0.061313  0.000068  0.023379  0.095073  0.011708  0.013076 -0.112171  0.055844
  0.031223 -0.095803  0.041398  0.021116  0.032828  0.005739 -0.264439  0.030253
  0.081771  0.071349  0.110399 -0.018932 -0.219327  0.041743  0.055319  0.047969
 -0.098640  0.010930  0.041361  0.030785 -0.256751 -0.398515  0.392296 -0.694388
  0.408167 -0.018147 -0.002778 -0.001052  0.014010 -0.002606 -0.001860 -0.048610
  0.000755  0.001187  0.261838 -0.041667 -0.233105  0.051762  0.048280  0.043310
 -0.235457  0.048715  0.050946  0.043636  0.312514  0.083342 -0.235970  0.090100
  0.105921 -0.100780  0.071212 -0.075625  0.023242  0.056192 -0.129224  0.043137
  0.045430 -0.196812  0.157649  0.064011  0.088303  0.012120  0.116690  0.025336
  0.017739 -0.024492  0.039331 -0.002041 -0.061313  0.000068  0.023379  0.095073
  0.011708  0.013076 -0.112171  0.055844  0.031223 -0.095803  0.041398  0.021116
  0.032828  0.005739 -0.264439  0.030253  0.081771  0.071349  0.110399 -0.018932
 -0.219327  0.041743  0.055319  0.047969 -0.098640  0.010930  0.041361  0.030785
 -0.256751 -0.398515  0.392296 -0.694388  0.408167 -0.018147 -0.002778 -0.001052
  0.014010 -0.002606 -0.001860 -0.048610  0.000755  0.001187  0.261838 -0.041667
 -0.233105  0.051762  0.048280  0.043310 -0.235457  0.048715  0.050946  0.043636
  0.312514  0.083342 -0.235970  0.090100  0.105921 -0.100780  0.071212 -0.075625
  0.023242  0.056192 -0.129224  0.043137  0.045430 -0.196812  0.157649  0.064011
  0.088303  0.012120  0.116690  0.025336  0.017739 -0.024492  0.039331 -0.002041
 -0.061313  0.000068  0.023379  0.095073  0.011708  0.013076 -0.112171  0.055844
  0.031223 -0.095803  0.041398  0.021116  0.032828  0.005739 -0.264439  0.030253
  0.081771  0.071349  0.110399 -0.018932 -0.219327  0.041743  0.055319  0.047969
 -0.098640  0.010930  0.041361  0.030785 -0.256751 -0.398515  0.392296 -0.694388
  0.408167 -0.018147 -0.002778 -0.001052  0.014010 -0.002606 -0.001860 -0.048610
  0.000755  0.001187  0.261838 -0.041667 -0.233105  0.051762  0.048280  0.043310
 -0.235457  0.048715  0.050946  0.043636  0.312514  0.083342 -0.235970  0.090100
  0.105921 -0.100780  0.071212 -0.075625  0.023242  0.056192 -0.129224  0.043137
  0.045430 -0.196812  0.157649  0.064011  0.088303  0.012120  0.116690  0.025336
  0.017739 -0.024492  0.039331 -0.002041 -0.061313  0.000068  0.023379  0.095073
  0.011708  0.013076 -0.112171  0.055844  0.031223 -0.095803  0.041398  0.021116
  0.032828  0.005739 -0.264439  0.030253  0.081771  0.071349  0.110399 -0.018932
 -0.219327  0.041743  0.055319  0.047969 -0.098640  0.010930  0.041361  0.030785
 -0.256751 -0.398515  0.392296 -0.694388  0.408167 -0.018147 -0.002778 -0.001052
  0.014010 -0.002606 -0.001860 -0.048610  0.000755  0.001187  0.261838 -0.041667
 -0.233105  0.051762  0.048280  0.043310 -0.235457  0.048715  0.050946  0.043636
  0.312514  0.083342 -0.235970  0.090100  0.105921 -0.100780  0.071212 -0.075625
  0.023242  0.056192 -0.129224  0.043137  0.045430 -0.196812  0.157649  0.064011
  0.088303  0.012120  0.116690  0.025336  0.017739 -0.024492  0.039331 -0.002041
 -0.061313  0.000068  0.023379  0.095073  0.011708  0.013076 -0.112171  0.055844
  0.031223 -0.095803  0.041398  0.021116  0.032828  0.005739 -0.264439  0.030253
  0.081771  0.071349  0.110399 -0.018932 -0.219327  0.041743  0.055319  0.047969
 -0.098640  0.010930  0.041361  0.030785 -0.256751 -0.398515  0.392296 -0.694388
  0.408167 -0.018147 -0.002778 -0.001052  0.014010 -0.002606 -0.001860 -0.048610
  0.000755  0.001187  0.261838 -0.041667 -0.233105  0.051762  0.048280  0.043310
 -0.235457  0.048715  0.050946  0.043636  0.312514  0.083342 -0.235970  0.090100
  0.105921 -0.100780  0.071212 -0.075625  0.023242  0.056192 -0.129224  0.043137
  0.045430 -0.196812  0.157649  0.064011  0.088303  0.012120  0.116690  0.025336
  0.017739 -0.024492  0.039331 -0.002041 -0.061313  0.000068  0.023379  0.095073
  0.011708  0.013076 -0.112171  0.055844  0.031223 -0.095803  0.041398  0.021116
  0.032828  0.005739 -0.264439  0.030253  0.081771  0.071349  0.110399 -0.018932
 -0.219327  0.041743  0.055319  0.047969 -0.098640  0.010930  0.041361  0.030785
 -0.256751 -0.398515  0.392296 -0.694388  0.408167 -0.018147 -0.002778 -0.001052
  0.014010 -0.002606 -0.001860 -0.048610  0.000755  0.001187  0.261838 -0.041667
 -0.233105  0.051762  0.048280  0.043310 -0.235457  0.048715  0.050946  0.043636
  0.312514  0.083342 -0.235970  0.090100  0.105921 -0.100780  0.071212 -0.075625
  0.023242  0.056192 -0.129224  0.043137  0.045430 -0.196812  0.157649  0.064011
  0.088303  0.012120  0.116690  0.025336  0.017739 -0.024492  0.039331 -0.002041
 -0.061313  0.000068  0.023379  0.095073  0.011708  0.013076 -0.112171  0.055844
  0.031223 -0.095803  0.041398  0.021116  0.032828  0.005739 -0.264439  0.030253
  0.081771  0.071349  0.110399 -0.018932 -0.219327  0.041743  0.055319  0.047969
 -0.098640  0.010930  0.041361  0.030785 -0.256751 -0.398515  0.392296 -0.694388
  0.408167 -0.018147 -0.002778 -0.001052  0.014010 -0.002606 -0.001860 -0.048610
  0.000755  0.001187  0.261838 -0.041667 -0.233105  0.051762  0.048280  0.043310
 -0.235457  0.048715  0.050946  0.043636  0.312514  0.083342 -0.235970  0.090100
  0.105921 -0.100780  0.071212 -0.075625  0.023242  0.056192 -0.129224  0.043137
  0.045430 -0.196812  0.157649  0.064011  0.088303  0.012120  0.116690  0.025336
  0.017739 -0.024492  0.039331 -0.002041 -0.061313  0.000068  0.023379  0.095073
  0.011708  0.013076 -0.112171  0.055844  0.031223 -0.095803  0.041398  0.021116
  0.032828  0.005739 -0.264439  0.030253  0.081771  0.071349  0.110399 -0.018932
 -0.219327  0.041743  0.055319  0.047969 -0.098640  0.010930  0.041361  0.030785
 -0.256751 -0.398515  0.392296 -0.694388  0.408167 -0.018147 -0.002778 -0.001052
  0.014010 -0.002606 -0.001860 -0.048610  0.000755  0.001187  0.261838 -0.041667
 -0.233105  0.051762  0.048280  0.043310 -0.235457  0.048715  0.050946  0.043636
  0.312514  0.083342 -0.235970  0.090100  0.105921 -0.100780  0.071212 -0.075625
  0.023242  0.056192 -0.129224  0.043137  0.045430 -0.196812  0.157649  0.064011
  0.088303  0.012120  0.116690  0.025336  0.017739 -0.024492  0.039331 -0.002041
 -0.061313  0.000068  0.023379  0.095073  0.011708  0.013076 -0.112171  0.055844
  0.031223 -0.095803  0.041398  0.021116  0.032828  0.005739 -0.264439  0.030253
  0.081771  0.071349  0.110399 -0.018932 -0.219327  0.041743  0.055319  0.047969
 -0.098640  0.010930  0.041361  0.030785 -0.256751 -0.398515  0.392296 -0.694388
  0.408167 -0.018147 -0.002778 -0.001052  0.014010 -0.002606 -0.001860 -0.048610
  0.000755  0.001187  0.261838 -0.041667 -0.233105  0.051762  0.048280  0.043310
 -0.235457  0.048715  0.050946  0.043636  0.312514  0.083342 -0.235970  0.090100
  0.105921 -0.100780  0.071212 -0.075625  0.023242  0.056192 -0.129224  0.043137
  0.045430 -0.196812  0.157649  0.064011  0.088303  0.012120  0.116690  0.025336
  0.017739 -0.024492  0.039331 -0.002041 -0.061313  0.000068  0.023379  0.095073
  0.011708  0.013076 -0.112171  0.055844  0.031223 -0.095803  0.041398  0.021116
  0.032828  0.005739 -0.264439  0.030253  0.081771  0.071349  0.110399 -0.018932
 -0.219327  0.041743  0.055319  0.047969 -0.098640  0.010930  0.041361  0.030785
 -0.256751 -0.398515  0.392296 -0.694388  0.408167 -0.018147 -0.002778 -0.001052
  0.014010 -0.002606 -0.001860 -0.048610  0.000755  0.001187  0.261838 -0.041667
 -0.233105  0.051762  0.048280  0.043310 -0.235457  0.048715  0.050946  0.043636
  0.312514  0.083342 -0.235970  0.090100  0.105921 -0.100780  0.071212 -0.075625
  0.023242  0.056192 -0.129224  0.043137  0.045430 -0.196812  0.157649  0.064011
  0.088303  0.012120  0.116690  0.025336  0.017739 -0.024492  0.039331 -0.002041
 -0.061313  0.000068  0.023379  0.095073  0.011708  0.013076 -0.112171  0.055844
  0.031223 -0.095803  0.041398  0.021116  0.032828  0.005739 -0.264439  0.030253
  0.081771  0.071349  0.110399 -0.018932 -0.219327  0.041743  0.055319  0.047969
 -0.098640  0.010930  0.041361  0.030785 -0.256751 -0.398515  0.392296 -0.694388
  0.408167 -0.018147 -0.002778 -0.001052  0.014010 -0.002606 -0.001860 -0.048610
  0.000755  0.001187  0.261838 -0.041667 -0.233105  0.051762  0.048280  0.043310
 -0.235457  0.048715  0.050946  0.043636  0.312514  0.083342 -0.235970  0.090100
  0.105921 -0.100780  0.071212 -0.075625  0.023242  0.056192 -0.129224  0.043137
  0.045430 -0.196812  0.157649  0.064011  0.088303  0.012120  0.116690  0.025336
  0.017739 -0.024492  0.039331 -0.002041 -0.061313  0.000068  0.023379  0.095073
  0.011708  0.013076 -0.112171  0.055844  0.031223 -0.095803  0.041398  0.021116
  0.032828  0.005739 -0.264439  0.030253  0.081771  0.071349  0.110399 -0.018932
 -0.219327  0.041743  0.055319  0.047969 -0.098640  0.010930  0.041361  0.030785
 -0.256751 -0.398515  0.392296 -0.694388  0.408167 -0.018147 -0.002778 -0.001052
  0.014010 -0.002606 -0.001860 -0.048610  0.000755  0.001187  0.261838 -0.041667
 -0.233105  0.051762  0.048280  0.043310 -0.235457  0.048715  0.050946  0.043636
  0.312514  0.083342 -0.235970  0.090100  0.105921 -0.100780  0.071212 -0.075625
  0.023242  0.056192 -0.129224  0.043137  0.045430 -0.196812  0.157649  0.064011
  0.088303  0.012120  0.116690  0.025336  0.017739 -0.024492  0.039331 -0.002041
 -0.061313  0.000068  0.023379  0.095073  0.011708  0.013076 -0.112171  0.055844
  0.031223 -0.095803  0.041398  0.021116  0.032828  0.005739 -0.264439  0.030253
  0.081771  0.071349  0.110399 -0.018932 -0.219327  0.041743  0.055319  0.047969
 -0.098640  0.010930  0.041361  0.030785 -0.256751 -0.398515  0.392296 -0.694388
  0.408167 -0.018147 -0.002778 -0.001052  0.014010 -0.002606 -0.001860 -0.048610
  0.000755  0.001187  0.261838 -0.041667 -0.233105  0.051762  0.048280  0.043310
 -0.235457  0.048715  0.050946  0.043636  0.312514  0.083342 -0.235970  0.090100
  0.105921 -0.100780  0.071212 -0.075625  0.023242  0.056192 -0.129224  0.043137
  0.045430 -0.196812  0.157649  0.064011  0.088303  0.012120  0.116690  0.025336
  0.017739 -0.024492  0.039331 -0.002041 -0.061313  0.000068  0.023379  0.095073
  0.011708  0.013076 -0.112171  0.055844  0.031223 -0.095803  0.041398  0.021116
  0.032828  0.005739 -0.264439  0.030253  0.081771  0.071349  0.110399 -0.018932
 -0.219327  0.041743  0.055319  0.047969 -0.098640  0.010930  0.041361  0.030785
 -0.256751 -0.398515  0.392296 -0.694388  0.408167 -0.018147 -0.002778 -0.001052
  0.014010 -0.002606 -0.001860 -0.048610  0.000755  0.001187  0.261838 -0.041667
 -0.233105  0.051762  0.048280  0.043310 -0.235457  0.048715  0.050946  0.043636
  0.312514  0.083342 -0.235970  0.090100  0.105921 -0.100780  0.071212 -0.075625
  0.023242  0.056192 -0.129224  0.043137  0.045430 -0.196812  0.157649  0.064011
  0.088303  0.012120  0.116690  0.025336  0.017739 -0.024492  0.039331 -0.002041
 -0.061313  0.000068  0.023379  0.095073  0.011708  0.013076 -0.112171  0.055844
  0.031223 -0.095803  0.041398  0.021116  0.032828  0.005739 -0.264439  0.030253
  0.081771  0.071349  0.110399 -0.018932 -0.219327  0.041743  0.055319  0.047969
 -0.098640  0.010930  0.041361  0.030785 -0.256751 -0.398515  0.392296 -0.694388
  0.408167 -0.018147 -0.002778 -0.001052  0.014010 -0.002606 -0.001860 -0.048610
  0.000755  0.001187  0.261838 -0.041667 -0.233105  0.051762  0.048280  0.043310
 -0.235457  0.048715  0.050946  0.043636  0.312514  0.083342 -0.235970  0.090100
  0.105921 -0.100780  0.071212 -0.075625  0.023242  0.056192 -0.129224  0.043137
  0.045430 -0.196812  0.157649  0.064011  0.088303  0.012120  0.116690  0.025336
  0.017739 -0.024492  0.039331 -0.002041 -0.061313  0.000068  0.023379  0.095073
  0.011708  0.013076 -0.112171  0.055844  0.031223 -0.095803  0.041398  0.021116
  0.032828  0.005739 -0.264439  0.030253  0.081771  0.071349  0.110399 -0.018932
 -0.219327  0.041743  0.055319  0.047969 -0.098640  0.010930  0.041361  0.030785
 -0.256751 -0.398515  0.392296 -0.694388  0.408167 -0.018147 -0.002778 -0.001052
  0.014010 -0.002606 -0.001860 -0.048610  0.000755  0.001187  0.261838 -0.041667
 -0.233105  0.051762  0.048280  0.043310 -0.235457  0.048715  0.050946  0.043636
  0.312514  0.083342 -0.235970  0.090100  0.105921 -0.100780  0.071212 -0.075625
  0.023242  0.056192 -0.129224  0.043137  0.045430 -0.196812  0.157649  0.064011
  0.088303  0.012120  0.116690  0.025336  0.017739 -0.024492  0.039331 -0.002041
 -0.061313  0.000068  0.023379  0.095073  0.011708  0.013076 -0.112171  0.055844
  0.031223 -0.095803  0.041398  0.021116  0.032828  0.005739 -0.264439  0.030253
  0.081771  0.071349  0.110399 -0.018932 -0.219327  0.041743  0.055319  0.047969
 -0.098640  0.010930  0.041361  0.030785 -0.256751 -0.398515  0.392296 -0.694388
  0.408167 -0.018147 -0.002778 -0.001052  0.014010 -0.002606 -0.001860 -0.048610
  0.000755  0.001187  0.261838 -0.041667 -0.233105  0.051762  0.048280  0.043310
 -0.235457  0.048715  0.050946  0.043636  0.312514  0.083342 -0.235970  0.090100
  0.105921 -0.100780  0.071212 -0.075625  0.023242  0.056192 -0.129224  0.043137
  0.045430 -0.196812  0.157649  0.064011  0.088303  0.012120  0.116690  0.025336
  0.017739 -0.024492  0.039331 -0.002041 -0.061313  0.000068  0.023379  0.095073
  0.011708  0.013076 -0.112171  0.055844  0.031223 -0.095803  0.041398  0.021116
  0.032828  0.005739 -0.264439  0.030253  0.081771  0.071349  0.110399 -0.018932
 -0.219327  0.041743  0.055319  0.047969 -0.098640  0.010930  0.041361  0.030785
 -0.256751 -0.398515  0.392296 -0.694388  0.408167 -0.018147 -0.002778 -0.001052
  0.014010 -0.002606 -0.001860 -0.048610  0.000755  0.001187  0.261838 -0.041667
 -0.233105  0.051762  0.048280  0.043310 -0.235457  0.048715  0.050946  0.043636
  0.312514  0.083342 -0.235970  0.090100  0.105921 -0.100780  0.071212 -0.075625
  0.023242  0.056192 -0.129224  0.043137  0.045430 -0.196812  0.157649  0.064011
  0.088303  0.012120  0.116690  0.025336  0.017739 -0.024492  0.039331 -0.002041
 -0.061313  0.000068  0.023379  0.095073  0.011708  0.013076 -0.112171  0.055844
  0.031223 -0.095803  0.041398  0.021116  0.032828  0.005739 -0.264439  0.030253
  0.081771  0.071349  0.110399 -0.018932 -0.219327  0.041743  0.055319  0.047969
 -0.098640  0.010930  0.041361  0.030785 -0.256751 -0.398515  0.392296 -0.694388
  0.408167 -0.018147 -0.002778 -0.001052  0.014010 -0.002606 -0.001860 -0.048610
  0.000755  0.001187  0.261838 -0.041667 -0.233105  0.051762  0.048280  0.043310
 -0.235457  0.048715  0.050946  0.043636  0.312514  0.083342 -0.235970  0.090100
  0.105921 -0.100780  0.071212 -0.075625  0.023242  0.056192 -0.129224  0.043137
  0.045430 -0.196812  0.157649  0.064011  0.088303  0.012120  0.116690  0.025336
  0.017739 -0.024492  0.039331 -0.002041 -0.061313  0.000068  0.023379  0.095073
  0.011708  0.013076 -0.112171  0.055844  0.031223 -0.095803  0.041398  0.021116
  0.032828  0.005739 -0.264439  0.030253  0.081771  0.071349  0.110399 -0.018932
 -0.219327  0.041743  0.055319  0.047969 -0.098640  0.010930  0.041361  0.030785
 -0.256751 -0.398515  0.392296 -0.694388  0.408167 -0.018147 -0.002778 -0.001052
  0.014010 -0.002606 -0.001860 -0.048610  0.000755  0.001187  0.261838 -0.041667
 -0.233105  0.051762  0.048280  0.043310 -0.235457  0.048715  0.050946  0.043636
  0.312514  0.083342 -0.235970  0.090100  0.105921 -0.100780  0.071212 -0.075625
  0.023242  0.056192 -0.129224  0.043137  0.045430 -0.196812  0.157649  0.064011
  0.088303  0.012120  0.116690  0.025336  0.017739 -0.024492  0.039331 -0.002041
 -0.061313  0.000068  0.023379  0.095073  0.011708  0.013076 -0.112171  0.055844
  0.031223 -0.095803  0.041398  0.021116  0.032828  0.005739 -0.264439  0.030253
  0.081771  0.071349  0.110399 -0.018932 -0.219327  0.041743  0.055319  0.047969
 -0.098640  0.010930  0.041361  0.030785 -0.256751 -0.398515  0.392296 -0.694388
  0.408167 -0.018147 -0.002778 -0.001052  0.014010 -0.002606 -0.001860 -0.048610
  0.000755  0.001187  0.261838 -0.041667 -0.233105  0.051762  0.048280  0.043310
 -0.235457  0.048715  0.050946  0.043636  0.312514  0.083342 -0.235970  0.090100
  0.105921 -0.100780  0.071212 -0.075625  0.023242  0.056192 -0.129224  0.043137
  0.045430 -0.196812  0.157649  0.064011  0.088303  0.012120  0.116690  0.025336
  0.017739 -0.024492  0.039331 -0.002041 -0.061313  0.000068  0.023379  0.095073
  0.011708  0.013076 -0.112171  0.055844  0.031223 -0.095803  0.041398  0.021116
  0.032828  0.005739 -0.264439  0.030253  0.081771  0.071349  0.110399 -0.018932
 -0.219327  0.041743  0.055319  0.047969 -0.098640  0.010930  0.041361  0.030785
 -0.256751 -0.398515  0.392296 -0.694388  0.408167 -0.018147 -0.002778 -0.001052
  0.014010 -0.002606 -0.001860 -0.048610  0.000755  0.001187  0.261838 -0.041667
 -0.233105  0.051762  0.048280  0.043310 -0.235457  0.048715  0.050946  0.043636
  0.312514  0.083342 -0.235970  0.090100  0.105921 -0.100780  0.071212 -0.075625
  0.023242  0.056192 -0.129224  0.043137  0.045430 -0.196812  0.157649  0.064011
  0.088303  0.012120  0.116690  0.025336  0.017739 -0.024492  0.039331 -0.002041
 -0.061313  0.000068  0.023379  0.095073  0.011708  0.013076 -0.112171  0.055844
  0.031223 -0.095803  0.041398  0.021116  0.032828  0.005739 -0.264439  0.030253
  0.081771  0.071349  0.110399 -0.018932 -0.219327  0.041743  0.055319  0.047969
 -0.098640  0.010930  0.041361  0.030785 -0.256751 -0.398515  0.392296 -0.694388
  0.408167 -0.018147 -0.002778 -0.001052  0.014010 -0.002606 -0.001860 -0.048610
  0.000755  0.001187  0.261838 -0.041667 -0.233105  0.051762  0.048280  0.043310
 -0.235457  0.048715  0.050946  0.043636  0.312514  0.083342 -0.235970  0.090100
  0.105921 -0.100780  0.071212 -0.075625  0.023242  0.056192 -0.129224  0.043137
  0.045430 -0.196812  0.157649  0.064011  0.088303  0.012120  0.116690  0.025336
  0.017739 -0.024492  0.039331 -0.002041 -0.061313  0.000068  0.023379  0.095073
  0.011708  0.013076 -0.112171  0.055844  0.031223 -0.095803  0.041398  0.021116
  0.032828  0.005739 -0.264439  0.030253  0.081771  0.071349  0.110399 -0.018932
 -0.219327  0.041743  0.055319  0.047969 -0.098640  0.010930  0.041361  0.030785
 -0.256751 -0.398515  0.392296 -0.694388  0.408167 -0.018147 -0.002778 -0.001052
  0.014010 -0.002606 -0.001860 -0.048610  0.000755  0.001187  0.261838 -0.041667
 -0.233105  0.051762  0.048280  0.043310 -0.235457  0.048715  0.050946  0.043636
