 -0.633304  0.407187 -0.709582  0.415814  0.118915  0.022233  0.024368 -0.039046
  0.063390  0.013801  0.049942  0.042510  0.006642 -0.062358 -0.003795  0.021427
  0.085001 -0.121867  0.065842  0.013643 -0.045345  0.043600  0.003520 -0.070427
  0.029414  0.021146  0.104882  0.118348  0.083807 -0.015406 -0.240113  0.032955
  0.072044  0.058089 -0.065138 -0.040384  0.002087  0.046588 -0.296178  0.167665
 -0.178081  0.035185  0.059180  0.053359 -0.186099  0.072624  0.077271 -0.126550
  0.036592  0.039767 -0.009324 -0.006197 -0.004490  0.334273  0.077853 -0.195590
  0.037600  0.050284  0.039453  0.019026 -0.003816 -0.004444 -0.041693 -0.002817
 -0.002060  0.259462 -0.040203 -0.233538  0.048975  0.049168  0.043905 -0.235076
  0.050348  0.049472  0.044269 -0.633304  0.407187 -0.709582  0.415814  0.118915
  0.022233  0.024368 -0.039046  0.063390  0.013801  0.049942  0.042510  0.006642
 -0.062358 -0.003795  0.021427  0.085001 -0.121867  0.065842  0.013643 -0.045345
  0.043600  0.003520 -0.070427  0.029414  0.021146  0.104882  0.118348  0.083807
 -0.015406 -0.240113  0.032955  0.072044  0.058089 -0.065138 -0.040384  0.002087
  0.046588 -0.296178  0.167665 -0.178081  0.035185  0.059180  0.053359 -0.186099
  0.072624  0.077271 -0.126550  0.036592  0.039767 -0.009324 -0.006197 -0.004490
  0.334273  0.077853 -0.195590  0.037600  0.050284  0.039453  0.019026 -0.003816
 -0.004444 -0.041693 -0.002817 -0.002060  0.259462 -0.040203 -0.233538  0.048975
  0.049168  0.043905 -0.235076  0.050348  0.049472  0.044269 -0.633304  0.407187
 -0.709582  0.415814  0.118915  0.022233  0.024368 -0.039046  0.063390  0.013801
  0.049942  0.042510  0.006642 -0.062358 -0.003795  0.021427  0.085001 -0.121867
  0.065842  0.013643 -0.045345  0.043600  0.003520 -0.070427  0.029414  0.021146
  0.104882  0.118348  0.083807 -0.015406 -0.240113  0.032955  0.072044  0.058089
 -0.065138 -0.040384  0.002087  0.046588 -0.296178  0.167665 -0.178081  0.035185
  0.059180  0.053359 -0.186099  0.072624  0.077271 -0.126550  0.036592  0.039767
 -0.009324 -0.006197 -0.004490  0.334273  0.077853 -0.195590  0.037600  0.050284
  0.039453  0.019026 -0.003816 -0.004444 -0.041693 -0.002817 -0.002060  0.259462
 -0.040203 -0.233538  0.048975  0.049168  0.043905 -0.235076  0.050348  0.049472
  0.044269 -0.633304  0.407187 -0.709582  0.415814  0.118915  0.022233  0.024368
 -0.039046  0.063390  0.013801  0.049942  0.042510  0.006642 -0.062358 -0.003795
  0.021427  0.085001 -0.121867  0.065842  0.013643 -0.045345  0.043600  0.003520
 -0.070427  0.029414  0.021146  0.104882  0.118348  0.083807 -0.015406 -0.240113
  0.032955  0.072044  0.058089 -0.065138 -0.040384  0.002087  0.046588 -0.296178
  0.167665 -0.178081  0.035185  0.059180  0.053359 -0.186099  0.072624  0.077271
 -0.126550  0.036592  0.039767 -0.009324 -0.006197 -0.004490  0.334273  0.077853
 -0.195590  0.037600  0.050284  0.039453  0.019026 -0.003816 -0.004444 -0.041693
 -0.002817 -0.002060  0.259462 -0.040203 -0.233538  0.048975  0.049168  0.043905
 -0.235076  0.050348  0.049472  0.044269 -0.633304  0.407187 -0.709582  0.415814
  0.118915  0.022233  0.024368 -0.039046  0.063390  0.013801  0.049942  0.042510
  0.006642 -0.062358 -0.003795  0.021427  0.085001 -0.121867  0.065842  0.013643
 -0.045345  0.043600  0.003520 -0.070427  0.029414  0.021146  0.104882  0.118348
  0.083807 -0.015406 -0.240113  0.032955  0.072044  0.058089 -0.065138 -0.040384
  0.002087  0.046588 -0.296178  0.167665 -0.178081  0.035185  0.059180  0.053359
 -0.186099  0.072624  0.077271 -0.126550  0.036592  0.039767 -0.009324 -0.006197
 -0.004490  0.334273  0.077853 -0.195590  0.037600  0.050284  0.039453  0.019026
 -0.003816 -0.004444 -0.041693 -0.002817 -0.002060  0.259462 -0.040203 -0.233538
  0.048975  0.049168  0.043905 -0.235076  0.050348  0.049472  0.044269 -0.633304
  0.407187 -0.709582  0.415814  0.118915  0.022233  0.024368 -0.039046  0.063390
  0.013801  0.049942  0.042510  0.006642 -0.062358 -0.003795  0.021427  0.085001
 -0.121867  0.065842  0.013643 -0.045345  0.043600  0.003520 -0.070427  0.029414
  0.021146  0.104882  0.118348  0.083807 -0.015406 -0.240113  0.032955  0.072044
  0.058089 -0.065138 -0.040384  0.002087  0.046588 -0.296178  0.167665 -0.178081
  0.035185  0.059180  0.053359 -0.186099  0.072624  0.077271 -0.126550  0.036592
  0.039767 -0.009324 -0.006197 -0.004490  0.334273  0.077853 -0.195590  0.037600
  0.050284  0.039453  0.019026 -0.003816 -0.004444 -0.041693 -0.002817 -0.002060
  0.259462 -0.040203 -0.233538  0.048975  0.049168  0.043905 -0.235076  0.050348
  0.049472  0.044269 -0.633304  0.407187 -0.709582  0.415814  0.118915  0.022233
  0.024368 -0.039046  0.063390  0.013801  0.049942  0.042510  0.006642 -0.062358
 -0.003795  0.021427  0.085001 -0.121867  0.065842  0.013643 -0.045345  0.043600
  0.003520 -0.070427  0.029414  0.021146  0.104882  0.118348  0.083807 -0.015406
 -0.240113  0.032955  0.072044  0.058089 -0.065138 -0.040384  0.002087  0.046588
 -0.296178  0.167665 -0.178081  0.035185  0.059180  0.053359 -0.186099  0.072624
  0.077271 -0.126550  0.036592  0.039767 -0.009324 -0.006197 -0.004490  0.334273
  0.077853 -0.195590  0.037600  0.050284  0.039453  0.019026 -0.003816 -0.004444
 -0.041693 -0.002817 -0.002060  0.259462 -0.040203 -0.233538  0.048975  0.049168
  0.043905 -0.235076  0.050348  0.049472  0.044269 -0.633304  0.407187 -0.709582
  0.415814  0.118915  0.022233  0.024368 -0.039046  0.063390  0.013801  0.049942
  0.042510  0.006642 -0.062358 -0.003795  0.021427  0.085001 -0.121867  0.065842
  0.013643 -0.045345  0.043600  0.003520 -0.070427  0.029414  0.021146  0.104882
  0.118348  0.083807 -0.015406 -0.240113  0.032955  0.072044  0.058089 -0.065138
 -0.040384  0.002087  0.046588 -0.296178  0.167665 -0.178081  0.035185  0.059180
  0.053359 -0.186099  0.072624  0.077271 -0.126550  0.036592  0.039767 -0.009324
 -0.006197 -0.004490  0.334273  0.077853 -0.195590  0.037600  0.050284  0.039453
  0.019026 -0.003816 -0.004444 -0.041693 -0.002817 -0.002060  0.259462 -0.040203
 -0.233538  0.048975  0.049168  0.043905 -0.235076  0.050348  0.049472  0.044269
 -0.633304  0.407187 -0.709582  0.415814  0.118915  0.022233  0.024368 -0.039046
  0.063390  0.013801  0.049942  0.042510  0.006642 -0.062358 -0.003795  0.021427
  0.085001 -0.121867  0.065842  0.013643 -0.045345  0.043600  0.003520 -0.070427
  0.029414  0.021146  0.104882  0.118348  0.083807 -0.015406 -0.240113  0.032955
  0.072044  0.058089 -0.065138 -0.040384  0.002087  0.046588 -0.296178  0.167665
 -0.178081  0.035185  0.059180  0.053359 -0.186099  0.072624  0.077271 -0.126550
  0.036592  0.039767 -0.009324 -0.006197 -0.004490  0.334273  0.077853 -0.195590
  0.037600  0.050284  0.039453  0.019026 -0.003816 -0.004444 -0.041693 -0.002817
 -0.002060  0.259462 -0.040203 -0.233538  0.048975  0.049168  0.043905 -0.235076
  0.050348  0.049472  0.044269 -0.633304  0.407187 -0.709582  0.415814  0.118915
  0.022233  0.024368 -0.039046  0.063390  0.013801  0.049942  0.042510  0.006642
 -0.062358 -0.003795  0.021427  0.085001 -0.121867  0.065842  0.013643 -0.045345
  0.043600  0.003520 -0.070427  0.029414  0.021146  0.104882  0.118348  0.083807
 -0.015406 -0.240113  0.032955  0.072044  0.058089 -0.065138 -0.040384  0.002087
  0.046588 -0.296178  0.167665 -0.178081  0.035185  0.059180  0.053359 -0.186099
  0.072624  0.077271 -0.126550  0.036592  0.039767 -0.009324 -0.006197 -0.004490
  0.334273  0.077853 -0.195590  0.037600  0.050284  0.039453  0.019026 -0.003816
 -0.004444 -0.041693 -0.002817 -0.002060  0.259462 -0.040203 -0.233538  0.048975
  0.049168  0.043905 -0.235076  0.050348  0.049472  0.044269 -0.633304  0.407187
 -0.709582  0.415814  0.118915  0.022233  0.024368 -0.039046  0.063390  0.013801
  0.049942  0.042510  0.006642 -0.062358 -0.003795  0.021427  0.085001 -0.121867
  0.065842  0.013643 -0.045345  0.043600  0.003520 -0.070427  0.029414  0.021146
  0.104882  0.118348  0.083807 -0.015406 -0.240113  0.032955  0.072044  0.058089
 -0.065138 -0.040384  0.002087  0.046588 -0.296178  0.167665 -0.178081  0.035185
  0.059180  0.053359 -0.186099  0.072624  0.077271 -0.126550  0.036592  0.039767
 -0.009324 -0.006197 -0.004490  0.334273  0.077853 -0.195590  0.037600  0.050284
  0.039453  0.019026 -0.003816 -0.004444 -0.041693 -0.002817 -0.002060  0.259462
 -0.040203 -0.233538  0.048975  0.049168  0.043905 -0.235076  0.050348  0.049472
  0.044269 -0.633304  0.407187 -0.709582  0.415814  0.118915  0.022233  0.024368
 -0.039046  0.063390  0.013801  0.049942  0.042510  0.006642 -0.062358 -0.003795
  0.021427  0.085001 -0.121867  0.065842  0.013643 -0.045345  0.043600  0.003520
 -0.070427  0.029414  0.021146  0.104882  0.118348  0.083807 -0.015406 -0.240113
  0.032955  0.072044  0.058089 -0.065138 -0.040384  0.002087  0.046588 -0.296178
  0.167665 -0.178081  0.035185  0.059180  0.053359 -0.186099  0.072624  0.077271
 -0.126550  0.036592  0.039767 -0.009324 -0.006197 -0.004490  0.334273  0.077853
 -0.195590  0.037600  0.050284  0.039453  0.019026 -0.003816 -0.004444 -0.041693
 -0.002817 -0.002060  0.259462 -0.040203 -0.233538  0.048975  0.049168  0.043905
 -0.235076  0.050348  0.049472  0.044269 -0.633304  0.407187 -0.709582  0.415814
  0.118915  0.022233  0.024368 -0.039046  0.063390  0.013801  0.049942  0.042510
  0.006642 -0.062358 -0.003795  0.021427  0.085001 -0.121867  0.065842  0.013643
 -0.045345  0.043600  0.003520 -0.070427  0.029414  0.021146  0.104882  0.118348
  0.083807 -0.015406 -0.240113  0.032955  0.072044  0.058089 -0.065138 -0.040384
  0.002087  0.046588 -0.296178  0.167665 -0.178081  0.035185  0.059180  0.053359
 -0.186099  0.072624  0.077271 -0.126550  0.036592  0.039767 -0.009324 -0.006197
 -0.004490  0.334273  0.077853 -0.195590  0.037600  0.050284  0.039453  0.019026
 -0.003816 -0.004444 -0.041693 -0.002817 -0.002060  0.259462 -0.040203 -0.233538
  0.048975  0.049168  0.043905 -0.235076  0.050348  0.049472  0.044269 -0.633304
  0.407187 -0.709582  0.415814  0.118915  0.022233  0.024368 -0.039046  0.063390
  0.013801  0.049942  0.042510  0.006642 -0.062358 -0.003795  0.021427  0.085001
 -0.121867  0.065842  0.013643 -0.045345  0.043600  0.003520 -0.070427  0.029414
  0.021146  0.104882  0.118348  0.083807 -0.015406 -0.240113  0.032955  0.072044
  0.058089 -0.065138 -0.040384  0.002087  0.046588 -0.296178  0.167665 -0.178081
  0.035185  0.059180  0.053359 -0.186099  0.072624  0.077271 -0.126550  0.036592
  0.039767 -0.009324 -0.006197 -0.004490  0.334273  0.077853 -0.195590  0.037600
  0.050284  0.039453  0.019026 -0.003816 -0.004444 -0.041693 -0.002817 -0.002060
  0.259462 -0.040203 -0.233538  0.048975  0.049168  0.043905 -0.235076  0.050348
  0.049472  0.044269 -0.633304  0.407187 -0.709582  0.415814  0.118915  0.022233
  0.024368 -0.039046  0.063390  0.013801  0.049942  0.042510  0.006642 -0.062358
 -0.003795  0.021427  0.085001 -0.121867  0.065842  0.013643 -0.045345  0.043600
  0.003520 -0.070427  0.029414  0.021146  0.104882  0.118348  0.083807 -0.015406
 -0.240113  0.032955  0.072044  0.058089 -0.065138 -0.040384  0.002087  0.046588
 -0.296178  0.167665 -0.178081  0.035185  0.059180  0.053359 -0.186099  0.072624
  0.077271 -0.126550  0.036592  0.039767 -0.009324 -0.006197 -0.004490  0.334273
  0.077853 -0.195590  0.037600  0.050284  0.039453  0.019026 -0.003816 -0.004444
 -0.041693 -0.002817 -0.002060  0.259462 -0.040203 -0.233538  0.048975  0.049168
  0.043905 -0.235076  0.050348  0.049472  0.044269 -0.633304  0.407187 -0.709582
  0.415814  0.118915  0.022233  0.024368 -0.039046  0.063390  0.013801  0.049942
  0.042510  0.006642 -0.062358 -0.003795  0.021427  0.085001 -0.121867  0.065842
  0.013643 -0.045345  0.043600  0.003520 -0.070427  0.029414  0.021146  0.104882
  0.118348  0.083807 -0.015406 -0.240113  0.032955  0.072044  0.058089 -0.065138
 -0.040384  0.002087  0.046588 -0.296178  0.167665 -0.178081  0.035185  0.059180
  0.053359 -0.186099  0.072624  0.077271 -0.126550  0.036592  0.039767 -0.009324
 -0.006197 -0.004490  0.334273  0.077853 -0.195590  0.037600  0.050284  0.039453
  0.019026 -0.003816 -0.004444 -0.041693 -0.002817 -0.002060  0.259462 -0.040203
 -0.233538  0.048975  0.049168  0.043905 -0.235076  0.050348  0.049472  0.044269
 -0.633304  0.407187 -0.709582  0.415814  0.118915  0.022233  0.024368 -0.039046
  0.063390  0.013801  0.049942  0.042510  0.006642 -0.062358 -0.003795  0.021427
  0.085001 -0.121867  0.065842  0.013643 -0.045345  0.043600  0.003520 -0.070427
  0.029414  0.021146  0.104882  0.118348  0.083807 -0.015406 -0.240113  0.032955
  0.072044  0.058089 -0.065138 -0.040384  0.002087  0.046588 -0.296178  0.167665
 -0.178081  0.035185  0.059180  0.053359 -0.186099  0.072624  0.077271 -0.126550
  0.036592  0.039767 -0.009324 -0.006197 -0.004490  0.334273  0.077853 -0.195590
  0.037600  0.050284  0.039453  0.019026 -0.003816 -0.004444 -0.041693 -0.002817
 -0.002060  0.259462 -0.040203 -0.233538  0.048975  0.049168  0.043905 -0.235076
  0.050348  0.049472  0.044269 -0.633304  0.407187 -0.709582  0.415814  0.118915
  0.022233  0.024368 -0.039046  0.063390  0.013801  0.049942  0.042510  0.006642
 -0.062358 -0.003795  0.021427  0.085001 -0.121867  0.065842  0.013643 -0.045345
  0.043600  0.003520 -0.070427  0.029414  0.021146  0.104882  0.118348  0.083807
 -0.015406 -0.240113  0.032955  0.072044  0.058089 -0.065138 -0.040384  0.002087
  0.046588 -0.296178  0.167665 -0.178081  0.035185  0.059180  0.053359 -0.186099
  0.072624  0.077271 -0.126550  0.036592  0.039767 -0.009324 -0.006197 -0.004490
  0.334273  0.077853 -0.195590  0.037600  0.050284  0.039453  0.019026 -0.003816
 -0.004444 -0.041693 -0.002817 -0.002060  0.259462 -0.040203 -0.233538  0.048975
  0.049168  0.043905 -0.235076  0.050348  0.049472  0.044269 -0.633304  0.407187
 -0.709582  0.415814  0.118915  0.022233  0.024368 -0.039046  0.063390  0.013801
  0.049942  0.042510  0.006642 -0.062358 -0.003795  0.021427  0.085001 -0.121867
  0.065842  0.013643 -0.045345  0.043600  0.003520 -0.070427  0.029414  0.021146
  0.104882  0.118348  0.083807 -0.015406 -0.240113  0.032955  0.072044  0.058089
 -0.065138 -0.040384  0.002087  0.046588 -0.296178  0.167665 -0.178081  0.035185
  0.059180  0.053359 -0.186099  0.072624  0.077271 -0.126550  0.036592  0.039767
 -0.009324 -0.006197 -0.004490  0.334273  0.077853 -0.195590  0.037600  0.050284
  0.039453  0.019026 -0.003816 -0.004444 -0.041693 -0.002817 -0.002060  0.259462
 -0.040203 -0.233538  0.048975  0.049168  0.043905 -0.235076  0.050348  0.049472
  0.044269 -0.633304  0.407187 -0.709582  0.415814  0.118915  0.022233  0.024368
 -0.039046  0.063390  0.013801  0.049942  0.042510  0.006642 -0.062358 -0.003795
  0.021427  0.085001 -0.121867  0.065842  0.013643 -0.045345  0.043600  0.003520
 -0.070427  0.029414  0.021146  0.104882  0.118348  0.083807 -0.015406 -0.240113
  0.032955  0.072044  0.058089 -0.065138 -0.040384  0.002087  0.046588 -0.296178
  0.167665 -0.178081  0.035185  0.059180  0.053359 -0.186099  0.072624  0.077271
 -0.126550  0.036592  0.039767 -0.009324 -0.006197 -0.004490  0.334273  0.077853
 -0.195590  0.037600  0.050284  0.039453  0.019026 -0.003816 -0.004444 -0.041693
 -0.002817 -0.002060  0.259462 -0.040203 -0.233538  0.048975  0.049168  0.043905
 -0.235076  0.050348  0.049472  0.044269 -0.633304  0.407187 -0.709582  0.415814
  0.118915  0.022233  0.024368 -0.039046  0.063390  0.013801  0.049942  0.042510
  0.006642 -0.062358 -0.003795  0.021427  0.085001 -0.121867  0.065842  0.013643
 -0.045345  0.043600  0.003520 -0.070427  0.029414  0.021146  0.104882  0.118348
  0.083807 -0.015406 -0.240113  0.032955  0.072044  0.058089 -0.065138 -0.040384
  0.002087  0.046588 -0.296178  0.167665 -0.178081  0.035185  0.059180  0.053359
 -0.186099  0.072624  0.077271 -0.126550  0.036592  0.039767 -0.009324 -0.006197
 -0.004490  0.334273  0.077853 -0.195590  0.037600  0.050284  0.039453  0.019026
 -0.003816 -0.004444 -0.041693 -0.002817 -0.002060  0.259462 -0.040203 -0.233538
  0.048975  0.049168  0.043905 -0.235076  0.050348  0.049472  0.044269 -0.633304
  0.407187 -0.709582  0.415814  0.118915  0.022233  0.024368 -0.039046  0.063390
  0.013801  0.049942  0.042510  0.006642 -0.062358 -0.003795  0.021427  0.085001
 -0.121867  0.065842  0.013643 -0.045345  0.043600  0.003520 -0.070427  0.029414
  0.021146  0.104882  0.118348  0.083807 -0.015406 -0.240113  0.032955  0.072044
  0.058089 -0.065138 -0.040384  0.002087  0.046588 -0.296178  0.167665 -0.178081
  0.035185  0.059180  0.053359 -0.186099  0.072624  0.077271 -0.126550  0.036592
  0.039767 -0.009324 -0.006197 -0.004490  0.334273  0.077853 -0.195590  0.037600
  0.050284  0.039453  0.019026 -0.003816 -0.004444 -0.041693 -0.002817 -0.002060
  0.259462 -0.040203 -0.233538  0.048975  0.049168  0.043905 -0.235076  0.050348
  0.049472  0.044269 -0.633304  0.407187 -0.709582  0.415814  0.118915  0.022233
  0.024368 -0.039046  0.063390  0.013801  0.049942  0.042510  0.006642 -0.062358
 -0.003795  0.021427  0.085001 -0.121867  0.065842  0.013643 -0.045345  0.043600
  0.003520 -0.070427  0.029414  0.021146  0.104882  0.118348  0.083807 -0.015406
 -0.240113  0.032955  0.072044  0.058089 -0.065138 -0.040384  0.002087  0.046588
 -0.296178  0.167665 -0.178081  0.035185  0.059180  0.053359 -0.186099  0.072624
  0.077271 -0.126550  0.036592  0.039767 -0.009324 -0.006197 -0.004490  0.334273
  0.077853 -0.195590  0.037600  0.050284  0.039453  0.019026 -0.003816 -0.004444
 -0.041693 -0.002817 -0.002060  0.259462 -0.040203 -0.233538  0.048975  0.049168
  0.043905 -0.235076  0.050348  0.049472  0.044269 -0.633304  0.407187 -0.709582
  0.415814  0.118915  0.022233  0.024368 -0.039046  0.063390  0.013801  0.049942
  0.042510  0.006642 -0.062358 -0.003795  0.021427  0.085001 -0.121867  0.065842
  0.013643 -0.045345  0.043600  0.003520 -0.070427  0.029414  0.021146  0.104882
  0.118348  0.083807 -0.015406 -0.240113  0.032955  0.072044  0.058089 -0.065138
 -0.040384  0.002087  0.046588 -0.296178  0.167665 -0.178081  0.035185  0.059180
  0.053359 -0.186099  0.072624  0.077271 -0.126550  0.036592  0.039767 -0.009324
 -0.006197 -0.004490  0.334273  0.077853 -0.195590  0.037600  0.050284  0.039453
  0.019026 -0.003816 -0.004444 -0.041693 -0.002817 -0.002060  0.259462 -0.040203
 -0.233538  0.048975  0.049168  0.043905 -0.235076  0.050348  0.049472  0.044269
 -0.633304  0.407187 -0.709582  0.415814  0.118915  0.022233  0.024368 -0.039046
  0.063390  0.013801  0.049942  0.042510  0.006642 -0.062358 -0.003795  0.021427
  0.085001 -0.121867  0.065842  0.013643 -0.045345  0.043600  0.003520 -0.070427
  0.029414  0.021146  0.104882  0.118348  0.083807 -0.015406 -0.240113  0.032955
  0.072044  0.058089 -0.065138 -0.040384  0.002087  0.046588 -0.296178  0.167665
 -0.178081  0.035185  0.059180  0.053359 -0.186099  0.072624  0.077271 -0.126550
  0.036592  0.039767 -0.009324 -0.006197 -0.004490  0.334273  0.077853 -0.195590
  0.037600  0.050284  0.039453  0.019026 -0.003816 -0.004444 -0.041693 -0.002817
 -0.002060  0.259462 -0.040203 -0.233538  0.048975  0.049168  0.043905 -0.235076
  0.050348  0.049472  0.044269 -0.633304  0.407187 -0.709582  0.415814  0.118915
  0.022233  0.024368 -0.039046  0.063390  0.013801  0.049942  0.042510  0.006642
 -0.062358 -0.003795  0.021427  0.085001 -0.121867  0.065842  0.013643 -0.045345
  0.043600  0.003520 -0.070427  0.029414  0.021146  0.104882  0.118348  0.083807
 -0.015406 -0.240113  0.032955  0.072044  0.058089 -0.065138 -0.040384  0.002087
  0.046588 -0.296178  0.167665 -0.178081  0.035185  0.059180  0.053359 -0.186099
  0.072624  0.077271 -0.126550  0.036592  0.039767 -0.009324 -0.006197 -0.004490
  0.334273  0.077853 -0.195590  0.037600  0.050284  0.039453  0.019026 -0.003816
 -0.004444 -0.041693 -0.002817 -0.002060  0.259462 -0.040203 -0.233538  0.048975
  0.049168  0.043905 -0.235076  0.050348  0.049472  0.044269 -0.633304  0.407187
 -0.709582  0.415814  0.118915  0.022233  0.024368 -0.039046  0.063390  0.013801
  0.049942  0.042510  0.006642 -0.062358 -0.003795  0.021427  0.085001 -0.121867
  0.065842  0.013643 -0.045345  0.043600  0.003520 -0.070427  0.029414  0.021146
  0.104882  0.118348  0.083807 -0.015406 -0.240113  0.032955  0.072044  0.058089
 -0.065138 -0.040384  0.002087  0.046588 -0.296178  0.167665 -0.178081  0.035185
  0.059180  0.053359 -0.186099  0.072624  0.077271 -0.126550  0.036592  0.039767
 -0.009324 -0.006197 -0.004490  0.334273  0.077853 -0.195590  0.037600  0.050284
  0.039453  0.019026 -0.003816 -0.004444 -0.041693 -0.002817 -0.002060  0.259462
 -0.040203 -0.233538  0.048975  0.049168  0.043905 -0.235076  0.050348  0.049472
  0.044269 -0.633304  0.407187 -0.709582  0.415814  0.118915  0.022233  0.024368
 -0.039046  0.063390  0.013801  0.049942  0.042510  0.006642 -0.062358 -0.003795
  0.021427  0.085001 -0.121867  0.065842  0.013643 -0.045345  0.043600  0.003520
 -0.070427  0.029414  0.021146  0.104882  0.118348  0.083807 -0.015406 -0.240113
  0.032955  0.072044  0.058089 -0.065138 -0.040384  0.002087  0.046588 -0.296178
  0.167665 -0.178081  0.035185  0.059180  0.053359 -0.186099  0.072624  0.077271
 -0.126550  0.036592  0.039767 -0.009324 -0.006197 -0.004490  0.334273  0.077853
 -0.195590  0.037600  0.050284  0.039453  0.019026 -0.003816 -0.004444 -0.041693
 -0.002817 -0.002060  0.259462 -0.040203 -0.233538  0.048975  0.049168  0.043905
 -0.235076  0.050348  0.049472  0.044269 -0.633304  0.407187 -0.709582  0.415814
  0.118915  0.022233  0.024368 -0.039046  0.063390  0.013801  0.049942  0.042510
  0.006642 -0.062358 -0.003795  0.021427  0.085001 -0.121867  0.065842  0.013643
 -0.045345  0.043600  0.003520 -0.070427  0.029414  0.021146  0.104882  0.118348
  0.083807 -0.015406 -0.240113  0.032955  0.072044  0.058089 -0.065138 -0.040384
  0.002087  0.046588 -0.296178  0.167665 -0.178081  0.035185  0.059180  0.053359
 -0.186099  0.072624  0.077271 -0.126550  0.036592  0.039767 -0.009324 -0.006197
 -0.004490  0.334273  0.077853 -0.195590  0.037600  0.050284  0.039453  0.019026
 -0.003816 -0.004444 -0.041693 -0.002817 -0.002060  0.259462 -0.040203 -0.233538
  0.048975  0.049168  0.043905 -0.235076  0.050348  0.049472  0.044269 -0.633304
  0.407187 -0.709582  0.415814  0.118915  0.022233  0.024368 -0.039046  0.063390
  0.013801  0.049942  0.042510  0.006642 -0.062358 -0.003795  0.021427  0.085001
 -0.121867  0.065842  0.013643 -0.045345  0.043600  0.003520 -0.070427  0.029414
  0.021146  0.104882  0.118348  0.083807 -0.015406 -0.240113  0.032955  0.072044
  0.058089 -0.065138 -0.040384  0.002087  0.046588 -0.296178  0.167665 -0.178081
  0.035185  0.059180  0.053359 -0.186099  0.072624  0.077271 -0.126550  0.036592
  0.039767 -0.009324 -0.006197 -0.004490  0.334273  0.077853 -0.195590  0.037600
  0.050284  0.039453  0.019026 -0.003816 -0.004444 -0.041693 -0.002817 -0.002060
  0.259462 -0.040203 -0.233538  0.048975  0.049168  0.043905 -0.235076  0.050348
  0.049472  0.044269 -0.633304  0.407187 -0.709582  0.415814  0.118915  0.022233
  0.024368 -0.039046  0.063390  0.013801  0.049942  0.042510  0.006642 -0.062358
 -0.003795  0.021427  0.085001 -0.121867  0.065842  0.013643 -0.045345  0.043600
  0.003520 -0.070427  0.029414  0.021146  0.104882  0.118348  0.083807 -0.015406
 -0.240113  0.032955  0.072044  0.058089 -0.065138 -0.040384  0.002087  0.046588
 -0.296178  0.167665 -0.178081  0.035185  0.059180  0.053359 -0.186099  0.072624
  0.077271 -0.126550  0.036592  0.039767 -0.009324 -0.006197 -0.004490  0.334273
  0.077853 -0.195590  0.037600  0.050284  0.039453  0.019026 -0.003816 -0.004444
 -0.041693 -0.002817 -0.002060  0.259462 -0.040203 -0.233538  0.048975  0.049168
  0.043905 -0.235076  0.050348  0.049472  0.044269 -0.633304  0.407187 -0.709582
  0.415814  0.118915  0.022233  0.024368 -0.039046  0.063390  0.013801  0.049942
  0.042510  0.006642 -0.062358 -0.003795  0.021427  0.085001 -0.121867  0.065842
  0.013643 -0.045345  0.043600  0.003520 -0.070427  0.029414  0.021146  0.104882
  0.118348  0.083807 -0.015406 -0.240113  0.032955  0.072044  0.058089 -0.065138
 -0.040384  0.002087  0.046588 -0.296178  0.167665 -0.178081  0.035185  0.059180
  0.053359 -0.186099  0.072624  0.077271 -0.126550  0.036592  0.039767 -0.009324
 -0.006197 -0.004490  0.334273  0.077853 -0.195590  0.037600  0.050284  0.039453
  0.019026 -0.003816 -0.004444 -0.041693 -0.002817 -0.002060  0.259462 -0.040203
 -0.233538  0.048975  0.049168  0.043905 -0.235076  0.050348  0.049472  0.044269
 -0.633304  0.407187 -0.709582  0.415814  0.118915  0.022233  0.024368 -0.039046
  0.063390  0.013801  0.049942  0.042510  0.006642 -0.062358 -0.003795  0.021427
  0.085001 -0.121867  0.065842  0.013643 -0.045345  0.043600  0.003520 -0.070427
  0.029414  0.021146  0.104882  0.118348  0.083807 -0.015406 -0.240113  0.032955
  0.072044  0.058089 -0.065138 -0.040384  0.002087  0.046588 -0.296178  0.167665
 -0.178081  0.035185  0.059180  0.053359 -0.186099  0.072624  0.077271 -0.126550
  0.036592  0.039767 -0.009324 -0.006197 -0.004490  0.334273  0.077853 -0.195590
  0.037600  0.050284  0.039453  0.019026 -0.003816 -0.004444 -0.041693 -0.002817
 -0.002060  0.259462 -0.040203 -0.233538  0.048975  0.049168  0.043905 -0.235076
  0.050348  0.049472  0.044269 -0.633304  0.407187 -0.709582  0.415814  0.118915
  0.022233  0.024368 -0.039046  0.063390  0.013801  0.049942  0.042510  0.006642
 -0.062358 -0.003795  0.021427  0.085001 -0.121867  0.065842  0.013643 -0.045345
  0.043600  0.003520 -0.070427  0.029414  0.021146  0.104882  0.118348  0.083807
 -0.015406 -0.240113  0.032955  0.072044  0.058089 -0.065138 -0.040384  0.002087
  0.046588 -0.296178  0.167665 -0.178081  0.035185  0.059180  0.053359 -0.186099
  0.072624  0.077271 -0.126550  0.036592  0.039767 -0.009324 -0.006197 -0.004490
  0.334273  0.077853 -0.195590  0.037600  0.050284  0.039453  0.019026 -0.003816
 -0.004444 -0.041693 -0.002817 -0.002060  0.259462 -0.040203 -0.233538  0.048975
  0.049168  0.043905 -0.235076  0.050348  0.049472  0.044269 -0.633304  0.407187
 -0.709582  0.415814  0.118915  0.022233  0.024368 -0.039046  0.063390  0.013801
  0.049942  0.042510  0.006642 -0.062358 -0.003795  0.021427  0.085001 -0.121867
  0.065842  0.013643 -0.045345  0.043600  0.003520 -0.070427  0.029414  0.021146
  0.104882  0.118348  0.083807 -0.015406 -0.240113  0.032955  0.072044  0.058089
 -0.065138 -0.040384  0.002087  0.046588 -0.296178  0.167665 -0.178081  0.035185
  0.059180  0.053359 -0.186099  0.072624  0.077271 -0.126550  0.036592  0.039767
 -0.009324 -0.006197 -0.004490  0.334273  0.077853 -0.195590  0.037600  0.050284
  0.039453  0.019026 -0.003816 -0.004444 -0.041693 -0.002817 -0.002060  0.259462
 -0.040203 -0.233538  0.048975  0.049168  0.043905 -0.235076  0.050348  0.049472
  0.044269 -0.633304  0.407187 -0.709582  0.415814  0.118915  0.022233  0.024368
 -0.039046  0.063390  0.013801  0.049942  0.042510  0.006642 -0.062358 -0.003795
  0.021427  0.085001 -0.121867  0.065842  0.013643 -0.045345  0.043600  0.003520
 -0.070427  0.029414  0.021146  0.104882  0.118348  0.083807 -0.015406 -0.240113
  0.032955  0.072044  0.058089 -0.065138 -0.040384  0.002087  0.046588 -0.296178
  0.167665 -0.178081  0.035185  0.059180  0.053359 -0.186099  0.072624  0.077271
 -0.126550  0.036592  0.039767 -0.009324 -0.006197 -0.004490  0.334273  0.077853
 -0.195590  0.037600  0.050284  0.039453  0.019026 -0.003816 -0.004444 -0.041693
 -0.002817 -0.002060  0.259462 -0.040203 -0.233538  0.048975  0.049168  0.043905
 -0.235076  0.050348  0.049472  0.044269 -0.633304  0.407187 -0.709582  0.415814
  0.118915  0.022233  0.024368 -0.039046  0.063390  0.013801  0.049942  0.042510
  0.006642 -0.062358 -0.003795  0.021427  0.085001 -0.121867  0.065842  0.013643
 -0.045345  0.043600  0.003520 -0.070427  0.029414  0.021146  0.104882  0.118348
  0.083807 -0.015406 -0.240113  0.032955  0.072044  0.058089 -0.065138 -0.040384
  0.002087  0.046588 -0.296178  0.167665 -0.178081  0.035185  0.059180  0.053359
 -0.186099  0.072624  0.077271 -0.126550  0.036592  0.039767 -0.009324 -0.006197
 -0.004490  0.334273  0.077853 -0.195590  0.037600  0.050284  0.039453  0.019026
 -0.003816 -0.004444 -0.041693 -0.002817 -0.002060  0.259462 -0.040203 -0.233538
  0.048975  0.049168  0.043905 -0.235076  0.050348  0.049472  0.044269 -0.633304
  0.407187 -0.709582  0.415814  0.118915  0.022233  0.024368 -0.039046  0.063390
  0.013801  0.049942  0.042510  0.006642 -0.062358 -0.003795  0.021427  0.085001
 -0.121867  0.065842  0.013643 -0.045345  0.043600  0.003520 -0.070427  0.029414
  0.021146  0.104882  0.118348  0.083807 -0.015406 -0.240113  0.032955  0.072044
  0.058089 -0.065138 -0.040384  0.002087  0.046588 -0.296178  0.167665 -0.178081
  0.035185  0.059180  0.053359 -0.186099  0.072624  0.077271 -0.126550  0.036592
  0.039767 -0.009324 -0.006197 -0.004490  0.334273  0.077853 -0.195590  0.037600
  0.050284  0.039453  0.019026 -0.003816 -0.004444 -0.041693 -0.002817 -0.002060
  0.259462 -0.040203 -0.233538  0.048975  0.049168  0.043905 -0.235076  0.050348
  0.049472  0.044269 -0.633304  0.407187 -0.709582  0.415814  0.118915  0.022233
  0.024368 -0.039046  0.063390  0.013801  0.049942  0.042510  0.006642 -0.062358
 -0.003795  0.021427  0.085001 -0.121867  0.065842  0.013643 -0.045345  0.043600
  0.003520 -0.070427  0.029414  0.021146  0.104882  0.118348  0.083807 -0.015406
 -0.240113  0.032955  0.072044  0.058089 -0.065138 -0.040384  0.002087  0.046588
 -0.296178  0.167665 -0.178081  0.035185  0.059180  0.053359 -0.186099  0.072624
  0.077271 -0.126550  0.036592  0.039767 -0.009324 -0.006197 -0.004490  0.334273
  0.077853 -0.195590  0.037600  0.050284  0.039453  0.019026 -0.003816 -0.004444
 -0.041693 -0.002817 -0.002060  0.259462 -0.040203 -0.233538  0.048975  0.049168
  0.043905 -0.235076  0.050348  0.049472  0.044269 -0.633304  0.407187 -0.709582
  0.415814  0.118915  0.022233  0.024368 -0.039046  0.063390  0.013801  0.049942
  0.042510  0.006642 -0.062358 -0.003795  0.021427  0.085001 -0.121867  0.065842
  0.013643 -0.045345  0.043600  0.003520 -0.070427  0.029414  0.021146  0.104882
  0.118348  0.083807 -0.015406 -0.240113  0.032955  0.072044  0.058089 -0.065138
 -0.040384  0.002087  0.046588 -0.296178  0.167665 -0.178081  0.035185  0.059180
  0.053359 -0.186099  0.072624  0.077271 -0.126550  0.036592  0.039767 -0.009324
 -0.006197 -0.004490  0.334273  0.077853 -0.195590  0.037600  0.050284  0.039453
  0.019026 -0.003816 -0.004444 -0.041693 -0.002817 -0.002060  0.259462 -0.040203
 -0.233538  0.048975  0.049168  0.043905 -0.235076  0.050348  0.049472  0.044269
 -0.633304  0.407187 -0.709582  0.415814  0.118915  0.022233  0.024368 -0.039046
  0.063390  0.013801  0.049942  0.042510  0.006642 -0.062358 -0.003795  0.021427
  0.085001 -0.121867  0.065842  0.013643 -0.045345  0.043600  0.003520 -0.070427
  0.029414  0.021146  0.104882  0.118348  0.083807 -0.015406 -0.240113  0.032955
  0.072044  0.058089 -0.065138 -0.040384  0.002087  0.046588 -0.296178  0.167665
 -0.178081  0.035185  0.059180  0.053359 -0.186099  0.072624  0.077271 -0.126550
  0.036592  0.039767 -0.009324 -0.006197 -0.004490  0.334273  0.077853 -0.195590
  0.037600  0.050284  0.039453  0.019026 -0.003816 -0.004444 -0.041693 -0.002817
 -0.002060  0.259462 -0.040203 -0.233538  0.048975  0.049168  0.043905 -0.235076
  0.050348  0.049472  0.044269 -0.633304  0.407187 -0.709582  0.415814  0.118915
  0.022233  0.024368 -0.039046  0.063390  0.013801  0.049942  0.042510  0.006642
 -0.062358 -0.003795  0.021427  0.085001 -0.121867  0.065842  0.013643 -0.045345
  0.043600  0.003520 -0.070427  0.029414  0.021146  0.104882  0.118348  0.083807
 -0.015406 -0.240113  0.032955  0.072044  0.058089 -0.065138 -0.040384  0.002087
  0.046588 -0.296178  0.167665 -0.178081  0.035185  0.059180  0.053359 -0.186099
  0.072624  0.077271 -0.126550  0.036592  0.039767 -0.009324 -0.006197 -0.004490
  0.334273  0.077853 -0.195590  0.037600  0.050284  0.039453  0.019026 -0.003816
 -0.004444 -0.041693 -0.002817 -0.002060  0.259462 -0.040203 -0.233538  0.048975
  0.049168  0.043905 -0.235076  0.050348  0.049472  0.044269 -0.633304  0.407187
 -0.709582  0.415814  0.118915  0.022233  0.024368 -0.039046  0.063390  0.013801
  0.049942  0.042510  0.006642 -0.062358 -0.003795  0.021427  0.085001 -0.121867
  0.065842  0.013643 -0.045345  0.043600  0.003520 -0.070427  0.029414  0.021146
  0.104882  0.118348  0.083807 -0.015406 -0.240113  0.032955  0.072044  0.058089
 -0.065138 -0.040384  0.002087  0.046588 -0.296178  0.167665 -0.178081  0.035185
  0.059180  0.053359 -0.186099  0.072624  0.077271 -0.126550  0.036592  0.039767
 -0.009324 -0.006197 -0.004490  0.334273  0.077853 -0.195590  0.037600  0.050284
  0.039453  0.019026 -0.003816 -0.004444 -0.041693 -0.002817 -0.002060  0.259462
 -0.040203 -0.233538  0.048975  0.049168  0.043905 -0.235076  0.050348  0.049472
  0.044269 -0.633304  0.407187 -0.709582  0.415814  0.118915  0.022233  0.024368
 -0.039046  0.063390  0.013801  0.049942  0.042510  0.006642 -0.062358 -0.003795
  0.021427  0.085001 -0.121867  0.065842  0.013643 -0.045345  0.043600  0.003520
 -0.070427  0.029414  0.021146  0.104882  0.118348  0.083807 -0.015406 -0.240113
  0.032955  0.072044  0.058089 -0.065138 -0.040384  0.002087  0.046588 -0.296178
  0.167665 -0.178081  0.035185  0.059180  0.053359 -0.186099  0.072624  0.077271
 -0.126550  0.036592  0.039767 -0.009324 -0.006197 -0.004490  0.334273  0.077853
 -0.195590  0.037600  0.050284  0.039453  0.019026 -0.003816 -0.004444 -0.041693
 -0.002817 -0.002060  0.259462 -0.040203 -0.233538  0.048975  0.049168  0.043905
 -0.235076  0.050348  0.049472  0.044269 -0.633304  0.407187 -0.709582  0.415814
  0.118915  0.022233  0.024368 -0.039046  0.063390  0.013801  0.049942  0.042510
  0.006642 -0.062358 -0.003795  0.021427  0.085001 -0.121867  0.065842  0.013643
 -0.045345  0.043600  0.003520 -0.070427  0.029414  0.021146  0.104882  0.118348
  0.083807 -0.015406 -0.240113  0.032955  0.072044  0.058089 -0.065138 -0.040384
  0.002087  0.046588 -0.296178  0.167665 -0.178081  0.035185  0.059180  0.053359
 -0.186099  0.072624  0.077271 -0.126550  0.036592  0.039767 -0.009324 -0.006197
 -0.004490  0.334273  0.077853 -0.195590  0.037600  0.050284  0.039453  0.019026
 -0.003816 -0.004444 -0.041693 -0.002817 -0.002060  0.259462 -0.040203 -0.233538
  0.048975  0.049168  0.043905 -0.235076  0.050348  0.049472  0.044269 -0.633304
  0.407187 -0.709582  0.415814  0.118915  0.022233  0.024368 -0.039046  0.063390
  0.013801  0.049942  0.042510  0.006642 -0.062358 -0.003795  0.021427  0.085001
 -0.121867  0.065842  0.013643 -0.045345  0.043600  0.003520 -0.070427  0.029414
  0.021146  0.104882  0.118348  0.083807 -0.015406 -0.240113  0.032955  0.072044
  0.058089 -0.065138 -0.040384  0.002087  0.046588 -0.296178  0.167665 -0.178081
  0.035185  0.059180  0.053359 -0.186099  0.072624  0.077271 -0.126550  0.036592
  0.039767 -0.009324 -0.006197 -0.004490  0.334273  0.077853 -0.195590  0.037600
  0.050284  0.039453  0.019026 -0.003816 -0.004444 -0.041693 -0.002817 -0.002060
  0.259462 -0.040203 -0.233538  0.048975  0.049168  0.043905 -0.235076  0.050348
  0.049472  0.044269 -0.633304  0.407187 -0.709582  0.415814  0.118915  0.022233
  0.024368 -0.039046  0.063390  0.013801  0.049942  0.042510  0.006642 -0.062358
 -0.003795  0.021427  0.085001 -0.121867  0.065842  0.013643 -0.045345  0.043600
  0.003520 -0.070427  0.029414  0.021146  0.104882  0.118348  0.083807 -0.015406
 -0.240113  0.032955  0.072044  0.058089 -0.065138 -0.040384  0.002087  0.046588
 -0.296178  0.167665 -0.178081  0.035185  0.059180  0.053359 -0.186099  0.072624
  0.077271 -0.126550  0.036592  0.039767 -0.009324 -0.006197 -0.004490  0.334273
  0.077853 -0.195590  0.037600  0.050284  0.039453  0.019026 -0.003816 -0.004444
 -0.041693 -0.002817 -0.002060  0.259462 -0.040203 -0.233538  0.048975  0.049168
  0.043905 -0.235076  0.050348  0.049472  0.044269 -0.633304  0.407187 -0.709582
  0.415814  0.118915  0.022233  0.024368 -0.039046  0.063390  0.013801  0.049942
  0.042510  0.006642 -0.062358 -0.003795  0.021427  0.085001 -0.121867  0.065842
  0.013643 -0.045345  0.043600  0.003520 -0.070427  0.029414  0.021146  0.104882
  0.118348  0.083807 -0.015406 -0.240113  0.032955  0.072044  0.058089 -0.065138
 -0.040384  0.002087  0.046588 -0.296178  0.167665 -0.178081  0.035185  0.059180
  0.053359 -0.186099  0.072624  0.077271 -0.126550  0.036592  0.039767 -0.009324
 -0.006197 -0.004490  0.334273  0.077853 -0.195590  0.037600  0.050284  0.039453
  0.019026 -0.003816 -0.004444 -0.041693 -0.002817 -0.002060  0.259462 -0.040203
 -0.233538  0.048975  0.049168  0.043905 -0.235076  0.050348  0.049472  0.044269
 -0.633304  0.407187 -0.709582  0.415814  0.118915  0.022233  0.024368 -0.039046
  0.063390  0.013801  0.049942  0.042510  0.006642 -0.062358 -0.003795  0.021427
  0.085001 -0.121867  0.065842  0.013643 -0.045345  0.043600  0.003520 -0.070427
  0.029414  0.021146  0.104882  0.118348  0.083807 -0.015406 -0.240113  0.032955
  0.072044  0.058089 -0.065138 -0.040384  0.002087  0.046588 -0.296178  0.167665
 -0.178081  0.035185  0.059180  0.053359 -0.186099  0.072624  0.077271 -0.126550
  0.036592  0.039767 -0.009324 -0.006197 -0.004490  0.334273  0.077853 -0.195590
  0.037600  0.050284  0.039453  0.019026 -0.003816 -0.004444 -0.041693 -0.002817
 -0.002060  0.259462 -0.040203 -0.233538  0.048975  0.049168  0.043905 -0.235076
  0.050348  0.049472  0.044269 -0.633304  0.407187 -0.709582  0.415814  0.118915
  0.022233  0.024368 -0.039046  0.063390  0.013801  0.049942  0.042510  0.006642
 -0.062358 -0.003795  0.021427  0.085001 -0.121867  0.065842  0.013643 -0.045345
  0.043600  0.003520 -0.070427  0.029414  0.021146  0.104882  0.118348  0.083807
 -0.015406 -0.240113  0.032955  0.072044  0.058089 -0.065138 -0.040384  0.002087
  0.046588 -0.296178  0.167665 -0.178081  0.035185  0.059180  0.053359 -0.186099
  0.072624  0.077271 -0.126550  0.036592  0.039767 -0.009324 -0.006197 -0.004490
  0.334273  0.077853 -0.195590  0.037600  0.050284  0.039453  0.019026 -0.003816
 -0.004444 -0.041693 -0.002817 -0.002060  0.259462 -0.040203 -0.233538  0.048975
  0.049168  0.043905 -0.235076  0.050348  0.049472  0.044269 -0.633304  0.407187
 -0.709582  0.415814  0.118915  0.022233  0.024368 -0.039046  0.063390  0.013801
  0.049942  0.042510  0.006642 -0.062358 -0.003795  0.021427  0.085001 -0.121867
  0.065842  0.013643 -0.045345  0.043600  0.003520 -0.070427  0.029414  0.021146
  0.104882  0.118348  0.083807 -0.015406 -0.240113  0.032955  0.072044  0.058089
 -0.065138 -0.040384  0.002087  0.046588 -0.296178  0.167665 -0.178081  0.035185
  0.059180  0.053359 -0.186099  0.072624  0.077271 -0.126550  0.036592  0.039767
 -0.009324 -0.006197 -0.004490  0.334273  0.077853 -0.195590  0.037600  0.050284
  0.039453  0.019026 -0.003816 -0.004444 -0.041693 -0.002817 -0.002060  0.259462
 -0.040203 -0.233538  0.048975  0.049168  0.043905 -0.235076  0.050348  0.049472
  0.044269 -0.633304  0.407187 -0.709582  0.415814  0.118915  0.022233  0.024368
 -0.039046  0.063390  0.013801  0.049942  0.042510  0.006642 -0.062358 -0.003795
  0.021427  0.085001 -0.121867  0.065842  0.013643 -0.045345  0.043600  0.003520
 -0.070427  0.029414  0.021146  0.104882  0.118348  0.083807 -0.015406 -0.240113
  0.032955  0.072044  0.058089 -0.065138 -0.040384  0.002087  0.046588 -0.296178
  0.167665 -0.178081  0.035185  0.059180  0.053359 -0.186099  0.072624  0.077271
 -0.126550  0.036592  0.039767 -0.009324 -0.006197 -0.004490  0.334273  0.077853
 -0.195590  0.037600  0.050284  0.039453  0.019026 -0.003816 -0.004444 -0.041693
 -0.002817 -0.002060  0.259462 -0.040203 -0.233538  0.048975  0.049168  0.043905
 -0.235076  0.050348  0.049472  0.044269 -0.633304  0.407187 -0.709582  0.415814
  0.118915  0.022233  0.024368 -0.039046  0.063390  0.013801  0.049942  0.042510
  0.006642 -0.062358 -0.003795  0.021427  0.085001 -0.121867  0.065842  0.013643
 -0.045345  0.043600  0.003520 -0.070427  0.029414  0.021146  0.104882  0.118348
  0.083807 -0.015406 -0.240113  0.032955  0.072044  0.058089 -0.065138 -0.040384
  0.002087  0.046588 -0.296178  0.167665 -0.178081  0.035185  0.059180  0.053359
 -0.186099  0.072624  0.077271 -0.126550  0.036592  0.039767 -0.009324 -0.006197
 -0.004490  0.334273  0.077853 -0.195590  0.037600  0.050284  0.039453  0.019026
 -0.003816 -0.004444 -0.041693 -0.002817 -0.002060  0.259462 -0.040203 -0.233538
  0.048975  0.049168  0.043905 -0.235076  0.050348  0.049472  0.044269 -0.633304
  0.407187 -0.709582  0.415814  0.118915  0.022233  0.024368 -0.039046  0.063390
  0.013801  0.049942  0.042510  0.006642 -0.062358 -0.003795  0.021427  0.085001
 -0.121867  0.065842  0.013643 -0.045345  0.043600  0.003520 -0.070427  0.029414
  0.021146  0.104882  0.118348  0.083807 -0.015406 -0.240113  0.032955  0.072044
  0.058089 -0.065138 -0.040384  0.002087  0.046588 -0.296178  0.167665 -0.178081
  0.035185  0.059180  0.053359 -0.186099  0.072624  0.077271 -0.126550  0.036592
  0.039767 -0.009324 -0.006197 -0.004490  0.334273  0.077853 -0.195590  0.037600
  0.050284  0.039453  0.019026 -0.003816 -0.004444 -0.041693 -0.002817 -0.002060
  0.259462 -0.040203 -0.233538  0.048975  0.049168  0.043905 -0.235076  0.050348
  0.049472  0.044269 -0.633304  0.407187 -0.709582  0.415814  0.118915  0.022233
  0.024368 -0.039046  0.063390  0.013801  0.049942  0.042510  0.006642 -0.062358
 -0.003795  0.021427  0.085001 -0.121867  0.065842  0.013643 -0.045345  0.043600
  0.003520 -0.070427  0.029414  0.021146  0.104882  0.118348  0.083807 -0.015406
 -0.240113  0.032955  0.072044  0.058089 -0.065138 -0.040384  0.002087  0.046588
 -0.296178  0.167665 -0.178081  0.035185  0.059180  0.053359 -0.186099  0.072624
  0.077271 -0.126550  0.036592  0.039767 -0.009324 -0.006197 -0.004490  0.334273
  0.077853 -0.195590  0.037600  0.050284  0.039453  0.019026 -0.003816 -0.004444
 -0.041693 -0.002817 -0.002060  0.259462 -0.040203 -0.233538  0.048975  0.049168
  0.043905 -0.235076  0.050348  0.049472  0.044269 -0.633304  0.407187 -0.709582
  0.415814  0.118915  0.022233  0.024368 -0.039046  0.063390  0.013801  0.049942
  0.042510  0.006642 -0.062358 -0.003795  0.021427  0.085001 -0.121867  0.065842
  0.013643 -0.045345  0.043600  0.003520 -0.070427  0.029414  0.021146  0.104882
  0.118348  0.083807 -0.015406 -0.240113  0.032955  0.072044  0.058089 -0.065138
 -0.040384  0.002087  0.046588 -0.296178  0.167665 -0.178081  0.035185  0.059180
  0.053359 -0.186099  0.072624  0.077271 -0.126550  0.036592  0.039767 -0.009324
 -0.006197 -0.004490  0.334273  0.077853 -0.195590  0.037600  0.050284  0.039453
  0.019026 -0.003816 -0.004444 -0.041693 -0.002817 -0.002060  0.259462 -0.040203
 -0.233538  0.048975  0.049168  0.043905 -0.235076  0.050348  0.049472  0.044269
 -0.633304  0.407187 -0.709582  0.415814  0.118915  0.022233  0.024368 -0.039046
  0.063390  0.013801  0.049942  0.042510  0.006642 -0.062358 -0.003795  0.021427
  0.085001 -0.121867  0.065842  0.013643 -0.045345  0.043600  0.003520 -0.070427
  0.029414  0.021146  0.104882  0.118348  0.083807 -0.015406 -0.240113  0.032955
  0.072044  0.058089 -0.065138 -0.040384  0.002087  0.046588 -0.296178  0.167665
 -0.178081  0.035185  0.059180  0.053359 -0.186099  0.072624  0.077271 -0.126550
  0.036592  0.039767 -0.009324 -0.006197 -0.004490  0.334273  0.077853 -0.195590
  0.037600  0.050284  0.039453  0.019026 -0.003816 -0.004444 -0.041693 -0.002817
 -0.002060  0.259462 -0.040203 -0.233538  0.048975  0.049168  0.043905 -0.235076
  0.050348  0.049472  0.044269 -0.633304  0.407187 -0.709582  0.415814  0.118915
  0.022233  0.024368 -0.039046  0.063390  0.013801  0.049942  0.042510  0.006642
 -0.062358 -0.003795  0.021427  0.085001 -0.121867  0.065842  0.013643 -0.045345
  0.043600  0.003520 -0.070427  0.029414  0.021146  0.104882  0.118348  0.083807
 -0.015406 -0.240113  0.032955  0.072044  0.058089 -0.065138 -0.040384  0.002087
  0.046588 -0.296178  0.167665 -0.178081  0.035185  0.059180  0.053359 -0.186099
  0.072624  0.077271 -0.126550  0.036592  0.039767 -0.009324 -0.006197 -0.004490
  0.334273  0.077853 -0.195590  0.037600  0.050284  0.039453  0.019026 -0.003816
 -0.004444 -0.041693 -0.002817 -0.002060  0.259462 -0.040203 -0.233538  0.048975
  0.049168  0.043905 -0.235076  0.050348  0.049472  0.044269 -0.633304  0.407187
 -0.709582  0.415814  0.118915  0.022233  0.024368 -0.039046  0.063390  0.013801
  0.049942  0.042510  0.006642 -0.062358 -0.003795  0.021427  0.085001 -0.121867
  0.065842  0.013643 -0.045345  0.043600  0.003520 -0.070427  0.029414  0.021146
  0.104882  0.118348  0.083807 -0.015406 -0.240113  0.032955  0.072044  0.058089
 -0.065138 -0.040384  0.002087  0.046588 -0.296178  0.167665 -0.178081  0.035185
  0.059180  0.053359 -0.186099  0.072624  0.077271 -0.126550  0.036592  0.039767
 -0.009324 -0.006197 -0.004490  0.334273  0.077853 -0.195590  0.037600  0.050284
  0.039453  0.019026 -0.003816 -0.004444 -0.041693 -0.002817 -0.002060  0.259462
 -0.040203 -0.233538  0.048975  0.049168  0.043905 -0.235076  0.050348  0.049472
  0.044269 -0.633304  0.407187 -0.709582  0.415814  0.118915  0.022233  0.024368
 -0.039046  0.063390  0.013801  0.049942  0.042510  0.006642 -0.062358 -0.003795
  0.021427  0.085001 -0.121867  0.065842  0.013643 -0.045345  0.043600  0.003520
 -0.070427  0.029414  0.021146  0.104882  0.118348  0.083807 -0.015406 -0.240113
  0.032955  0.072044  0.058089 -0.065138 -0.040384  0.002087  0.046588 -0.296178
  0.167665 -0.178081  0.035185  0.059180  0.053359 -0.186099  0.072624  0.077271
 -0.126550  0.036592  0.039767 -0.009324 -0.006197 -0.004490  0.334273  0.077853
 -0.195590  0.037600  0.050284  0.039453  0.019026 -0.003816 -0.004444 -0.041693
 -0.002817 -0.002060  0.259462 -0.040203 -0.233538  0.048975  0.049168  0.043905
 -0.235076  0.050348  0.049472  0.044269 -0.633304  0.407187 -0.709582  0.415814
  0.118915  0.022233  0.024368 -0.039046  0.063390  0.013801  0.049942  0.042510
  0.006642 -0.062358 -0.003795  0.021427  0.085001 -0.121867  0.065842  0.013643
 -0.045345  0.043600  0.003520 -0.070427  0.029414  0.021146  0.104882  0.118348
  0.083807 -0.015406 -0.240113  0.032955  0.072044  0.058089 -0.065138 -0.040384
  0.002087  0.046588 -0.296178  0.167665 -0.178081  0.035185  0.059180  0.053359
 -0.186099  0.072624  0.077271 -0.126550  0.036592  0.039767 -0.009324 -0.006197
 -0.004490  0.334273  0.077853 -0.195590  0.037600  0.050284  0.039453  0.019026
 -0.003816 -0.004444 -0.041693 -0.002817 -0.002060  0.259462 -0.040203 -0.233538
  0.048975  0.049168  0.043905 -0.235076  0.050348  0.049472  0.044269 -0.633304
  0.407187 -0.709582  0.415814  0.118915  0.022233  0.024368 -0.039046  0.063390
  0.013801  0.049942  0.042510  0.006642 -0.062358 -0.003795  0.021427  0.085001
 -0.121867  0.065842  0.013643 -0.045345  0.043600  0.003520 -0.070427  0.029414
  0.021146  0.104882  0.118348  0.083807 -0.015406 -0.240113  0.032955  0.072044
  0.058089 -0.065138 -0.040384  0.002087  0.046588 -0.296178  0.167665 -0.178081
  0.035185  0.059180  0.053359 -0.186099  0.072624  0.077271 -0.126550  0.036592
  0.039767 -0.009324 -0.006197 -0.004490  0.334273  0.077853 -0.195590  0.037600
  0.050284  0.039453  0.019026 -0.003816 -0.004444 -0.041693 -0.002817 -0.002060
  0.259462 -0.040203 -0.233538  0.048975  0.049168  0.043905 -0.235076  0.050348
  0.049472  0.044269 -0.633304  0.407187 -0.709582  0.415814  0.118915  0.022233
  0.024368 -0.039046  0.063390  0.013801  0.049942  0.042510  0.006642 -0.062358
 -0.003795  0.021427  0.085001 -0.121867  0.065842  0.013643 -0.045345  0.043600
  0.003520 -0.070427  0.029414  0.021146  0.104882  0.118348  0.083807 -0.015406
 -0.240113  0.032955  0.072044  0.058089 -0.065138 -0.040384  0.002087  0.046588
 -0.296178  0.167665 -0.178081  0.035185  0.059180  0.053359 -0.186099  0.072624
  0.077271 -0.126550  0.036592  0.039767 -0.009324 -0.006197 -0.004490  0.334273
  0.077853 -0.195590  0.037600  0.050284  0.039453  0.019026 -0.003816 -0.004444
 -0.041693 -0.002817 -0.002060  0.259462 -0.040203 -0.233538  0.048975  0.049168
  0.043905 -0.235076  0.050348  0.049472  0.044269 -0.633304  0.407187 -0.709582
  0.415814  0.118915  0.022233  0.024368 -0.039046  0.063390  0.013801  0.049942
  0.042510  0.006642 -0.062358 -0.003795  0.021427  0.085001 -0.121867  0.065842
  0.013643 -0.045345  0.043600  0.003520 -0.070427  0.029414  0.021146  0.104882
  0.118348  0.083807 -0.015406 -0.240113  0.032955  0.072044  0.058089 -0.065138
 -0.040384  0.002087  0.046588 -0.296178  0.167665 -0.178081  0.035185  0.059180
  0.053359 -0.186099  0.072624  0.077271 -0.126550  0.036592  0.039767 -0.009324
 -0.006197 -0.004490  0.334273  0.077853 -0.195590  0.037600  0.050284  0.039453
  0.019026 -0.003816 -0.004444 -0.041693 -0.002817 -0.002060  0.259462 -0.040203
 -0.233538  0.048975  0.049168  0.043905 -0.235076  0.050348  0.049472  0.044269
 -0.633304  0.407187 -0.709582  0.415814  0.118915  0.022233  0.024368 -0.039046
  0.063390  0.013801  0.049942  0.042510  0.006642 -0.062358 -0.003795  0.021427
  0.085001 -0.121867  0.065842  0.013643 -0.045345  0.043600  0.003520 -0.070427
  0.029414  0.021146  0.104882  0.118348  0.083807 -0.015406 -0.240113  0.032955
  0.072044  0.058089 -0.065138 -0.040384  0.002087  0.046588 -0.296178  0.167665
 -0.178081  0.035185  0.059180  0.053359 -0.186099  0.072624  0.077271 -0.126550
  0.036592  0.039767 -0.009324 -0.006197 -0.004490  0.334273  0.077853 -0.195590
  0.037600  0.050284  0.039453  0.019026 -0.003816 -0.004444 -0.041693 -0.002817
 -0.002060  0.259462 -0.040203 -0.233538  0.048975  0.049168  0.043905 -0.235076
  0.050348  0.049472  0.044269 -0.633304  0.407187 -0.709582  0.415814  0.118915
  0.022233  0.024368 -0.039046  0.063390  0.013801  0.049942  0.042510  0.006642
 -0.062358 -0.003795  0.021427  0.085001 -0.121867  0.065842  0.013643 -0.045345
  0.043600  0.003520 -0.070427  0.029414  0.021146  0.104882  0.118348  0.083807
 -0.015406 -0.240113  0.032955  0.072044  0.058089 -0.065138 -0.040384  0.002087
  0.046588 -0.296178  0.167665 -0.178081  0.035185  0.059180  0.053359 -0.186099
  0.072624  0.077271 -0.126550  0.036592  0.039767 -0.009324 -0.006197 -0.004490
  0.334273  0.077853 -0.195590  0.037600  0.050284  0.039453  0.019026 -0.003816
 -0.004444 -0.041693 -0.002817 -0.002060  0.259462 -0.040203 -0.233538  0.048975
  0.049168  0.043905 -0.235076  0.050348  0.049472  0.044269 -0.633304  0.407187
 -0.709582  0.415814  0.118915  0.022233  0.024368 -0.039046  0.063390  0.013801
  0.049942  0.042510  0.006642 -0.062358 -0.003795  0.021427  0.085001 -0.121867
  0.065842  0.013643 -0.045345  0.043600  0.003520 -0.070427  0.029414  0.021146
  0.104882  0.118348  0.083807 -0.015406 -0.240113  0.032955  0.072044  0.058089
 -0.065138 -0.040384  0.002087  0.046588 -0.296178  0.167665 -0.178081  0.035185
  0.059180  0.053359 -0.186099  0.072624  0.077271 -0.126550  0.036592  0.039767
 -0.009324 -0.006197 -0.004490  0.334273  0.077853 -0.195590  0.037600  0.050284
  0.039453  0.019026 -0.003816 -0.004444 -0.041693 -0.002817 -0.002060  0.259462
 -0.040203 -0.233538  0.048975  0.049168  0.043905 -0.235076  0.050348  0.049472
  0.044269 -0.633304  0.407187 -0.709582  0.415814  0.118915  0.022233  0.024368
 -0.039046  0.063390  0.013801  0.049942  0.042510  0.006642 -0.062358 -0.003795
  0.021427  0.085001 -0.121867  0.065842  0.013643 -0.045345  0.043600  0.003520
 -0.070427  0.029414  0.021146  0.104882  0.118348  0.083807 -0.015406 -0.240113
  0.032955  0.072044  0.058089 -0.065138 -0.040384  0.002087  0.046588 -0.296178
  0.167665 -0.178081  0.035185  0.059180  0.053359 -0.186099  0.072624  0.077271
 -0.126550  0.036592  0.039767 -0.009324 -0.006197 -0.004490  0.334273  0.077853
 -0.195590  0.037600  0.050284  0.039453  0.019026 -0.003816 -0.004444 -0.041693
 -0.002817 -0.002060  0.259462 -0.040203 -0.233538  0.048975  0.049168  0.043905
 -0.235076  0.050348  0.049472  0.044269 -0.633304  0.407187 -0.709582  0.415814
  0.118915  0.022233  0.024368 -0.039046  0.063390  0.013801  0.049942  0.042510
  0.006642 -0.062358 -0.003795  0.021427  0.085001 -0.121867  0.065842  0.013643
 -0.045345  0.043600  0.003520 -0.070427  0.029414  0.021146  0.104882  0.118348
  0.083807 -0.015406 -0.240113  0.032955  0.072044  0.058089 -0.065138 -0.040384
  0.002087  0.046588 -0.296178  0.167665 -0.178081  0.035185  0.059180  0.053359
 -0.186099  0.072624  0.077271 -0.126550  0.036592  0.039767 -0.009324 -0.006197
 -0.004490  0.334273  0.077853 -0.195590  0.037600  0.050284  0.039453  0.019026
 -0.003816 -0.004444 -0.041693 -0.002817 -0.002060  0.259462 -0.040203 -0.233538
  0.048975  0.049168  0.043905 -0.235076  0.050348  0.049472  0.044269 -0.633304
  0.407187 -0.709582  0.415814  0.118915  0.022233  0.024368 -0.039046  0.063390
  0.013801  0.049942  0.042510  0.006642 -0.062358 -0.003795  0.021427  0.085001
 -0.121867  0.065842  0.013643 -0.045345  0.043600  0.003520 -0.070427  0.029414
  0.021146  0.104882  0.118348  0.083807 -0.015406 -0.240113  0.032955  0.072044
  0.058089 -0.065138 -0.040384  0.002087  0.046588 -0.296178  0.167665 -0.178081
  0.035185  0.059180  0.053359 -0.186099  0.072624  0.077271 -0.126550  0.036592
  0.039767 -0.009324 -0.006197 -0.004490  0.334273  0.077853 -0.195590  0.037600
  0.050284  0.039453  0.019026 -0.003816 -0.004444 -0.041693 -0.002817 -0.002060
  0.259462 -0.040203 -0.233538  0.048975  0.049168  0.043905 -0.235076  0.050348
  0.049472  0.044269 -0.633304  0.407187 -0.709582  0.415814  0.118915  0.022233
  0.024368 -0.039046  0.063390  0.013801  0.049942  0.042510  0.006642 -0.062358
 -0.003795  0.021427  0.085001 -0.121867  0.065842  0.013643 -0.045345  0.043600
  0.003520 -0.070427  0.029414  0.021146  0.104882  0.118348  0.083807 -0.015406
 -0.240113  0.032955  0.072044  0.058089 -0.065138 -0.040384  0.002087  0.046588
 -0.296178  0.167665 -0.178081  0.035185  0.059180  0.053359 -0.186099  0.072624
  0.077271 -0.126550  0.036592  0.039767 -0.009324 -0.006197 -0.004490  0.334273
  0.077853 -0.195590  0.037600  0.050284  0.039453  0.019026 -0.003816 -0.004444
 -0.041693 -0.002817 -0.002060  0.259462 -0.040203 -0.233538  0.048975  0.049168
  0.043905 -0.235076  0.050348  0.049472  0.044269 -0.633304  0.407187 -0.709582
  0.415814  0.118915  0.022233  0.024368 -0.039046  0.063390  0.013801  0.049942
  0.042510  0.006642 -0.062358 -0.003795  0.021427  0.085001 -0.121867  0.065842
  0.013643 -0.045345  0.043600  0.003520 -0.070427  0.029414  0.021146  0.104882
  0.118348  0.083807 -0.015406 -0.240113  0.032955  0.072044  0.058089 -0.065138
 -0.040384  0.002087  0.046588 -0.296178  0.167665 -0.178081  0.035185  0.059180
  0.053359 -0.186099  0.072624  0.077271 -0.126550  0.036592  0.039767 -0.009324
 -0.006197 -0.004490  0.334273  0.077853 -0.195590  0.037600  0.050284  0.039453
  0.019026 -0.003816 -0.004444 -0.041693 -0.002817 -0.002060  0.259462 -0.040203
 -0.233538  0.048975  0.049168  0.043905 -0.235076  0.050348  0.049472  0.044269
 -0.633304  0.407187 -0.709582  0.415814  0.118915  0.022233  0.024368 -0.039046
  0.063390  0.013801  0.049942  0.042510  0.006642 -0.062358 -0.003795  0.021427
  0.085001 -0.121867  0.065842  0.013643 -0.045345  0.043600  0.003520 -0.070427
  0.029414  0.021146  0.104882  0.118348  0.083807 -0.015406 -0.240113  0.032955
  0.072044  0.058089 -0.065138 -0.040384  0.002087  0.046588 -0.296178  0.167665
 -0.178081  0.035185  0.059180  0.053359 -0.186099  0.072624  0.077271 -0.126550
  0.036592  0.039767 -0.009324 -0.006197 -0.004490  0.334273  0.077853 -0.195590
  0.037600  0.050284  0.039453  0.019026 -0.003816 -0.004444 -0.041693 -0.002817
 -0.002060  0.259462 -0.040203 -0.233538  0.048975  0.049168  0.043905 -0.235076
  0.050348  0.049472  0.044269 -0.633304  0.407187 -0.709582  0.415814  0.118915
  0.022233  0.024368 -0.039046  0.063390  0.013801  0.049942  0.042510  0.006642
 -0.062358 -0.003795  0.021427  0.085001 -0.121867  0.065842  0.013643 -0.045345
  0.043600  0.003520 -0.070427  0.029414  0.021146  0.104882  0.118348  0.083807
 -0.015406 -0.240113  0.032955  0.072044  0.058089 -0.065138 -0.040384  0.002087
  0.046588 -0.296178  0.167665 -0.178081  0.035185  0.059180  0.053359 -0.186099
  0.072624  0.077271 -0.126550  0.036592  0.039767 -0.009324 -0.006197 -0.004490
  0.334273  0.077853 -0.195590  0.037600  0.050284  0.039453  0.019026 -0.003816
 -0.004444 -0.041693 -0.002817 -0.002060  0.259462 -0.040203 -0.233538  0.048975
  0.049168  0.043905 -0.235076  0.050348  0.049472  0.044269 -0.633304  0.407187
 -0.709582  0.415814  0.118915  0.022233  0.024368 -0.039046  0.063390  0.013801
  0.049942  0.042510  0.006642 -0.062358 -0.003795  0.021427  0.085001 -0.121867
  0.065842  0.013643 -0.045345  0.043600  0.003520 -0.070427  0.029414  0.021146
  0.104882  0.118348  0.083807 -0.015406 -0.240113  0.032955  0.072044  0.058089
 -0.065138 -0.040384  0.002087  0.046588 -0.296178  0.167665 -0.178081  0.035185
  0.059180  0.053359 -0.186099  0.072624  0.077271 -0.126550  0.036592  0.039767
 -0.009324 -0.006197 -0.004490  0.334273  0.077853 -0.195590  0.037600  0.050284
  0.039453  0.019026 -0.003816 -0.004444 -0.041693 -0.002817 -0.002060  0.259462
 -0.040203 -0.233538  0.048975  0.049168  0.043905 -0.235076  0.050348  0.049472
  0.044269 -0.633304  0.407187 -0.709582  0.415814  0.118915  0.022233  0.024368
 -0.039046  0.063390  0.013801  0.049942  0.042510  0.006642 -0.062358 -0.003795
  0.021427  0.085001 -0.121867  0.065842  0.013643 -0.045345  0.043600  0.003520
 -0.070427  0.029414  0.021146  0.104882  0.118348  0.083807 -0.015406 -0.240113
  0.032955  0.072044  0.058089 -0.065138 -0.040384  0.002087  0.046588 -0.296178
  0.167665 -0.178081  0.035185  0.059180  0.053359 -0.186099  0.072624  0.077271
 -0.126550  0.036592  0.039767 -0.009324 -0.006197 -0.004490  0.334273  0.077853
 -0.195590  0.037600  0.050284  0.039453  0.019026 -0.003816 -0.004444 -0.041693
 -0.002817 -0.002060  0.259462 -0.040203 -0.233538  0.048975  0.049168  0.043905
 -0.235076  0.050348  0.049472  0.044269 -0.633304  0.407187 -0.709582  0.415814
  0.118915  0.022233  0.024368 -0.039046  0.063390  0.013801  0.049942  0.042510
  0.006642 -0.062358 -0.003795  0.021427  0.085001 -0.121867  0.065842  0.013643
 -0.045345  0.043600  0.003520 -0.070427  0.029414  0.021146  0.104882  0.118348
  0.083807 -0.015406 -0.240113  0.032955  0.072044  0.058089 -0.065138 -0.040384
  0.002087  0.046588 -0.296178  0.167665 -0.178081  0.035185  0.059180  0.053359
 -0.186099  0.072624  0.077271 -0.126550  0.036592  0.039767 -0.009324 -0.006197
 -0.004490  0.334273  0.077853 -0.195590  0.037600  0.050284  0.039453  0.019026
 -0.003816 -0.004444 -0.041693 -0.002817 -0.002060  0.259462 -0.040203 -0.233538
  0.048975  0.049168  0.043905 -0.235076  0.050348  0.049472  0.044269 -0.633304
  0.407187 -0.709582  0.415814  0.118915  0.022233  0.024368 -0.039046  0.063390
  0.013801  0.049942  0.042510  0.006642 -0.062358 -0.003795  0.021427  0.085001
 -0.121867  0.065842  0.013643 -0.045345  0.043600  0.003520 -0.070427  0.029414
  0.021146  0.104882  0.118348  0.083807 -0.015406 -0.240113  0.032955  0.072044
  0.058089 -0.065138 -0.040384  0.002087  0.046588 -0.296178  0.167665 -0.178081
  0.035185  0.059180  0.053359 -0.186099  0.072624  0.077271 -0.126550  0.036592
  0.039767 -0.009324 -0.006197 -0.004490  0.334273  0.077853 -0.195590  0.037600
  0.050284  0.039453  0.019026 -0.003816 -0.004444 -0.041693 -0.002817 -0.002060
  0.259462 -0.040203 -0.233538  0.048975  0.049168  0.043905 -0.235076  0.050348
  0.049472  0.044269 -0.633304  0.407187 -0.709582  0.415814  0.118915  0.022233
  0.024368 -0.039046  0.063390  0.013801  0.049942  0.042510  0.006642 -0.062358
 -0.003795  0.021427  0.085001 -0.121867  0.065842  0.013643 -0.045345  0.043600
  0.003520 -0.070427  0.029414  0.021146  0.104882  0.118348  0.083807 -0.015406
 -0.240113  0.032955  0.072044  0.058089 -0.065138 -0.040384  0.002087  0.046588
 -0.296178  0.167665 -0.178081  0.035185  0.059180  0.053359 -0.186099  0.072624
  0.077271 -0.126550  0.036592  0.039767 -0.009324 -0.006197 -0.004490  0.334273
  0.077853 -0.195590  0.037600  0.050284  0.039453  0.019026 -0.003816 -0.004444
 -0.041693 -0.002817 -0.002060  0.259462 -0.040203 -0.233538  0.048975  0.049168
  0.043905 -0.235076  0.050348  0.049472  0.044269 -0.633304  0.407187 -0.709582
  0.415814  0.118915  0.022233  0.024368 -0.039046  0.063390  0.013801  0.049942
  0.042510  0.006642 -0.062358 -0.003795  0.021427  0.085001 -0.121867  0.065842
  0.013643 -0.045345  0.043600  0.003520 -0.070427  0.029414  0.021146  0.104882
  0.118348  0.083807 -0.015406 -0.240113  0.032955  0.072044  0.058089 -0.065138
 -0.040384  0.002087  0.046588 -0.296178  0.167665 -0.178081  0.035185  0.059180
  0.053359 -0.186099  0.072624  0.077271 -0.126550  0.036592  0.039767 -0.009324
 -0.006197 -0.004490  0.334273  0.077853 -0.195590  0.037600  0.050284  0.039453
  0.019026 -0.003816 -0.004444 -0.041693 -0.002817 -0.002060  0.259462 -0.040203
 -0.233538  0.048975  0.049168  0.043905 -0.235076  0.050348  0.049472  0.044269
 -0.633304  0.407187 -0.709582  0.415814  0.118915  0.022233  0.024368 -0.039046
  0.063390  0.013801  0.049942  0.042510  0.006642 -0.062358 -0.003795  0.021427
  0.085001 -0.121867  0.065842  0.013643 -0.045345  0.043600  0.003520 -0.070427
  0.029414  0.021146  0.104882  0.118348  0.083807 -0.015406 -0.240113  0.032955
  0.072044  0.058089 -0.065138 -0.040384  0.002087  0.046588 -0.296178  0.167665
 -0.178081  0.035185  0.059180  0.053359 -0.186099  0.072624  0.077271 -0.126550
  0.036592  0.039767 -0.009324 -0.006197 -0.004490  0.334273  0.077853 -0.195590
  0.037600  0.050284  0.039453  0.019026 -0.003816 -0.004444 -0.041693 -0.002817
 -0.002060  0.259462 -0.040203 -0.233538  0.048975  0.049168  0.043905 -0.235076
  0.050348  0.049472  0.044269 -0.633304  0.407187 -0.709582  0.415814  0.118915
  0.022233  0.024368 -0.039046  0.063390  0.013801  0.049942  0.042510  0.006642
 -0.062358 -0.003795  0.021427  0.085001 -0.121867  0.065842  0.013643 -0.045345
  0.043600  0.003520 -0.070427  0.029414  0.021146  0.104882  0.118348  0.083807
 -0.015406 -0.240113  0.032955  0.072044  0.058089 -0.065138 -0.040384  0.002087
  0.046588 -0.296178  0.167665 -0.178081  0.035185  0.059180  0.053359 -0.186099
  0.072624  0.077271 -0.126550  0.036592  0.039767 -0.009324 -0.006197 -0.004490
  0.334273  0.077853 -0.195590  0.037600  0.050284  0.039453  0.019026 -0.003816
 -0.004444 -0.041693 -0.002817 -0.002060  0.259462 -0.040203 -0.233538  0.048975
  0.049168  0.043905 -0.235076  0.050348  0.049472  0.044269 -0.633304  0.407187
 -0.709582  0.415814  0.118915  0.022233  0.024368 -0.039046  0.063390  0.013801
  0.049942  0.042510  0.006642 -0.062358 -0.003795  0.021427  0.085001 -0.121867
  0.065842  0.013643 -0.045345  0.043600  0.003520 -0.070427  0.029414  0.021146
  0.104882  0.118348  0.083807 -0.015406 -0.240113  0.032955  0.072044  0.058089
 -0.065138 -0.040384  0.002087  0.046588 -0.296178  0.167665 -0.178081  0.035185
  0.059180  0.053359 -0.186099  0.072624  0.077271 -0.126550  0.036592  0.039767
 -0.009324 -0.006197 -0.004490  0.334273  0.077853 -0.195590  0.037600  0.050284
  0.039453  0.019026 -0.003816 -0.004444 -0.041693 -0.002817 -0.002060  0.259462
 -0.040203 -0.233538  0.048975  0.049168  0.043905 -0.235076  0.050348  0.049472
  0.044269 -0.633304  0.407187 -0.709582  0.415814  0.118915  0.022233  0.024368
 -0.039046  0.063390  0.013801  0.049942  0.042510  0.006642 -0.062358 -0.003795
  0.021427  0.085001 -0.121867  0.065842  0.013643 -0.045345  0.043600  0.003520
 -0.070427  0.029414  0.021146  0.104882  0.118348  0.083807 -0.015406 -0.240113
  0.032955  0.072044  0.058089 -0.065138 -0.040384  0.002087  0.046588 -0.296178
  0.167665 -0.178081  0.035185  0.059180  0.053359 -0.186099  0.072624  0.077271
 -0.126550  0.036592  0.039767 -0.009324 -0.006197 -0.004490  0.334273  0.077853
 -0.195590  0.037600  0.050284  0.039453  0.019026 -0.003816 -0.004444 -0.041693
 -0.002817 -0.002060  0.259462 -0.040203 -0.233538  0.048975  0.049168  0.043905
 -0.235076  0.050348  0.049472  0.044269 -0.633304  0.407187 -0.709582  0.415814
  0.118915  0.022233  0.024368 -0.039046  0.063390  0.013801  0.049942  0.042510
  0.006642 -0.062358 -0.003795  0.021427  0.085001 -0.121867  0.065842  0.013643
 -0.045345  0.043600  0.003520 -0.070427  0.029414  0.021146  0.104882  0.118348
  0.083807 -0.015406 -0.240113  0.032955  0.072044  0.058089 -0.065138 -0.040384
  0.002087  0.046588 -0.296178  0.167665 -0.178081  0.035185  0.059180  0.053359
 -0.186099  0.072624  0.077271 -0.126550  0.036592  0.039767 -0.009324 -0.006197
 -0.004490  0.334273  0.077853 -0.195590  0.037600  0.050284  0.039453  0.019026
 -0.003816 -0.004444 -0.041693 -0.002817 -0.002060  0.259462 -0.040203 -0.233538
  0.048975  0.049168  0.043905 -0.235076  0.050348  0.049472  0.044269 -0.633304
  0.407187 -0.709582  0.415814  0.118915  0.022233  0.024368 -0.039046  0.063390
  0.013801  0.049942  0.042510  0.006642 -0.062358 -0.003795  0.021427  0.085001
 -0.121867  0.065842  0.013643 -0.045345  0.043600  0.003520 -0.070427  0.029414
  0.021146  0.104882  0.118348  0.083807 -0.015406 -0.240113  0.032955  0.072044
  0.058089 -0.065138 -0.040384  0.002087  0.046588 -0.296178  0.167665 -0.178081
  0.035185  0.059180  0.053359 -0.186099  0.072624  0.077271 -0.126550  0.036592
  0.039767 -0.009324 -0.006197 -0.004490  0.334273  0.077853 -0.195590  0.037600
  0.050284  0.039453  0.019026 -0.003816 -0.004444 -0.041693 -0.002817 -0.002060
  0.259462 -0.040203 -0.233538  0.048975  0.049168  0.043905 -0.235076  0.050348
  0.049472  0.044269 -0.633304  0.407187 -0.709582  0.415814  0.118915  0.022233
  0.024368 -0.039046  0.063390  0.013801  0.049942  0.042510  0.006642 -0.062358
 -0.003795  0.021427  0.085001 -0.121867  0.065842  0.013643 -0.045345  0.043600
  0.003520 -0.070427  0.029414  0.021146  0.104882  0.118348  0.083807 -0.015406
 -0.240113  0.032955  0.072044  0.058089 -0.065138 -0.040384  0.002087  0.046588
 -0.296178  0.167665 -0.178081  0.035185  0.059180  0.053359 -0.186099  0.072624
  0.077271 -0.126550  0.036592  0.039767 -0.009324 -0.006197 -0.004490  0.334273
  0.077853 -0.195590  0.037600  0.050284  0.039453  0.019026 -0.003816 -0.004444
 -0.041693 -0.002817 -0.002060  0.259462 -0.040203 -0.233538  0.048975  0.049168
  0.043905 -0.235076  0.050348  0.049472  0.044269 -0.633304  0.407187 -0.709582
  0.415814  0.118915  0.022233  0.024368 -0.039046  0.063390  0.013801  0.049942
  0.042510  0.006642 -0.062358 -0.003795  0.021427  0.085001 -0.121867  0.065842
  0.013643 -0.045345  0.043600  0.003520 -0.070427  0.029414  0.021146  0.104882
  0.118348  0.083807 -0.015406 -0.240113  0.032955  0.072044  0.058089 -0.065138
 -0.040384  0.002087  0.046588 -0.296178  0.167665 -0.178081  0.035185  0.059180
  0.053359 -0.186099  0.072624  0.077271 -0.126550  0.036592  0.039767 -0.009324
 -0.006197 -0.004490  0.334273  0.077853 -0.195590  0.037600  0.050284  0.039453
  0.019026 -0.003816 -0.004444 -0.041693 -0.002817 -0.002060  0.259462 -0.040203
 -0.233538  0.048975  0.049168  0.043905 -0.235076  0.050348  0.049472  0.044269
 -0.633304  0.407187 -0.709582  0.415814  0.118915  0.022233  0.024368 -0.039046
  0.063390  0.013801  0.049942  0.042510  0.006642 -0.062358 -0.003795  0.021427
  0.085001 -0.121867  0.065842  0.013643 -0.045345  0.043600  0.003520 -0.070427
  0.029414  0.021146  0.104882  0.118348  0.083807 -0.015406 -0.240113  0.032955
  0.072044  0.058089 -0.065138 -0.040384  0.002087  0.046588 -0.296178  0.167665
 -0.178081  0.035185  0.059180  0.053359 -0.186099  0.072624  0.077271 -0.126550
  0.036592  0.039767 -0.009324 -0.006197 -0.004490  0.334273  0.077853 -0.195590
  0.037600  0.050284  0.039453  0.019026 -0.003816 -0.004444 -0.041693 -0.002817
 -0.002060  0.259462 -0.040203 -0.233538  0.048975  0.049168  0.043905 -0.235076
  0.050348  0.049472  0.044269 -0.633304  0.407187 -0.709582  0.415814  0.118915
  0.022233  0.024368 -0.039046  0.063390  0.013801  0.049942  0.042510  0.006642
 -0.062358 -0.003795  0.021427  0.085001 -0.121867  0.065842  0.013643 -0.045345
  0.043600  0.003520 -0.070427  0.029414  0.021146  0.104882  0.118348  0.083807
 -0.015406 -0.240113  0.032955  0.072044  0.058089 -0.065138 -0.040384  0.002087
  0.046588 -0.296178  0.167665 -0.178081  0.035185  0.059180  0.053359 -0.186099
  0.072624  0.077271 -0.126550  0.036592  0.039767 -0.009324 -0.006197 -0.004490
  0.334273  0.077853 -0.195590  0.037600  0.050284  0.039453  0.019026 -0.003816
 -0.004444 -0.041693 -0.002817 -0.002060  0.259462 -0.040203 -0.233538  0.048975
  0.049168  0.043905 -0.235076  0.050348  0.049472  0.044269 -0.633304  0.407187
 -0.709582  0.415814  0.118915  0.022233  0.024368 -0.039046  0.063390  0.013801
  0.049942  0.042510  0.006642 -0.062358 -0.003795  0.021427  0.085001 -0.121867
  0.065842  0.013643 -0.045345  0.043600  0.003520 -0.070427  0.029414  0.021146
  0.104882  0.118348  0.083807 -0.015406 -0.240113  0.032955  0.072044  0.058089
 -0.065138 -0.040384  0.002087  0.046588 -0.296178  0.167665 -0.178081  0.035185
  0.059180  0.053359 -0.186099  0.072624  0.077271 -0.126550  0.036592  0.039767
 -0.009324 -0.006197 -0.004490  0.334273  0.077853 -0.195590  0.037600  0.050284
  0.039453  0.019026 -0.003816 -0.004444 -0.041693 -0.002817 -0.002060  0.259462
 -0.040203 -0.233538  0.048975  0.049168  0.043905 -0.235076  0.050348  0.049472
  0.044269 -0.633304  0.407187 -0.709582  0.415814  0.118915  0.022233  0.024368
 -0.039046  0.063390  0.013801  0.049942  0.042510  0.006642 -0.062358 -0.003795
  0.021427  0.085001 -0.121867  0.065842  0.013643 -0.045345  0.043600  0.003520
 -0.070427  0.029414  0.021146  0.104882  0.118348  0.083807 -0.015406 -0.240113
  0.032955  0.072044  0.058089 -0.065138 -0.040384  0.002087  0.046588 -0.296178
  0.167665 -0.178081  0.035185  0.059180  0.053359 -0.186099  0.072624  0.077271
 -0.126550  0.036592  0.039767 -0.009324 -0.006197 -0.004490  0.334273  0.077853
 -0.195590  0.037600  0.050284  0.039453  0.019026 -0.003816 -0.004444 -0.041693
 -0.002817 -0.002060  0.259462 -0.040203 -0.233538  0.048975  0.049168  0.043905
 -0.235076  0.050348  0.049472  0.044269 -0.633304  0.407187 -0.709582  0.415814
  0.118915  0.022233  0.024368 -0.039046  0.063390  0.013801  0.049942  0.042510
  0.006642 -0.062358 -0.003795  0.021427  0.085001 -0.121867  0.065842  0.013643
 -0.045345  0.043600  0.003520 -0.070427  0.029414  0.021146  0.104882  0.118348
  0.083807 -0.015406 -0.240113  0.032955  0.072044  0.058089 -0.065138 -0.040384
  0.002087  0.046588 -0.296178  0.167665 -0.178081  0.035185  0.059180  0.053359
 -0.186099  0.072624  0.077271 -0.126550  0.036592  0.039767 -0.009324 -0.006197
 -0.004490  0.334273  0.077853 -0.195590  0.037600  0.050284  0.039453  0.019026
 -0.003816 -0.004444 -0.041693 -0.002817 -0.002060  0.259462 -0.040203 -0.233538
  0.048975  0.049168  0.043905 -0.235076  0.050348  0.049472  0.044269 -0.633304
  0.407187 -0.709582  0.415814  0.118915  0.022233  0.024368 -0.039046  0.063390
  0.013801  0.049942  0.042510  0.006642 -0.062358 -0.003795  0.021427  0.085001
 -0.121867  0.065842  0.013643 -0.045345  0.043600  0.003520 -0.070427  0.029414
  0.021146  0.104882  0.118348  0.083807 -0.015406 -0.240113  0.032955  0.072044
  0.058089 -0.065138 -0.040384  0.002087  0.046588 -0.296178  0.167665 -0.178081
  0.035185  0.059180  0.053359 -0.186099  0.072624  0.077271 -0.126550  0.036592
  0.039767 -0.009324 -0.006197 -0.004490  0.334273  0.077853 -0.195590  0.037600
  0.050284  0.039453  0.019026 -0.003816 -0.004444 -0.041693 -0.002817 -0.002060
  0.259462 -0.040203 -0.233538  0.048975  0.049168  0.043905 -0.235076  0.050348
  0.049472  0.044269 -0.633304  0.407187 -0.709582  0.415814  0.118915  0.022233
  0.024368 -0.039046  0.063390  0.013801  0.049942  0.042510  0.006642 -0.062358
 -0.003795  0.021427  0.085001 -0.121867  0.065842  0.013643 -0.045345  0.043600
  0.003520 -0.070427  0.029414  0.021146  0.104882  0.118348  0.083807 -0.015406
 -0.240113  0.032955  0.072044  0.058089 -0.065138 -0.040384  0.002087  0.046588
 -0.296178  0.167665 -0.178081  0.035185  0.059180  0.053359 -0.186099  0.072624
  0.077271 -0.126550  0.036592  0.039767 -0.009324 -0.006197 -0.004490  0.334273
  0.077853 -0.195590  0.037600  0.050284  0.039453  0.019026 -0.003816 -0.004444
 -0.041693 -0.002817 -0.002060  0.259462 -0.040203 -0.233538  0.048975  0.049168
  0.043905 -0.235076  0.050348  0.049472  0.044269 -0.633304  0.407187 -0.709582
  0.415814  0.118915  0.022233  0.024368 -0.039046  0.063390  0.013801  0.049942
  0.042510  0.006642 -0.062358 -0.003795  0.021427  0.085001 -0.121867  0.065842
  0.013643 -0.045345  0.043600  0.003520 -0.070427  0.029414  0.021146  0.104882
  0.118348  0.083807 -0.015406 -0.240113  0.032955  0.072044  0.058089 -0.065138
 -0.040384  0.002087  0.046588 -0.296178  0.167665 -0.178081  0.035185  0.059180
  0.053359 -0.186099  0.072624  0.077271 -0.126550  0.036592  0.039767 -0.009324
 -0.006197 -0.004490  0.334273  0.077853 -0.195590  0.037600  0.050284  0.039453
  0.019026 -0.003816 -0.004444 -0.041693 -0.002817 -0.002060  0.259462 -0.040203
 -0.233538  0.048975  0.049168  0.043905 -0.235076  0.050348  0.049472  0.044269
 -0.633304  0.407187 -0.709582  0.415814  0.118915  0.022233  0.024368 -0.039046
  0.063390  0.013801  0.049942  0.042510  0.006642 -0.062358 -0.003795  0.021427
  0.085001 -0.121867  0.065842  0.013643 -0.045345  0.043600  0.003520 -0.070427
  0.029414  0.021146  0.104882  0.118348  0.083807 -0.015406 -0.240113  0.032955
  0.072044  0.058089 -0.065138 -0.040384  0.002087  0.046588 -0.296178  0.167665
 -0.178081  0.035185  0.059180  0.053359 -0.186099  0.072624  0.077271 -0.126550
  0.036592  0.039767 -0.009324 -0.006197 -0.004490  0.334273  0.077853 -0.195590
  0.037600  0.050284  0.039453  0.019026 -0.003816 -0.004444 -0.041693 -0.002817
 -0.002060  0.259462 -0.040203 -0.233538  0.048975  0.049168  0.043905 -0.235076
  0.050348  0.049472  0.044269 -0.633304  0.407187 -0.709582  0.415814  0.118915
  0.022233  0.024368 -0.039046  0.063390  0.013801  0.049942  0.042510  0.006642
 -0.062358 -0.003795  0.021427  0.085001 -0.121867  0.065842  0.013643 -0.045345
  0.043600  0.003520 -0.070427  0.029414  0.021146  0.104882  0.118348  0.083807
 -0.015406 -0.240113  0.032955  0.072044  0.058089 -0.065138 -0.040384  0.002087
  0.046588 -0.296178  0.167665 -0.178081  0.035185  0.059180  0.053359 -0.186099
  0.072624  0.077271 -0.126550  0.036592  0.039767 -0.009324 -0.006197 -0.004490
  0.334273  0.077853 -0.195590  0.037600  0.050284  0.039453  0.019026 -0.003816
 -0.004444 -0.041693 -0.002817 -0.002060  0.259462 -0.040203 -0.233538  0.048975
  0.049168  0.043905 -0.235076  0.050348  0.049472  0.044269 -0.633304  0.407187
 -0.709582  0.415814  0.118915  0.022233  0.024368 -0.039046  0.063390  0.013801
  0.049942  0.042510  0.006642 -0.062358 -0.003795  0.021427  0.085001 -0.121867
  0.065842  0.013643 -0.045345  0.043600  0.003520 -0.070427  0.029414  0.021146
  0.104882  0.118348  0.083807 -0.015406 -0.240113  0.032955  0.072044  0.058089
 -0.065138 -0.040384  0.002087  0.046588 -0.296178  0.167665 -0.178081  0.035185
  0.059180  0.053359 -0.186099  0.072624  0.077271 -0.126550  0.036592  0.039767
 -0.009324 -0.006197 -0.004490  0.334273  0.077853 -0.195590  0.037600  0.050284
  0.039453  0.019026 -0.003816 -0.004444 -0.041693 -0.002817 -0.002060  0.259462
 -0.040203 -0.233538  0.048975  0.049168  0.043905 -0.235076  0.050348  0.049472
  0.044269 -0.633304  0.407187 -0.709582  0.415814  0.118915  0.022233  0.024368
 -0.039046  0.063390  0.013801  0.049942  0.042510  0.006642 -0.062358 -0.003795
  0.021427  0.085001 -0.121867  0.065842  0.013643 -0.045345  0.043600  0.003520
 -0.070427  0.029414  0.021146  0.104882  0.118348  0.083807 -0.015406 -0.240113
  0.032955  0.072044  0.058089 -0.065138 -0.040384  0.002087  0.046588 -0.296178
  0.167665 -0.178081  0.035185  0.059180  0.053359 -0.186099  0.072624  0.077271
 -0.126550  0.036592  0.039767 -0.009324 -0.006197 -0.004490  0.334273  0.077853
 -0.195590  0.037600  0.050284  0.039453  0.019026 -0.003816 -0.004444 -0.041693
 -0.002817 -0.002060  0.259462 -0.040203 -0.233538  0.048975  0.049168  0.043905
 -0.235076  0.050348  0.049472  0.044269
