 -0.633304  0.407187 -0.709582  0.415814  0.118915  0.022233  0.024368 -0.039046
  0.063390  0.013801  0.049942  0.042510  0.006642 -0.083049  0.012806  0.012806
  0.085001 -0.081737  0.029064  0.029064 -0.133208  0.056703  0.056703 -0.088715
  0.027353  0.027353  0.104882  0.118348  0.083807 -0.015406 -0.136885  0.025112
  0.025112  0.025112 -0.065138 -0.028629  0.010373  0.010373 -0.296178  0.167665
 -0.086241  0.024937  0.024937  0.024937 -0.226715  0.088594  0.088594 -0.117810
  0.039958  0.039958 -0.013065 -0.004281 -0.004281  0.334273  0.077853 -0.121057
  0.022879  0.022879  0.022879  0.005435  0.002529  0.002529 -0.069061  0.005403
  0.005403  0.259462 -0.040203 -0.203245  0.039311  0.039311  0.039311 -0.213849
  0.042292  0.042292  0.042292 -0.633304  0.407187 -0.709582  0.415814  0.118915
  0.022233  0.024368 -0.039046  0.063390  0.013801  0.049942  0.042510  0.006642
 -0.083049  0.012806  0.012806  0.085001 -0.081737  0.029064  0.029064 -0.133208
  0.056703  0.056703 -0.088715  0.027353  0.027353  0.104882  0.118348  0.083807
 -0.015406 -0.136885  0.025112  0.025112  0.025112 -0.065138 -0.028629  0.010373
  0.010373 -0.296178  0.167665 -0.086241  0.024937  0.024937  0.024937 -0.226715
  0.088594  0.088594 -0.117810  0.039958  0.039958 -0.013065 -0.004281 -0.004281
  0.334273  0.077853 -0.121057  0.022879  0.022879  0.022879  0.005435  0.002529
  0.002529 -0.069061  0.005403  0.005403  0.259462 -0.040203 -0.203245  0.039311
  0.039311  0.039311 -0.213849  0.042292  0.042292  0.042292 -0.633304  0.407187
 -0.709582  0.415814  0.118915  0.022233  0.024368 -0.039046  0.063390  0.013801
  0.049942  0.042510  0.006642 -0.083049  0.012806  0.012806  0.085001 -0.081737
  0.029064  0.029064 -0.133208  0.056703  0.056703 -0.088715  0.027353  0.027353
  0.104882  0.118348  0.083807 -0.015406 -0.136885  0.025112  0.025112  0.025112
 -0.065138 -0.028629  0.010373  0.010373 -0.296178  0.167665 -0.086241  0.024937
  0.024937  0.024937 -0.226715  0.088594  0.088594 -0.117810  0.039958  0.039958
 -0.013065 -0.004281 -0.004281  0.334273  0.077853 -0.121057  0.022879  0.022879
  0.022879  0.005435  0.002529  0.002529 -0.069061  0.005403  0.005403  0.259462
 -0.040203 -0.203245  0.039311  0.039311  0.039311 -0.213849  0.042292  0.042292
  0.042292 -0.633304  0.407187 -0.709582  0.415814  0.118915  0.022233  0.024368
 -0.039046  0.063390  0.013801  0.049942  0.042510  0.006642 -0.083049  0.012806
  0.012806  0.085001 -0.081737  0.029064  0.029064 -0.133208  0.056703  0.056703
 -0.088715  0.027353  0.027353  0.104882  0.118348  0.083807 -0.015406 -0.136885
  0.025112  0.025112  0.025112 -0.065138 -0.028629  0.010373  0.010373 -0.296178
  0.167665 -0.086241  0.024937  0.024937  0.024937 -0.226715  0.088594  0.088594
 -0.117810  0.039958  0.039958 -0.013065 -0.004281 -0.004281  0.334273  0.077853
 -0.121057  0.022879  0.022879  0.022879  0.005435  0.002529  0.002529 -0.069061
  0.005403  0.005403  0.259462 -0.040203 -0.203245  0.039311  0.039311  0.039311
 -0.213849  0.042292  0.042292  0.042292 -0.633304  0.407187 -0.709582  0.415814
  0.118915  0.022233  0.024368 -0.039046  0.063390  0.013801  0.049942  0.042510
  0.006642 -0.083049  0.012806  0.012806  0.085001 -0.081737  0.029064  0.029064
 -0.133208  0.056703  0.056703 -0.088715  0.027353  0.027353  0.104882  0.118348
  0.083807 -0.015406 -0.136885  0.025112  0.025112  0.025112 -0.065138 -0.028629
  0.010373  0.010373 -0.296178  0.167665 -0.086241  0.024937  0.024937  0.024937
 -0.226715  0.088594  0.088594 -0.117810  0.039958  0.039958 -0.013065 -0.004281
 -0.004281  0.334273  0.077853 -0.121057  0.022879  0.022879  0.022879  0.005435
  0.002529  0.002529 -0.069061  0.005403  0.005403  0.259462 -0.040203 -0.203245
  0.039311  0.039311  0.039311 -0.213849  0.042292  0.042292  0.042292 -0.633304
  0.407187 -0.709582  0.415814  0.118915  0.022233  0.024368 -0.039046  0.063390
  0.013801  0.049942  0.042510  0.006642 -0.083049  0.012806  0.012806  0.085001
 -0.081737  0.029064  0.029064 -0.133208  0.056703  0.056703 -0.088715  0.027353
  0.027353  0.104882  0.118348  0.083807 -0.015406 -0.136885  0.025112  0.025112
  0.025112 -0.065138 -0.028629  0.010373  0.010373 -0.296178  0.167665 -0.086241
  0.024937  0.024937  0.024937 -0.226715  0.088594  0.088594 -0.117810  0.039958
  0.039958 -0.013065 -0.004281 -0.004281  0.334273  0.077853 -0.121057  0.022879
  0.022879  0.022879  0.005435  0.002529  0.002529 -0.069061  0.005403  0.005403
  0.259462 -0.040203 -0.203245  0.039311  0.039311  0.039311 -0.213849  0.042292
  0.042292  0.042292 -0.633304  0.407187 -0.709582  0.415814  0.118915  0.022233
  0.024368 -0.039046  0.063390  0.013801  0.049942  0.042510  0.006642 -0.083049
  0.012806  0.012806  0.085001 -0.081737  0.029064  0.029064 -0.133208  0.056703
  0.056703 -0.088715  0.027353  0.027353  0.104882  0.118348  0.083807 -0.015406
 -0.136885  0.025112  0.025112  0.025112 -0.065138 -0.028629  0.010373  0.010373
 -0.296178  0.167665 -0.086241  0.024937  0.024937  0.024937 -0.226715  0.088594
  0.088594 -0.117810  0.039958  0.039958 -0.013065 -0.004281 -0.004281  0.334273
  0.077853 -0.121057  0.022879  0.022879  0.022879  0.005435  0.002529  0.002529
 -0.069061  0.005403  0.005403  0.259462 -0.040203 -0.203245  0.039311  0.039311
  0.039311 -0.213849  0.042292  0.042292  0.042292 -0.633304  0.407187 -0.709582
  0.415814  0.118915  0.022233  0.024368 -0.039046  0.063390  0.013801  0.049942
  0.042510  0.006642 -0.083049  0.012806  0.012806  0.085001 -0.081737  0.029064
  0.029064 -0.133208  0.056703  0.056703 -0.088715  0.027353  0.027353  0.104882
  0.118348  0.083807 -0.015406 -0.136885  0.025112  0.025112  0.025112 -0.065138
 -0.028629  0.010373  0.010373 -0.296178  0.167665 -0.086241  0.024937  0.024937
  0.024937 -0.226715  0.088594  0.088594 -0.117810  0.039958  0.039958 -0.013065
 -0.004281 -0.004281  0.334273  0.077853 -0.121057  0.022879  0.022879  0.022879
  0.005435  0.002529  0.002529 -0.069061  0.005403  0.005403  0.259462 -0.040203
 -0.203245  0.039311  0.039311  0.039311 -0.213849  0.042292  0.042292  0.042292
 -0.633304  0.407187 -0.709582  0.415814  0.118915  0.022233  0.024368 -0.039046
  0.063390  0.013801  0.049942  0.042510  0.006642 -0.083049  0.012806  0.012806
  0.085001 -0.081737  0.029064  0.029064 -0.133208  0.056703  0.056703 -0.088715
  0.027353  0.027353  0.104882  0.118348  0.083807 -0.015406 -0.136885  0.025112
  0.025112  0.025112 -0.065138 -0.028629  0.010373  0.010373 -0.296178  0.167665
 -0.086241  0.024937  0.024937  0.024937 -0.226715  0.088594  0.088594 -0.117810
  0.039958  0.039958 -0.013065 -0.004281 -0.004281  0.334273  0.077853 -0.121057
  0.022879  0.022879  0.022879  0.005435  0.002529  0.002529 -0.069061  0.005403
  0.005403  0.259462 -0.040203 -0.203245  0.039311  0.039311  0.039311 -0.213849
  0.042292  0.042292  0.042292 -0.633304  0.407187 -0.709582  0.415814  0.118915
  0.022233  0.024368 -0.039046  0.063390  0.013801  0.049942  0.042510  0.006642
 -0.083049  0.012806  0.012806  0.085001 -0.081737  0.029064  0.029064 -0.133208
  0.056703  0.056703 -0.088715  0.027353  0.027353  0.104882  0.118348  0.083807
 -0.015406 -0.136885  0.025112  0.025112  0.025112 -0.065138 -0.028629  0.010373
  0.010373 -0.296178  0.167665 -0.086241  0.024937  0.024937  0.024937 -0.226715
  0.088594  0.088594 -0.117810  0.039958  0.039958 -0.013065 -0.004281 -0.004281
  0.334273  0.077853 -0.121057  0.022879  0.022879  0.022879  0.005435  0.002529
  0.002529 -0.069061  0.005403  0.005403  0.259462 -0.040203 -0.203245  0.039311
  0.039311  0.039311 -0.213849  0.042292  0.042292  0.042292 -0.633304  0.407187
 -0.709582  0.415814  0.118915  0.022233  0.024368 -0.039046  0.063390  0.013801
  0.049942  0.042510  0.006642 -0.083049  0.012806  0.012806  0.085001 -0.081737
  0.029064  0.029064 -0.133208  0.056703  0.056703 -0.088715  0.027353  0.027353
  0.104882  0.118348  0.083807 -0.015406 -0.136885  0.025112  0.025112  0.025112
 -0.065138 -0.028629  0.010373  0.010373 -0.296178  0.167665 -0.086241  0.024937
  0.024937  0.024937 -0.226715  0.088594  0.088594 -0.117810  0.039958  0.039958
 -0.013065 -0.004281 -0.004281  0.334273  0.077853 -0.121057  0.022879  0.022879
  0.022879  0.005435  0.002529  0.002529 -0.069061  0.005403  0.005403  0.259462
 -0.040203 -0.203245  0.039311  0.039311  0.039311 -0.213849  0.042292  0.042292
  0.042292 -0.633304  0.407187 -0.709582  0.415814  0.118915  0.022233  0.024368
 -0.039046  0.063390  0.013801  0.049942  0.042510  0.006642 -0.083049  0.012806
  0.012806  0.085001 -0.081737  0.029064  0.029064 -0.133208  0.056703  0.056703
 -0.088715  0.027353  0.027353  0.104882  0.118348  0.083807 -0.015406 -0.136885
  0.025112  0.025112  0.025112 -0.065138 -0.028629  0.010373  0.010373 -0.296178
  0.167665 -0.086241  0.024937  0.024937  0.024937 -0.226715  0.088594  0.088594
 -0.117810  0.039958  0.039958 -0.013065 -0.004281 -0.004281  0.334273  0.077853
 -0.121057  0.022879  0.022879  0.022879  0.005435  0.002529  0.002529 -0.069061
  0.005403  0.005403  0.259462 -0.040203 -0.203245  0.039311  0.039311  0.039311
 -0.213849  0.042292  0.042292  0.042292 -0.633304  0.407187 -0.709582  0.415814
  0.118915  0.022233  0.024368 -0.039046  0.063390  0.013801  0.049942  0.042510
  0.006642 -0.083049  0.012806  0.012806  0.085001 -0.081737  0.029064  0.029064
 -0.133208  0.056703  0.056703 -0.088715  0.027353  0.027353  0.104882  0.118348
  0.083807 -0.015406 -0.136885  0.025112  0.025112  0.025112 -0.065138 -0.028629
  0.010373  0.010373 -0.296178  0.167665 -0.086241  0.024937  0.024937  0.024937
 -0.226715  0.088594  0.088594 -0.117810  0.039958  0.039958 -0.013065 -0.004281
 -0.004281  0.334273  0.077853 -0.121057  0.022879  0.022879  0.022879  0.005435
  0.002529  0.002529 -0.069061  0.005403  0.005403  0.259462 -0.040203 -0.203245
  0.039311  0.039311  0.039311 -0.213849  0.042292  0.042292  0.042292 -0.633304
  0.407187 -0.709582  0.415814  0.118915  0.022233  0.024368 -0.039046  0.063390
  0.013801  0.049942  0.042510  0.006642 -0.083049  0.012806  0.012806  0.085001
 -0.081737  0.029064  0.029064 -0.133208  0.056703  0.056703 -0.088715  0.027353
  0.027353  0.104882  0.118348  0.083807 -0.015406 -0.136885  0.025112  0.025112
  0.025112 -0.065138 -0.028629  0.010373  0.010373 -0.296178  0.167665 -0.086241
  0.024937  0.024937  0.024937 -0.226715  0.088594  0.088594 -0.117810  0.039958
  0.039958 -0.013065 -0.004281 -0.004281  0.334273  0.077853 -0.121057  0.022879
  0.022879  0.022879  0.005435  0.002529  0.002529 -0.069061  0.005403  0.005403
  0.259462 -0.040203 -0.203245  0.039311  0.039311  0.039311 -0.213849  0.042292
  0.042292  0.042292 -0.633304  0.407187 -0.709582  0.415814  0.118915  0.022233
  0.024368 -0.039046  0.063390  0.013801  0.049942  0.042510  0.006642 -0.083049
  0.012806  0.012806  0.085001 -0.081737  0.029064  0.029064 -0.133208  0.056703
  0.056703 -0.088715  0.027353  0.027353  0.104882  0.118348  0.083807 -0.015406
 -0.136885  0.025112  0.025112  0.025112 -0.065138 -0.028629  0.010373  0.010373
 -0.296178  0.167665 -0.086241  0.024937  0.024937  0.024937 -0.226715  0.088594
  0.088594 -0.117810  0.039958  0.039958 -0.013065 -0.004281 -0.004281  0.334273
  0.077853 -0.121057  0.022879  0.022879  0.022879  0.005435  0.002529  0.002529
 -0.069061  0.005403  0.005403  0.259462 -0.040203 -0.203245  0.039311  0.039311
  0.039311 -0.213849  0.042292  0.042292  0.042292 -0.633304  0.407187 -0.709582
  0.415814  0.118915  0.022233  0.024368 -0.039046  0.063390  0.013801  0.049942
  0.042510  0.006642 -0.083049  0.012806  0.012806  0.085001 -0.081737  0.029064
  0.029064 -0.133208  0.056703  0.056703 -0.088715  0.027353  0.027353  0.104882
  0.118348  0.083807 -0.015406 -0.136885  0.025112  0.025112  0.025112 -0.065138
 -0.028629  0.010373  0.010373 -0.296178  0.167665 -0.086241  0.024937  0.024937
  0.024937 -0.226715  0.088594  0.088594 -0.117810  0.039958  0.039958 -0.013065
 -0.004281 -0.004281  0.334273  0.077853 -0.121057  0.022879  0.022879  0.022879
  0.005435  0.002529  0.002529 -0.069061  0.005403  0.005403  0.259462 -0.040203
 -0.203245  0.039311  0.039311  0.039311 -0.213849  0.042292  0.042292  0.042292
 -0.633304  0.407187 -0.709582  0.415814  0.118915  0.022233  0.024368 -0.039046
  0.063390  0.013801  0.049942  0.042510  0.006642 -0.083049  0.012806  0.012806
  0.085001 -0.081737  0.029064  0.029064 -0.133208  0.056703  0.056703 -0.088715
  0.027353  0.027353  0.104882  0.118348  0.083807 -0.015406 -0.136885  0.025112
  0.025112  0.025112 -0.065138 -0.028629  0.010373  0.010373 -0.296178  0.167665
 -0.086241  0.024937  0.024937  0.024937 -0.226715  0.088594  0.088594 -0.117810
  0.039958  0.039958 -0.013065 -0.004281 -0.004281  0.334273  0.077853 -0.121057
  0.022879  0.022879  0.022879  0.005435  0.002529  0.002529 -0.069061  0.005403
  0.005403  0.259462 -0.040203 -0.203245  0.039311  0.039311  0.039311 -0.213849
  0.042292  0.042292  0.042292 -0.633304  0.407187 -0.709582  0.415814  0.118915
  0.022233  0.024368 -0.039046  0.063390  0.013801  0.049942  0.042510  0.006642
 -0.083049  0.012806  0.012806  0.085001 -0.081737  0.029064  0.029064 -0.133208
  0.056703  0.056703 -0.088715  0.027353  0.027353  0.104882  0.118348  0.083807
 -0.015406 -0.136885  0.025112  0.025112  0.025112 -0.065138 -0.028629  0.010373
  0.010373 -0.296178  0.167665 -0.086241  0.024937  0.024937  0.024937 -0.226715
  0.088594  0.088594 -0.117810  0.039958  0.039958 -0.013065 -0.004281 -0.004281
  0.334273  0.077853 -0.121057  0.022879  0.022879  0.022879  0.005435  0.002529
  0.002529 -0.069061  0.005403  0.005403  0.259462 -0.040203 -0.203245  0.039311
  0.039311  0.039311 -0.213849  0.042292  0.042292  0.042292 -0.633304  0.407187
 -0.709582  0.415814  0.118915  0.022233  0.024368 -0.039046  0.063390  0.013801
  0.049942  0.042510  0.006642 -0.083049  0.012806  0.012806  0.085001 -0.081737
  0.029064  0.029064 -0.133208  0.056703  0.056703 -0.088715  0.027353  0.027353
  0.104882  0.118348  0.083807 -0.015406 -0.136885  0.025112  0.025112  0.025112
 -0.065138 -0.028629  0.010373  0.010373 -0.296178  0.167665 -0.086241  0.024937
  0.024937  0.024937 -0.226715  0.088594  0.088594 -0.117810  0.039958  0.039958
 -0.013065 -0.004281 -0.004281  0.334273  0.077853 -0.121057  0.022879  0.022879
  0.022879  0.005435  0.002529  0.002529 -0.069061  0.005403  0.005403  0.259462
 -0.040203 -0.203245  0.039311  0.039311  0.039311 -0.213849  0.042292  0.042292
  0.042292 -0.633304  0.407187 -0.709582  0.415814  0.118915  0.022233  0.024368
 -0.039046  0.063390  0.013801  0.049942  0.042510  0.006642 -0.083049  0.012806
  0.012806  0.085001 -0.081737  0.029064  0.029064 -0.133208  0.056703  0.056703
 -0.088715  0.027353  0.027353  0.104882  0.118348  0.083807 -0.015406 -0.136885
  0.025112  0.025112  0.025112 -0.065138 -0.028629  0.010373  0.010373 -0.296178
  0.167665 -0.086241  0.024937  0.024937  0.024937 -0.226715  0.088594  0.088594
 -0.117810  0.039958  0.039958 -0.013065 -0.004281 -0.004281  0.334273  0.077853
 -0.121057  0.022879  0.022879  0.022879  0.005435  0.002529  0.002529 -0.069061
  0.005403  0.005403  0.259462 -0.040203 -0.203245  0.039311  0.039311  0.039311
 -0.213849  0.042292  0.042292  0.042292 -0.633304  0.407187 -0.709582  0.415814
  0.118915  0.022233  0.024368 -0.039046  0.063390  0.013801  0.049942  0.042510
  0.006642 -0.083049  0.012806  0.012806  0.085001 -0.081737  0.029064  0.029064
 -0.133208  0.056703  0.056703 -0.088715  0.027353  0.027353  0.104882  0.118348
  0.083807 -0.015406 -0.136885  0.025112  0.025112  0.025112 -0.065138 -0.028629
  0.010373  0.010373 -0.296178  0.167665 -0.086241  0.024937  0.024937  0.024937
 -0.226715  0.088594  0.088594 -0.117810  0.039958  0.039958 -0.013065 -0.004281
 -0.004281  0.334273  0.077853 -0.121057  0.022879  0.022879  0.022879  0.005435
  0.002529  0.002529 -0.069061  0.005403  0.005403  0.259462 -0.040203 -0.203245
  0.039311  0.039311  0.039311 -0.213849  0.042292  0.042292  0.042292 -0.633304
  0.407187 -0.709582  0.415814  0.118915  0.022233  0.024368 -0.039046  0.063390
  0.013801  0.049942  0.042510  0.006642 -0.083049  0.012806  0.012806  0.085001
 -0.081737  0.029064  0.029064 -0.133208  0.056703  0.056703 -0.088715  0.027353
  0.027353  0.104882  0.118348  0.083807 -0.015406 -0.136885  0.025112  0.025112
  0.025112 -0.065138 -0.028629  0.010373  0.010373 -0.296178  0.167665 -0.086241
  0.024937  0.024937  0.024937 -0.226715  0.088594  0.088594 -0.117810  0.039958
  0.039958 -0.013065 -0.004281 -0.004281  0.334273  0.077853 -0.121057  0.022879
  0.022879  0.022879  0.005435  0.002529  0.002529 -0.069061  0.005403  0.005403
  0.259462 -0.040203 -0.203245  0.039311  0.039311  0.039311 -0.213849  0.042292
  0.042292  0.042292 -0.633304  0.407187 -0.709582  0.415814  0.118915  0.022233
  0.024368 -0.039046  0.063390  0.013801  0.049942  0.042510  0.006642 -0.083049
  0.012806  0.012806  0.085001 -0.081737  0.029064  0.029064 -0.133208  0.056703
  0.056703 -0.088715  0.027353  0.027353  0.104882  0.118348  0.083807 -0.015406
 -0.136885  0.025112  0.025112  0.025112 -0.065138 -0.028629  0.010373  0.010373
 -0.296178  0.167665 -0.086241  0.024937  0.024937  0.024937 -0.226715  0.088594
  0.088594 -0.117810  0.039958  0.039958 -0.013065 -0.004281 -0.004281  0.334273
  0.077853 -0.121057  0.022879  0.022879  0.022879  0.005435  0.002529  0.002529
 -0.069061  0.005403  0.005403  0.259462 -0.040203 -0.203245  0.039311  0.039311
  0.039311 -0.213849  0.042292  0.042292  0.042292 -0.633304  0.407187 -0.709582
  0.415814  0.118915  0.022233  0.024368 -0.039046  0.063390  0.013801  0.049942
  0.042510  0.006642 -0.083049  0.012806  0.012806  0.085001 -0.081737  0.029064
  0.029064 -0.133208  0.056703  0.056703 -0.088715  0.027353  0.027353  0.104882
  0.118348  0.083807 -0.015406 -0.136885  0.025112  0.025112  0.025112 -0.065138
 -0.028629  0.010373  0.010373 -0.296178  0.167665 -0.086241  0.024937  0.024937
  0.024937 -0.226715  0.088594  0.088594 -0.117810  0.039958  0.039958 -0.013065
 -0.004281 -0.004281  0.334273  0.077853 -0.121057  0.022879  0.022879  0.022879
  0.005435  0.002529  0.002529 -0.069061  0.005403  0.005403  0.259462 -0.040203
 -0.203245  0.039311  0.039311  0.039311 -0.213849  0.042292  0.042292  0.042292
 -0.633304  0.407187 -0.709582  0.415814  0.118915  0.022233  0.024368 -0.039046
  0.063390  0.013801  0.049942  0.042510  0.006642 -0.083049  0.012806  0.012806
  0.085001 -0.081737  0.029064  0.029064 -0.133208  0.056703  0.056703 -0.088715
  0.027353  0.027353  0.104882  0.118348  0.083807 -0.015406 -0.136885  0.025112
  0.025112  0.025112 -0.065138 -0.028629  0.010373  0.010373 -0.296178  0.167665
 -0.086241  0.024937  0.024937  0.024937 -0.226715  0.088594  0.088594 -0.117810
  0.039958  0.039958 -0.013065 -0.004281 -0.004281  0.334273  0.077853 -0.121057
  0.022879  0.022879  0.022879  0.005435  0.002529  0.002529 -0.069061  0.005403
  0.005403  0.259462 -0.040203 -0.203245  0.039311  0.039311  0.039311 -0.213849
  0.042292  0.042292  0.042292 -0.633304  0.407187 -0.709582  0.415814  0.118915
  0.022233  0.024368 -0.039046  0.063390  0.013801  0.049942  0.042510  0.006642
 -0.083049  0.012806  0.012806  0.085001 -0.081737  0.029064  0.029064 -0.133208
  0.056703  0.056703 -0.088715  0.027353  0.027353  0.104882  0.118348  0.083807
 -0.015406 -0.136885  0.025112  0.025112  0.025112 -0.065138 -0.028629  0.010373
  0.010373 -0.296178  0.167665 -0.086241  0.024937  0.024937  0.024937 -0.226715
  0.088594  0.088594 -0.117810  0.039958  0.039958 -0.013065 -0.004281 -0.004281
  0.334273  0.077853 -0.121057  0.022879  0.022879  0.022879  0.005435  0.002529
  0.002529 -0.069061  0.005403  0.005403  0.259462 -0.040203 -0.203245  0.039311
  0.039311  0.039311 -0.213849  0.042292  0.042292  0.042292 -0.633304  0.407187
 -0.709582  0.415814  0.118915  0.022233  0.024368 -0.039046  0.063390  0.013801
  0.049942  0.042510  0.006642 -0.083049  0.012806  0.012806  0.085001 -0.081737
  0.029064  0.029064 -0.133208  0.056703  0.056703 -0.088715  0.027353  0.027353
  0.104882  0.118348  0.083807 -0.015406 -0.136885  0.025112  0.025112  0.025112
 -0.065138 -0.028629  0.010373  0.010373 -0.296178  0.167665 -0.086241  0.024937
  0.024937  0.024937 -0.226715  0.088594  0.088594 -0.117810  0.039958  0.039958
 -0.013065 -0.004281 -0.004281  0.334273  0.077853 -0.121057  0.022879  0.022879
  0.022879  0.005435  0.002529  0.002529 -0.069061  0.005403  0.005403  0.259462
 -0.040203 -0.203245  0.039311  0.039311  0.039311 -0.213849  0.042292  0.042292
  0.042292 -0.633304  0.407187 -0.709582  0.415814  0.118915  0.022233  0.024368
 -0.039046  0.063390  0.013801  0.049942  0.042510  0.006642 -0.083049  0.012806
  0.012806  0.085001 -0.081737  0.029064  0.029064 -0.133208  0.056703  0.056703
 -0.088715  0.027353  0.027353  0.104882  0.118348  0.083807 -0.015406 -0.136885
  0.025112  0.025112  0.025112 -0.065138 -0.028629  0.010373  0.010373 -0.296178
  0.167665 -0.086241  0.024937  0.024937  0.024937 -0.226715  0.088594  0.088594
 -0.117810  0.039958  0.039958 -0.013065 -0.004281 -0.004281  0.334273  0.077853
 -0.121057  0.022879  0.022879  0.022879  0.005435  0.002529  0.002529 -0.069061
  0.005403  0.005403  0.259462 -0.040203 -0.203245  0.039311  0.039311  0.039311
 -0.213849  0.042292  0.042292  0.042292 -0.633304  0.407187 -0.709582  0.415814
  0.118915  0.022233  0.024368 -0.039046  0.063390  0.013801  0.049942  0.042510
  0.006642 -0.083049  0.012806  0.012806  0.085001 -0.081737  0.029064  0.029064
 -0.133208  0.056703  0.056703 -0.088715  0.027353  0.027353  0.104882  0.118348
  0.083807 -0.015406 -0.136885  0.025112  0.025112  0.025112 -0.065138 -0.028629
  0.010373  0.010373 -0.296178  0.167665 -0.086241  0.024937  0.024937  0.024937
 -0.226715  0.088594  0.088594 -0.117810  0.039958  0.039958 -0.013065 -0.004281
 -0.004281  0.334273  0.077853 -0.121057  0.022879  0.022879  0.022879  0.005435
  0.002529  0.002529 -0.069061  0.005403  0.005403  0.259462 -0.040203 -0.203245
  0.039311  0.039311  0.039311 -0.213849  0.042292  0.042292  0.042292 -0.633304
  0.407187 -0.709582  0.415814  0.118915  0.022233  0.024368 -0.039046  0.063390
  0.013801  0.049942  0.042510  0.006642 -0.083049  0.012806  0.012806  0.085001
 -0.081737  0.029064  0.029064 -0.133208  0.056703  0.056703 -0.088715  0.027353
  0.027353  0.104882  0.118348  0.083807 -0.015406 -0.136885  0.025112  0.025112
  0.025112 -0.065138 -0.028629  0.010373  0.010373 -0.296178  0.167665 -0.086241
  0.024937  0.024937  0.024937 -0.226715  0.088594  0.088594 -0.117810  0.039958
  0.039958 -0.013065 -0.004281 -0.004281  0.334273  0.077853 -0.121057  0.022879
  0.022879  0.022879  0.005435  0.002529  0.002529 -0.069061  0.005403  0.005403
  0.259462 -0.040203 -0.203245  0.039311  0.039311  0.039311 -0.213849  0.042292
  0.042292  0.042292 -0.633304  0.407187 -0.709582  0.415814  0.118915  0.022233
  0.024368 -0.039046  0.063390  0.013801  0.049942  0.042510  0.006642 -0.083049
  0.012806  0.012806  0.085001 -0.081737  0.029064  0.029064 -0.133208  0.056703
  0.056703 -0.088715  0.027353  0.027353  0.104882  0.118348  0.083807 -0.015406
 -0.136885  0.025112  0.025112  0.025112 -0.065138 -0.028629  0.010373  0.010373
 -0.296178  0.167665 -0.086241  0.024937  0.024937  0.024937 -0.226715  0.088594
  0.088594 -0.117810  0.039958  0.039958 -0.013065 -0.004281 -0.004281  0.334273
  0.077853 -0.121057  0.022879  0.022879  0.022879  0.005435  0.002529  0.002529
 -0.069061  0.005403  0.005403  0.259462 -0.040203 -0.203245  0.039311  0.039311
  0.039311 -0.213849  0.042292  0.042292  0.042292 -0.633304  0.407187 -0.709582
  0.415814  0.118915  0.022233  0.024368 -0.039046  0.063390  0.013801  0.049942
  0.042510  0.006642 -0.083049  0.012806  0.012806  0.085001 -0.081737  0.029064
  0.029064 -0.133208  0.056703  0.056703 -0.088715  0.027353  0.027353  0.104882
  0.118348  0.083807 -0.015406 -0.136885  0.025112  0.025112  0.025112 -0.065138
 -0.028629  0.010373  0.010373 -0.296178  0.167665 -0.086241  0.024937  0.024937
  0.024937 -0.226715  0.088594  0.088594 -0.117810  0.039958  0.039958 -0.013065
 -0.004281 -0.004281  0.334273  0.077853 -0.121057  0.022879  0.022879  0.022879
  0.005435  0.002529  0.002529 -0.069061  0.005403  0.005403  0.259462 -0.040203
 -0.203245  0.039311  0.039311  0.039311 -0.213849  0.042292  0.042292  0.042292
 -0.633304  0.407187 -0.709582  0.415814  0.118915  0.022233  0.024368 -0.039046
  0.063390  0.013801  0.049942  0.042510  0.006642 -0.083049  0.012806  0.012806
  0.085001 -0.081737  0.029064  0.029064 -0.133208  0.056703  0.056703 -0.088715
  0.027353  0.027353  0.104882  0.118348  0.083807 -0.015406 -0.136885  0.025112
  0.025112  0.025112 -0.065138 -0.028629  0.010373  0.010373 -0.296178  0.167665
 -0.086241  0.024937  0.024937  0.024937 -0.226715  0.088594  0.088594 -0.117810
  0.039958  0.039958 -0.013065 -0.004281 -0.004281  0.334273  0.077853 -0.121057
  0.022879  0.022879  0.022879  0.005435  0.002529  0.002529 -0.069061  0.005403
  0.005403  0.259462 -0.040203 -0.203245  0.039311  0.039311  0.039311 -0.213849
  0.042292  0.042292  0.042292 -0.633304  0.407187 -0.709582  0.415814  0.118915
  0.022233  0.024368 -0.039046  0.063390  0.013801  0.049942  0.042510  0.006642
 -0.083049  0.012806  0.012806  0.085001 -0.081737  0.029064  0.029064 -0.133208
  0.056703  0.056703 -0.088715  0.027353  0.027353  0.104882  0.118348  0.083807
 -0.015406 -0.136885  0.025112  0.025112  0.025112 -0.065138 -0.028629  0.010373
  0.010373 -0.296178  0.167665 -0.086241  0.024937  0.024937  0.024937 -0.226715
  0.088594  0.088594 -0.117810  0.039958  0.039958 -0.013065 -0.004281 -0.004281
  0.334273  0.077853 -0.121057  0.022879  0.022879  0.022879  0.005435  0.002529
  0.002529 -0.069061  0.005403  0.005403  0.259462 -0.040203 -0.203245  0.039311
  0.039311  0.039311 -0.213849  0.042292  0.042292  0.042292 -0.633304  0.407187
 -0.709582  0.415814  0.118915  0.022233  0.024368 -0.039046  0.063390  0.013801
  0.049942  0.042510  0.006642 -0.083049  0.012806  0.012806  0.085001 -0.081737
  0.029064  0.029064 -0.133208  0.056703  0.056703 -0.088715  0.027353  0.027353
  0.104882  0.118348  0.083807 -0.015406 -0.136885  0.025112  0.025112  0.025112
 -0.065138 -0.028629  0.010373  0.010373 -0.296178  0.167665 -0.086241  0.024937
  0.024937  0.024937 -0.226715  0.088594  0.088594 -0.117810  0.039958  0.039958
 -0.013065 -0.004281 -0.004281  0.334273  0.077853 -0.121057  0.022879  0.022879
  0.022879  0.005435  0.002529  0.002529 -0.069061  0.005403  0.005403  0.259462
 -0.040203 -0.203245  0.039311  0.039311  0.039311 -0.213849  0.042292  0.042292
  0.042292 -0.633304  0.407187 -0.709582  0.415814  0.118915  0.022233  0.024368
 -0.039046  0.063390  0.013801  0.049942  0.042510  0.006642 -0.083049  0.012806
  0.012806  0.085001 -0.081737  0.029064  0.029064 -0.133208  0.056703  0.056703
 -0.088715  0.027353  0.027353  0.104882  0.118348  0.083807 -0.015406 -0.136885
  0.025112  0.025112  0.025112 -0.065138 -0.028629  0.010373  0.010373 -0.296178
  0.167665 -0.086241  0.024937  0.024937  0.024937 -0.226715  0.088594  0.088594
 -0.117810  0.039958  0.039958 -0.013065 -0.004281 -0.004281  0.334273  0.077853
 -0.121057  0.022879  0.022879  0.022879  0.005435  0.002529  0.002529 -0.069061
  0.005403  0.005403  0.259462 -0.040203 -0.203245  0.039311  0.039311  0.039311
 -0.213849  0.042292  0.042292  0.042292 -0.633304  0.407187 -0.709582  0.415814
  0.118915  0.022233  0.024368 -0.039046  0.063390  0.013801  0.049942  0.042510
  0.006642 -0.083049  0.012806  0.012806  0.085001 -0.081737  0.029064  0.029064
 -0.133208  0.056703  0.056703 -0.088715  0.027353  0.027353  0.104882  0.118348
  0.083807 -0.015406 -0.136885  0.025112  0.025112  0.025112 -0.065138 -0.028629
  0.010373  0.010373 -0.296178  0.167665 -0.086241  0.024937  0.024937  0.024937
 -0.226715  0.088594  0.088594 -0.117810  0.039958  0.039958 -0.013065 -0.004281
 -0.004281  0.334273  0.077853 -0.121057  0.022879  0.022879  0.022879  0.005435
  0.002529  0.002529 -0.069061  0.005403  0.005403  0.259462 -0.040203 -0.203245
  0.039311  0.039311  0.039311 -0.213849  0.042292  0.042292  0.042292 -0.633304
  0.407187 -0.709582  0.415814  0.118915  0.022233  0.024368 -0.039046  0.063390
  0.013801  0.049942  0.042510  0.006642 -0.083049  0.012806  0.012806  0.085001
 -0.081737  0.029064  0.029064 -0.133208  0.056703  0.056703 -0.088715  0.027353
  0.027353  0.104882  0.118348  0.083807 -0.015406 -0.136885  0.025112  0.025112
  0.025112 -0.065138 -0.028629  0.010373  0.010373 -0.296178  0.167665 -0.086241
  0.024937  0.024937  0.024937 -0.226715  0.088594  0.088594 -0.117810  0.039958
  0.039958 -0.013065 -0.004281 -0.004281  0.334273  0.077853 -0.121057  0.022879
  0.022879  0.022879  0.005435  0.002529  0.002529 -0.069061  0.005403  0.005403
  0.259462 -0.040203 -0.203245  0.039311  0.039311  0.039311 -0.213849  0.042292
  0.042292  0.042292 -0.633304  0.407187 -0.709582  0.415814  0.118915  0.022233
  0.024368 -0.039046  0.063390  0.013801  0.049942  0.042510  0.006642 -0.083049
  0.012806  0.012806  0.085001 -0.081737  0.029064  0.029064 -0.133208  0.056703
  0.056703 -0.088715  0.027353  0.027353  0.104882  0.118348  0.083807 -0.015406
 -0.136885  0.025112  0.025112  0.025112 -0.065138 -0.028629  0.010373  0.010373
 -0.296178  0.167665 -0.086241  0.024937  0.024937  0.024937 -0.226715  0.088594
  0.088594 -0.117810  0.039958  0.039958 -0.013065 -0.004281 -0.004281  0.334273
  0.077853 -0.121057  0.022879  0.022879  0.022879  0.005435  0.002529  0.002529
 -0.069061  0.005403  0.005403  0.259462 -0.040203 -0.203245  0.039311  0.039311
  0.039311 -0.213849  0.042292  0.042292  0.042292 -0.633304  0.407187 -0.709582
  0.415814  0.118915  0.022233  0.024368 -0.039046  0.063390  0.013801  0.049942
  0.042510  0.006642 -0.083049  0.012806  0.012806  0.085001 -0.081737  0.029064
  0.029064 -0.133208  0.056703  0.056703 -0.088715  0.027353  0.027353  0.104882
  0.118348  0.083807 -0.015406 -0.136885  0.025112  0.025112  0.025112 -0.065138
 -0.028629  0.010373  0.010373 -0.296178  0.167665 -0.086241  0.024937  0.024937
  0.024937 -0.226715  0.088594  0.088594 -0.117810  0.039958  0.039958 -0.013065
 -0.004281 -0.004281  0.334273  0.077853 -0.121057  0.022879  0.022879  0.022879
  0.005435  0.002529  0.002529 -0.069061  0.005403  0.005403  0.259462 -0.040203
 -0.203245  0.039311  0.039311  0.039311 -0.213849  0.042292  0.042292  0.042292
 -0.633304  0.407187 -0.709582  0.415814  0.118915  0.022233  0.024368 -0.039046
  0.063390  0.013801  0.049942  0.042510  0.006642 -0.083049  0.012806  0.012806
  0.085001 -0.081737  0.029064  0.029064 -0.133208  0.056703  0.056703 -0.088715
  0.027353  0.027353  0.104882  0.118348  0.083807 -0.015406 -0.136885  0.025112
  0.025112  0.025112 -0.065138 -0.028629  0.010373  0.010373 -0.296178  0.167665
 -0.086241  0.024937  0.024937  0.024937 -0.226715  0.088594  0.088594 -0.117810
  0.039958  0.039958 -0.013065 -0.004281 -0.004281  0.334273  0.077853 -0.121057
  0.022879  0.022879  0.022879  0.005435  0.002529  0.002529 -0.069061  0.005403
  0.005403  0.259462 -0.040203 -0.203245  0.039311  0.039311  0.039311 -0.213849
  0.042292  0.042292  0.042292 -0.633304  0.407187 -0.709582  0.415814  0.118915
  0.022233  0.024368 -0.039046  0.063390  0.013801  0.049942  0.042510  0.006642
 -0.083049  0.012806  0.012806  0.085001 -0.081737  0.029064  0.029064 -0.133208
  0.056703  0.056703 -0.088715  0.027353  0.027353  0.104882  0.118348  0.083807
 -0.015406 -0.136885  0.025112  0.025112  0.025112 -0.065138 -0.028629  0.010373
  0.010373 -0.296178  0.167665 -0.086241  0.024937  0.024937  0.024937 -0.226715
  0.088594  0.088594 -0.117810  0.039958  0.039958 -0.013065 -0.004281 -0.004281
  0.334273  0.077853 -0.121057  0.022879  0.022879  0.022879  0.005435  0.002529
  0.002529 -0.069061  0.005403  0.005403  0.259462 -0.040203 -0.203245  0.039311
  0.039311  0.039311 -0.213849  0.042292  0.042292  0.042292 -0.633304  0.407187
 -0.709582  0.415814  0.118915  0.022233  0.024368 -0.039046  0.063390  0.013801
  0.049942  0.042510  0.006642 -0.083049  0.012806  0.012806  0.085001 -0.081737
  0.029064  0.029064 -0.133208  0.056703  0.056703 -0.088715  0.027353  0.027353
  0.104882  0.118348  0.083807 -0.015406 -0.136885  0.025112  0.025112  0.025112
 -0.065138 -0.028629  0.010373  0.010373 -0.296178  0.167665 -0.086241  0.024937
  0.024937  0.024937 -0.226715  0.088594  0.088594 -0.117810  0.039958  0.039958
 -0.013065 -0.004281 -0.004281  0.334273  0.077853 -0.121057  0.022879  0.022879
  0.022879  0.005435  0.002529  0.002529 -0.069061  0.005403  0.005403  0.259462
 -0.040203 -0.203245  0.039311  0.039311  0.039311 -0.213849  0.042292  0.042292
  0.042292 -0.633304  0.407187 -0.709582  0.415814  0.118915  0.022233  0.024368
 -0.039046  0.063390  0.013801  0.049942  0.042510  0.006642 -0.083049  0.012806
  0.012806  0.085001 -0.081737  0.029064  0.029064 -0.133208  0.056703  0.056703
 -0.088715  0.027353  0.027353  0.104882  0.118348  0.083807 -0.015406 -0.136885
  0.025112  0.025112  0.025112 -0.065138 -0.028629  0.010373  0.010373 -0.296178
  0.167665 -0.086241  0.024937  0.024937  0.024937 -0.226715  0.088594  0.088594
 -0.117810  0.039958  0.039958 -0.013065 -0.004281 -0.004281  0.334273  0.077853
 -0.121057  0.022879  0.022879  0.022879  0.005435  0.002529  0.002529 -0.069061
  0.005403  0.005403  0.259462 -0.040203 -0.203245  0.039311  0.039311  0.039311
 -0.213849  0.042292  0.042292  0.042292 -0.633304  0.407187 -0.709582  0.415814
  0.118915  0.022233  0.024368 -0.039046  0.063390  0.013801  0.049942  0.042510
  0.006642 -0.083049  0.012806  0.012806  0.085001 -0.081737  0.029064  0.029064
 -0.133208  0.056703  0.056703 -0.088715  0.027353  0.027353  0.104882  0.118348
  0.083807 -0.015406 -0.136885  0.025112  0.025112  0.025112 -0.065138 -0.028629
  0.010373  0.010373 -0.296178  0.167665 -0.086241  0.024937  0.024937  0.024937
 -0.226715  0.088594  0.088594 -0.117810  0.039958  0.039958 -0.013065 -0.004281
 -0.004281  0.334273  0.077853 -0.121057  0.022879  0.022879  0.022879  0.005435
  0.002529  0.002529 -0.069061  0.005403  0.005403  0.259462 -0.040203 -0.203245
  0.039311  0.039311  0.039311 -0.213849  0.042292  0.042292  0.042292 -0.633304
  0.407187 -0.709582  0.415814  0.118915  0.022233  0.024368 -0.039046  0.063390
  0.013801  0.049942  0.042510  0.006642 -0.083049  0.012806  0.012806  0.085001
 -0.081737  0.029064  0.029064 -0.133208  0.056703  0.056703 -0.088715  0.027353
  0.027353  0.104882  0.118348  0.083807 -0.015406 -0.136885  0.025112  0.025112
  0.025112 -0.065138 -0.028629  0.010373  0.010373 -0.296178  0.167665 -0.086241
  0.024937  0.024937  0.024937 -0.226715  0.088594  0.088594 -0.117810  0.039958
  0.039958 -0.013065 -0.004281 -0.004281  0.334273  0.077853 -0.121057  0.022879
  0.022879  0.022879  0.005435  0.002529  0.002529 -0.069061  0.005403  0.005403
  0.259462 -0.040203 -0.203245  0.039311  0.039311  0.039311 -0.213849  0.042292
  0.042292  0.042292 -0.633304  0.407187 -0.709582  0.415814  0.118915  0.022233
  0.024368 -0.039046  0.063390  0.013801  0.049942  0.042510  0.006642 -0.083049
  0.012806  0.012806  0.085001 -0.081737  0.029064  0.029064 -0.133208  0.056703
  0.056703 -0.088715  0.027353  0.027353  0.104882  0.118348  0.083807 -0.015406
 -0.136885  0.025112  0.025112  0.025112 -0.065138 -0.028629  0.010373  0.010373
 -0.296178  0.167665 -0.086241  0.024937  0.024937  0.024937 -0.226715  0.088594
  0.088594 -0.117810  0.039958  0.039958 -0.013065 -0.004281 -0.004281  0.334273
  0.077853 -0.121057  0.022879  0.022879  0.022879  0.005435  0.002529  0.002529
 -0.069061  0.005403  0.005403  0.259462 -0.040203 -0.203245  0.039311  0.039311
  0.039311 -0.213849  0.042292  0.042292  0.042292 -0.633304  0.407187 -0.709582
  0.415814  0.118915  0.022233  0.024368 -0.039046  0.063390  0.013801  0.049942
  0.042510  0.006642 -0.083049  0.012806  0.012806  0.085001 -0.081737  0.029064
  0.029064 -0.133208  0.056703  0.056703 -0.088715  0.027353  0.027353  0.104882
  0.118348  0.083807 -0.015406 -0.136885  0.025112  0.025112  0.025112 -0.065138
 -0.028629  0.010373  0.010373 -0.296178  0.167665 -0.086241  0.024937  0.024937
  0.024937 -0.226715  0.088594  0.088594 -0.117810  0.039958  0.039958 -0.013065
 -0.004281 -0.004281  0.334273  0.077853 -0.121057  0.022879  0.022879  0.022879
  0.005435  0.002529  0.002529 -0.069061  0.005403  0.005403  0.259462 -0.040203
 -0.203245  0.039311  0.039311  0.039311 -0.213849  0.042292  0.042292  0.042292
 -0.633304  0.407187 -0.709582  0.415814  0.118915  0.022233  0.024368 -0.039046
  0.063390  0.013801  0.049942  0.042510  0.006642 -0.083049  0.012806  0.012806
  0.085001 -0.081737  0.029064  0.029064 -0.133208  0.056703  0.056703 -0.088715
  0.027353  0.027353  0.104882  0.118348  0.083807 -0.015406 -0.136885  0.025112
  0.025112  0.025112 -0.065138 -0.028629  0.010373  0.010373 -0.296178  0.167665
 -0.086241  0.024937  0.024937  0.024937 -0.226715  0.088594  0.088594 -0.117810
  0.039958  0.039958 -0.013065 -0.004281 -0.004281  0.334273  0.077853 -0.121057
  0.022879  0.022879  0.022879  0.005435  0.002529  0.002529 -0.069061  0.005403
  0.005403  0.259462 -0.040203 -0.203245  0.039311  0.039311  0.039311 -0.213849
  0.042292  0.042292  0.042292 -0.633304  0.407187 -0.709582  0.415814  0.118915
  0.022233  0.024368 -0.039046  0.063390  0.013801  0.049942  0.042510  0.006642
 -0.083049  0.012806  0.012806  0.085001 -0.081737  0.029064  0.029064 -0.133208
  0.056703  0.056703 -0.088715  0.027353  0.027353  0.104882  0.118348  0.083807
 -0.015406 -0.136885  0.025112  0.025112  0.025112 -0.065138 -0.028629  0.010373
  0.010373 -0.296178  0.167665 -0.086241  0.024937  0.024937  0.024937 -0.226715
  0.088594  0.088594 -0.117810  0.039958  0.039958 -0.013065 -0.004281 -0.004281
  0.334273  0.077853 -0.121057  0.022879  0.022879  0.022879  0.005435  0.002529
  0.002529 -0.069061  0.005403  0.005403  0.259462 -0.040203 -0.203245  0.039311
  0.039311  0.039311 -0.213849  0.042292  0.042292  0.042292 -0.633304  0.407187
 -0.709582  0.415814  0.118915  0.022233  0.024368 -0.039046  0.063390  0.013801
  0.049942  0.042510  0.006642 -0.083049  0.012806  0.012806  0.085001 -0.081737
  0.029064  0.029064 -0.133208  0.056703  0.056703 -0.088715  0.027353  0.027353
  0.104882  0.118348  0.083807 -0.015406 -0.136885  0.025112  0.025112  0.025112
 -0.065138 -0.028629  0.010373  0.010373 -0.296178  0.167665 -0.086241  0.024937
  0.024937  0.024937 -0.226715  0.088594  0.088594 -0.117810  0.039958  0.039958
 -0.013065 -0.004281 -0.004281  0.334273  0.077853 -0.121057  0.022879  0.022879
  0.022879  0.005435  0.002529  0.002529 -0.069061  0.005403  0.005403  0.259462
 -0.040203 -0.203245  0.039311  0.039311  0.039311 -0.213849  0.042292  0.042292
  0.042292 -0.633304  0.407187 -0.709582  0.415814  0.118915  0.022233  0.024368
 -0.039046  0.063390  0.013801  0.049942  0.042510  0.006642 -0.083049  0.012806
  0.012806  0.085001 -0.081737  0.029064  0.029064 -0.133208  0.056703  0.056703
 -0.088715  0.027353  0.027353  0.104882  0.118348  0.083807 -0.015406 -0.136885
  0.025112  0.025112  0.025112 -0.065138 -0.028629  0.010373  0.010373 -0.296178
  0.167665 -0.086241  0.024937  0.024937  0.024937 -0.226715  0.088594  0.088594
 -0.117810  0.039958  0.039958 -0.013065 -0.004281 -0.004281  0.334273  0.077853
 -0.121057  0.022879  0.022879  0.022879  0.005435  0.002529  0.002529 -0.069061
  0.005403  0.005403  0.259462 -0.040203 -0.203245  0.039311  0.039311  0.039311
 -0.213849  0.042292  0.042292  0.042292 -0.633304  0.407187 -0.709582  0.415814
  0.118915  0.022233  0.024368 -0.039046  0.063390  0.013801  0.049942  0.042510
  0.006642 -0.083049  0.012806  0.012806  0.085001 -0.081737  0.029064  0.029064
 -0.133208  0.056703  0.056703 -0.088715  0.027353  0.027353  0.104882  0.118348
  0.083807 -0.015406 -0.136885  0.025112  0.025112  0.025112 -0.065138 -0.028629
  0.010373  0.010373 -0.296178  0.167665 -0.086241  0.024937  0.024937  0.024937
 -0.226715  0.088594  0.088594 -0.117810  0.039958  0.039958 -0.013065 -0.004281
 -0.004281  0.334273  0.077853 -0.121057  0.022879  0.022879  0.022879  0.005435
  0.002529  0.002529 -0.069061  0.005403  0.005403  0.259462 -0.040203 -0.203245
  0.039311  0.039311  0.039311 -0.213849  0.042292  0.042292  0.042292 -0.633304
  0.407187 -0.709582  0.415814  0.118915  0.022233  0.024368 -0.039046  0.063390
  0.013801  0.049942  0.042510  0.006642 -0.083049  0.012806  0.012806  0.085001
 -0.081737  0.029064  0.029064 -0.133208  0.056703  0.056703 -0.088715  0.027353
  0.027353  0.104882  0.118348  0.083807 -0.015406 -0.136885  0.025112  0.025112
  0.025112 -0.065138 -0.028629  0.010373  0.010373 -0.296178  0.167665 -0.086241
  0.024937  0.024937  0.024937 -0.226715  0.088594  0.088594 -0.117810  0.039958
  0.039958 -0.013065 -0.004281 -0.004281  0.334273  0.077853 -0.121057  0.022879
  0.022879  0.022879  0.005435  0.002529  0.002529 -0.069061  0.005403  0.005403
  0.259462 -0.040203 -0.203245  0.039311  0.039311  0.039311 -0.213849  0.042292
  0.042292  0.042292 -0.633304  0.407187 -0.709582  0.415814  0.118915  0.022233
  0.024368 -0.039046  0.063390  0.013801  0.049942  0.042510  0.006642 -0.083049
  0.012806  0.012806  0.085001 -0.081737  0.029064  0.029064 -0.133208  0.056703
  0.056703 -0.088715  0.027353  0.027353  0.104882  0.118348  0.083807 -0.015406
 -0.136885  0.025112  0.025112  0.025112 -0.065138 -0.028629  0.010373  0.010373
 -0.296178  0.167665 -0.086241  0.024937  0.024937  0.024937 -0.226715  0.088594
  0.088594 -0.117810  0.039958  0.039958 -0.013065 -0.004281 -0.004281  0.334273
  0.077853 -0.121057  0.022879  0.022879  0.022879  0.005435  0.002529  0.002529
 -0.069061  0.005403  0.005403  0.259462 -0.040203 -0.203245  0.039311  0.039311
  0.039311 -0.213849  0.042292  0.042292  0.042292 -0.633304  0.407187 -0.709582
  0.415814  0.118915  0.022233  0.024368 -0.039046  0.063390  0.013801  0.049942
  0.042510  0.006642 -0.083049  0.012806  0.012806  0.085001 -0.081737  0.029064
  0.029064 -0.133208  0.056703  0.056703 -0.088715  0.027353  0.027353  0.104882
  0.118348  0.083807 -0.015406 -0.136885  0.025112  0.025112  0.025112 -0.065138
 -0.028629  0.010373  0.010373 -0.296178  0.167665 -0.086241  0.024937  0.024937
  0.024937 -0.226715  0.088594  0.088594 -0.117810  0.039958  0.039958 -0.013065
 -0.004281 -0.004281  0.334273  0.077853 -0.121057  0.022879  0.022879  0.022879
  0.005435  0.002529  0.002529 -0.069061  0.005403  0.005403  0.259462 -0.040203
 -0.203245  0.039311  0.039311  0.039311 -0.213849  0.042292  0.042292  0.042292
 -0.633304  0.407187 -0.709582  0.415814  0.118915  0.022233  0.024368 -0.039046
  0.063390  0.013801  0.049942  0.042510  0.006642 -0.083049  0.012806  0.012806
  0.085001 -0.081737  0.029064  0.029064 -0.133208  0.056703  0.056703 -0.088715
  0.027353  0.027353  0.104882  0.118348  0.083807 -0.015406 -0.136885  0.025112
  0.025112  0.025112 -0.065138 -0.028629  0.010373  0.010373 -0.296178  0.167665
 -0.086241  0.024937  0.024937  0.024937 -0.226715  0.088594  0.088594 -0.117810
  0.039958  0.039958 -0.013065 -0.004281 -0.004281  0.334273  0.077853 -0.121057
  0.022879  0.022879  0.022879  0.005435  0.002529  0.002529 -0.069061  0.005403
  0.005403  0.259462 -0.040203 -0.203245  0.039311  0.039311  0.039311 -0.213849
  0.042292  0.042292  0.042292 -0.633304  0.407187 -0.709582  0.415814  0.118915
  0.022233  0.024368 -0.039046  0.063390  0.013801  0.049942  0.042510  0.006642
 -0.083049  0.012806  0.012806  0.085001 -0.081737  0.029064  0.029064 -0.133208
  0.056703  0.056703 -0.088715  0.027353  0.027353  0.104882  0.118348  0.083807
 -0.015406 -0.136885  0.025112  0.025112  0.025112 -0.065138 -0.028629  0.010373
  0.010373 -0.296178  0.167665 -0.086241  0.024937  0.024937  0.024937 -0.226715
  0.088594  0.088594 -0.117810  0.039958  0.039958 -0.013065 -0.004281 -0.004281
  0.334273  0.077853 -0.121057  0.022879  0.022879  0.022879  0.005435  0.002529
  0.002529 -0.069061  0.005403  0.005403  0.259462 -0.040203 -0.203245  0.039311
  0.039311  0.039311 -0.213849  0.042292  0.042292  0.042292 -0.633304  0.407187
 -0.709582  0.415814  0.118915  0.022233  0.024368 -0.039046  0.063390  0.013801
  0.049942  0.042510  0.006642 -0.083049  0.012806  0.012806  0.085001 -0.081737
  0.029064  0.029064 -0.133208  0.056703  0.056703 -0.088715  0.027353  0.027353
  0.104882  0.118348  0.083807 -0.015406 -0.136885  0.025112  0.025112  0.025112
 -0.065138 -0.028629  0.010373  0.010373 -0.296178  0.167665 -0.086241  0.024937
  0.024937  0.024937 -0.226715  0.088594  0.088594 -0.117810  0.039958  0.039958
 -0.013065 -0.004281 -0.004281  0.334273  0.077853 -0.121057  0.022879  0.022879
  0.022879  0.005435  0.002529  0.002529 -0.069061  0.005403  0.005403  0.259462
 -0.040203 -0.203245  0.039311  0.039311  0.039311 -0.213849  0.042292  0.042292
  0.042292 -0.633304  0.407187 -0.709582  0.415814  0.118915  0.022233  0.024368
 -0.039046  0.063390  0.013801  0.049942  0.042510  0.006642 -0.083049  0.012806
  0.012806  0.085001 -0.081737  0.029064  0.029064 -0.133208  0.056703  0.056703
 -0.088715  0.027353  0.027353  0.104882  0.118348  0.083807 -0.015406 -0.136885
  0.025112  0.025112  0.025112 -0.065138 -0.028629  0.010373  0.010373 -0.296178
  0.167665 -0.086241  0.024937  0.024937  0.024937 -0.226715  0.088594  0.088594
 -0.117810  0.039958  0.039958 -0.013065 -0.004281 -0.004281  0.334273  0.077853
 -0.121057  0.022879  0.022879  0.022879  0.005435  0.002529  0.002529 -0.069061
  0.005403  0.005403  0.259462 -0.040203 -0.203245  0.039311  0.039311  0.039311
 -0.213849  0.042292  0.042292  0.042292 -0.633304  0.407187 -0.709582  0.415814
  0.118915  0.022233  0.024368 -0.039046  0.063390  0.013801  0.049942  0.042510
  0.006642 -0.083049  0.012806  0.012806  0.085001 -0.081737  0.029064  0.029064
 -0.133208  0.056703  0.056703 -0.088715  0.027353  0.027353  0.104882  0.118348
  0.083807 -0.015406 -0.136885  0.025112  0.025112  0.025112 -0.065138 -0.028629
  0.010373  0.010373 -0.296178  0.167665 -0.086241  0.024937  0.024937  0.024937
 -0.226715  0.088594  0.088594 -0.117810  0.039958  0.039958 -0.013065 -0.004281
 -0.004281  0.334273  0.077853 -0.121057  0.022879  0.022879  0.022879  0.005435
  0.002529  0.002529 -0.069061  0.005403  0.005403  0.259462 -0.040203 -0.203245
  0.039311  0.039311  0.039311 -0.213849  0.042292  0.042292  0.042292 -0.633304
  0.407187 -0.709582  0.415814  0.118915  0.022233  0.024368 -0.039046  0.063390
  0.013801  0.049942  0.042510  0.006642 -0.083049  0.012806  0.012806  0.085001
 -0.081737  0.029064  0.029064 -0.133208  0.056703  0.056703 -0.088715  0.027353
  0.027353  0.104882  0.118348  0.083807 -0.015406 -0.136885  0.025112  0.025112
  0.025112 -0.065138 -0.028629  0.010373  0.010373 -0.296178  0.167665 -0.086241
  0.024937  0.024937  0.024937 -0.226715  0.088594  0.088594 -0.117810  0.039958
  0.039958 -0.013065 -0.004281 -0.004281  0.334273  0.077853 -0.121057  0.022879
  0.022879  0.022879  0.005435  0.002529  0.002529 -0.069061  0.005403  0.005403
  0.259462 -0.040203 -0.203245  0.039311  0.039311  0.039311 -0.213849  0.042292
  0.042292  0.042292 -0.633304  0.407187 -0.709582  0.415814  0.118915  0.022233
  0.024368 -0.039046  0.063390  0.013801  0.049942  0.042510  0.006642 -0.083049
  0.012806  0.012806  0.085001 -0.081737  0.029064  0.029064 -0.133208  0.056703
  0.056703 -0.088715  0.027353  0.027353  0.104882  0.118348  0.083807 -0.015406
 -0.136885  0.025112  0.025112  0.025112 -0.065138 -0.028629  0.010373  0.010373
 -0.296178  0.167665 -0.086241  0.024937  0.024937  0.024937 -0.226715  0.088594
  0.088594 -0.117810  0.039958  0.039958 -0.013065 -0.004281 -0.004281  0.334273
  0.077853 -0.121057  0.022879  0.022879  0.022879  0.005435  0.002529  0.002529
 -0.069061  0.005403  0.005403  0.259462 -0.040203 -0.203245  0.039311  0.039311
  0.039311 -0.213849  0.042292  0.042292  0.042292 -0.633304  0.407187 -0.709582
  0.415814  0.118915  0.022233  0.024368 -0.039046  0.063390  0.013801  0.049942
  0.042510  0.006642 -0.083049  0.012806  0.012806  0.085001 -0.081737  0.029064
  0.029064 -0.133208  0.056703  0.056703 -0.088715  0.027353  0.027353  0.104882
  0.118348  0.083807 -0.015406 -0.136885  0.025112  0.025112  0.025112 -0.065138
 -0.028629  0.010373  0.010373 -0.296178  0.167665 -0.086241  0.024937  0.024937
  0.024937 -0.226715  0.088594  0.088594 -0.117810  0.039958  0.039958 -0.013065
 -0.004281 -0.004281  0.334273  0.077853 -0.121057  0.022879  0.022879  0.022879
  0.005435  0.002529  0.002529 -0.069061  0.005403  0.005403  0.259462 -0.040203
 -0.203245  0.039311  0.039311  0.039311 -0.213849  0.042292  0.042292  0.042292
 -0.633304  0.407187 -0.709582  0.415814  0.118915  0.022233  0.024368 -0.039046
  0.063390  0.013801  0.049942  0.042510  0.006642 -0.083049  0.012806  0.012806
  0.085001 -0.081737  0.029064  0.029064 -0.133208  0.056703  0.056703 -0.088715
  0.027353  0.027353  0.104882  0.118348  0.083807 -0.015406 -0.136885  0.025112
  0.025112  0.025112 -0.065138 -0.028629  0.010373  0.010373 -0.296178  0.167665
 -0.086241  0.024937  0.024937  0.024937 -0.226715  0.088594  0.088594 -0.117810
  0.039958  0.039958 -0.013065 -0.004281 -0.004281  0.334273  0.077853 -0.121057
  0.022879  0.022879  0.022879  0.005435  0.002529  0.002529 -0.069061  0.005403
  0.005403  0.259462 -0.040203 -0.203245  0.039311  0.039311  0.039311 -0.213849
  0.042292  0.042292  0.042292 -0.633304  0.407187 -0.709582  0.415814  0.118915
  0.022233  0.024368 -0.039046  0.063390  0.013801  0.049942  0.042510  0.006642
 -0.083049  0.012806  0.012806  0.085001 -0.081737  0.029064  0.029064 -0.133208
  0.056703  0.056703 -0.088715  0.027353  0.027353  0.104882  0.118348  0.083807
 -0.015406 -0.136885  0.025112  0.025112  0.025112 -0.065138 -0.028629  0.010373
  0.010373 -0.296178  0.167665 -0.086241  0.024937  0.024937  0.024937 -0.226715
  0.088594  0.088594 -0.117810  0.039958  0.039958 -0.013065 -0.004281 -0.004281
  0.334273  0.077853 -0.121057  0.022879  0.022879  0.022879  0.005435  0.002529
  0.002529 -0.069061  0.005403  0.005403  0.259462 -0.040203 -0.203245  0.039311
  0.039311  0.039311 -0.213849  0.042292  0.042292  0.042292 -0.633304  0.407187
 -0.709582  0.415814  0.118915  0.022233  0.024368 -0.039046  0.063390  0.013801
  0.049942  0.042510  0.006642 -0.083049  0.012806  0.012806  0.085001 -0.081737
  0.029064  0.029064 -0.133208  0.056703  0.056703 -0.088715  0.027353  0.027353
  0.104882  0.118348  0.083807 -0.015406 -0.136885  0.025112  0.025112  0.025112
 -0.065138 -0.028629  0.010373  0.010373 -0.296178  0.167665 -0.086241  0.024937
  0.024937  0.024937 -0.226715  0.088594  0.088594 -0.117810  0.039958  0.039958
 -0.013065 -0.004281 -0.004281  0.334273  0.077853 -0.121057  0.022879  0.022879
  0.022879  0.005435  0.002529  0.002529 -0.069061  0.005403  0.005403  0.259462
 -0.040203 -0.203245  0.039311  0.039311  0.039311 -0.213849  0.042292  0.042292
  0.042292 -0.633304  0.407187 -0.709582  0.415814  0.118915  0.022233  0.024368
 -0.039046  0.063390  0.013801  0.049942  0.042510  0.006642 -0.083049  0.012806
  0.012806  0.085001 -0.081737  0.029064  0.029064 -0.133208  0.056703  0.056703
 -0.088715  0.027353  0.027353  0.104882  0.118348  0.083807 -0.015406 -0.136885
  0.025112  0.025112  0.025112 -0.065138 -0.028629  0.010373  0.010373 -0.296178
  0.167665 -0.086241  0.024937  0.024937  0.024937 -0.226715  0.088594  0.088594
 -0.117810  0.039958  0.039958 -0.013065 -0.004281 -0.004281  0.334273  0.077853
 -0.121057  0.022879  0.022879  0.022879  0.005435  0.002529  0.002529 -0.069061
  0.005403  0.005403  0.259462 -0.040203 -0.203245  0.039311  0.039311  0.039311
 -0.213849  0.042292  0.042292  0.042292 -0.633304  0.407187 -0.709582  0.415814
  0.118915  0.022233  0.024368 -0.039046  0.063390  0.013801  0.049942  0.042510
  0.006642 -0.083049  0.012806  0.012806  0.085001 -0.081737  0.029064  0.029064
 -0.133208  0.056703  0.056703 -0.088715  0.027353  0.027353  0.104882  0.118348
  0.083807 -0.015406 -0.136885  0.025112  0.025112  0.025112 -0.065138 -0.028629
  0.010373  0.010373 -0.296178  0.167665 -0.086241  0.024937  0.024937  0.024937
 -0.226715  0.088594  0.088594 -0.117810  0.039958  0.039958 -0.013065 -0.004281
 -0.004281  0.334273  0.077853 -0.121057  0.022879  0.022879  0.022879  0.005435
  0.002529  0.002529 -0.069061  0.005403  0.005403  0.259462 -0.040203 -0.203245
  0.039311  0.039311  0.039311 -0.213849  0.042292  0.042292  0.042292 -0.633304
  0.407187 -0.709582  0.415814  0.118915  0.022233  0.024368 -0.039046  0.063390
  0.013801  0.049942  0.042510  0.006642 -0.083049  0.012806  0.012806  0.085001
 -0.081737  0.029064  0.029064 -0.133208  0.056703  0.056703 -0.088715  0.027353
  0.027353  0.104882  0.118348  0.083807 -0.015406 -0.136885  0.025112  0.025112
  0.025112 -0.065138 -0.028629  0.010373  0.010373 -0.296178  0.167665 -0.086241
  0.024937  0.024937  0.024937 -0.226715  0.088594  0.088594 -0.117810  0.039958
  0.039958 -0.013065 -0.004281 -0.004281  0.334273  0.077853 -0.121057  0.022879
  0.022879  0.022879  0.005435  0.002529  0.002529 -0.069061  0.005403  0.005403
  0.259462 -0.040203 -0.203245  0.039311  0.039311  0.039311 -0.213849  0.042292
  0.042292  0.042292 -0.633304  0.407187 -0.709582  0.415814  0.118915  0.022233
  0.024368 -0.039046  0.063390  0.013801  0.049942  0.042510  0.006642 -0.083049
  0.012806  0.012806  0.085001 -0.081737  0.029064  0.029064 -0.133208  0.056703
  0.056703 -0.088715  0.027353  0.027353  0.104882  0.118348  0.083807 -0.015406
 -0.136885  0.025112  0.025112  0.025112 -0.065138 -0.028629  0.010373  0.010373
 -0.296178  0.167665 -0.086241  0.024937  0.024937  0.024937 -0.226715  0.088594
  0.088594 -0.117810  0.039958  0.039958 -0.013065 -0.004281 -0.004281  0.334273
  0.077853 -0.121057  0.022879  0.022879  0.022879  0.005435  0.002529  0.002529
 -0.069061  0.005403  0.005403  0.259462 -0.040203 -0.203245  0.039311  0.039311
  0.039311 -0.213849  0.042292  0.042292  0.042292 -0.633304  0.407187 -0.709582
  0.415814  0.118915  0.022233  0.024368 -0.039046  0.063390  0.013801  0.049942
  0.042510  0.006642 -0.083049  0.012806  0.012806  0.085001 -0.081737  0.029064
  0.029064 -0.133208  0.056703  0.056703 -0.088715  0.027353  0.027353  0.104882
  0.118348  0.083807 -0.015406 -0.136885  0.025112  0.025112  0.025112 -0.065138
 -0.028629  0.010373  0.010373 -0.296178  0.167665 -0.086241  0.024937  0.024937
  0.024937 -0.226715  0.088594  0.088594 -0.117810  0.039958  0.039958 -0.013065
 -0.004281 -0.004281  0.334273  0.077853 -0.121057  0.022879  0.022879  0.022879
  0.005435  0.002529  0.002529 -0.069061  0.005403  0.005403  0.259462 -0.040203
 -0.203245  0.039311  0.039311  0.039311 -0.213849  0.042292  0.042292  0.042292
 -0.633304  0.407187 -0.709582  0.415814  0.118915  0.022233  0.024368 -0.039046
  0.063390  0.013801  0.049942  0.042510  0.006642 -0.083049  0.012806  0.012806
  0.085001 -0.081737  0.029064  0.029064 -0.133208  0.056703  0.056703 -0.088715
  0.027353  0.027353  0.104882  0.118348  0.083807 -0.015406 -0.136885  0.025112
  0.025112  0.025112 -0.065138 -0.028629  0.010373  0.010373 -0.296178  0.167665
 -0.086241  0.024937  0.024937  0.024937 -0.226715  0.088594  0.088594 -0.117810
  0.039958  0.039958 -0.013065 -0.004281 -0.004281  0.334273  0.077853 -0.121057
  0.022879  0.022879  0.022879  0.005435  0.002529  0.002529 -0.069061  0.005403
  0.005403  0.259462 -0.040203 -0.203245  0.039311  0.039311  0.039311 -0.213849
  0.042292  0.042292  0.042292 -0.633304  0.407187 -0.709582  0.415814  0.118915
  0.022233  0.024368 -0.039046  0.063390  0.013801  0.049942  0.042510  0.006642
 -0.083049  0.012806  0.012806  0.085001 -0.081737  0.029064  0.029064 -0.133208
  0.056703  0.056703 -0.088715  0.027353  0.027353  0.104882  0.118348  0.083807
 -0.015406 -0.136885  0.025112  0.025112  0.025112 -0.065138 -0.028629  0.010373
  0.010373 -0.296178  0.167665 -0.086241  0.024937  0.024937  0.024937 -0.226715
  0.088594  0.088594 -0.117810  0.039958  0.039958 -0.013065 -0.004281 -0.004281
  0.334273  0.077853 -0.121057  0.022879  0.022879  0.022879  0.005435  0.002529
  0.002529 -0.069061  0.005403  0.005403  0.259462 -0.040203 -0.203245  0.039311
  0.039311  0.039311 -0.213849  0.042292  0.042292  0.042292 -0.633304  0.407187
 -0.709582  0.415814  0.118915  0.022233  0.024368 -0.039046  0.063390  0.013801
  0.049942  0.042510  0.006642 -0.083049  0.012806  0.012806  0.085001 -0.081737
  0.029064  0.029064 -0.133208  0.056703  0.056703 -0.088715  0.027353  0.027353
  0.104882  0.118348  0.083807 -0.015406 -0.136885  0.025112  0.025112  0.025112
 -0.065138 -0.028629  0.010373  0.010373 -0.296178  0.167665 -0.086241  0.024937
  0.024937  0.024937 -0.226715  0.088594  0.088594 -0.117810  0.039958  0.039958
 -0.013065 -0.004281 -0.004281  0.334273  0.077853 -0.121057  0.022879  0.022879
  0.022879  0.005435  0.002529  0.002529 -0.069061  0.005403  0.005403  0.259462
 -0.040203 -0.203245  0.039311  0.039311  0.039311 -0.213849  0.042292  0.042292
  0.042292 -0.633304  0.407187 -0.709582  0.415814  0.118915  0.022233  0.024368
 -0.039046  0.063390  0.013801  0.049942  0.042510  0.006642 -0.083049  0.012806
  0.012806  0.085001 -0.081737  0.029064  0.029064 -0.133208  0.056703  0.056703
 -0.088715  0.027353  0.027353  0.104882  0.118348  0.083807 -0.015406 -0.136885
  0.025112  0.025112  0.025112 -0.065138 -0.028629  0.010373  0.010373 -0.296178
  0.167665 -0.086241  0.024937  0.024937  0.024937 -0.226715  0.088594  0.088594
 -0.117810  0.039958  0.039958 -0.013065 -0.004281 -0.004281  0.334273  0.077853
 -0.121057  0.022879  0.022879  0.022879  0.005435  0.002529  0.002529 -0.069061
  0.005403  0.005403  0.259462 -0.040203 -0.203245  0.039311  0.039311  0.039311
 -0.213849  0.042292  0.042292  0.042292 -0.633304  0.407187 -0.709582  0.415814
  0.118915  0.022233  0.024368 -0.039046  0.063390  0.013801  0.049942  0.042510
  0.006642 -0.083049  0.012806  0.012806  0.085001 -0.081737  0.029064  0.029064
 -0.133208  0.056703  0.056703 -0.088715  0.027353  0.027353  0.104882  0.118348
  0.083807 -0.015406 -0.136885  0.025112  0.025112  0.025112 -0.065138 -0.028629
  0.010373  0.010373 -0.296178  0.167665 -0.086241  0.024937  0.024937  0.024937
 -0.226715  0.088594  0.088594 -0.117810  0.039958  0.039958 -0.013065 -0.004281
 -0.004281  0.334273  0.077853 -0.121057  0.022879  0.022879  0.022879  0.005435
  0.002529  0.002529 -0.069061  0.005403  0.005403  0.259462 -0.040203 -0.203245
  0.039311  0.039311  0.039311 -0.213849  0.042292  0.042292  0.042292 -0.633304
  0.407187 -0.709582  0.415814  0.118915  0.022233  0.024368 -0.039046  0.063390
  0.013801  0.049942  0.042510  0.006642 -0.083049  0.012806  0.012806  0.085001
 -0.081737  0.029064  0.029064 -0.133208  0.056703  0.056703 -0.088715  0.027353
  0.027353  0.104882  0.118348  0.083807 -0.015406 -0.136885  0.025112  0.025112
  0.025112 -0.065138 -0.028629  0.010373  0.010373 -0.296178  0.167665 -0.086241
  0.024937  0.024937  0.024937 -0.226715  0.088594  0.088594 -0.117810  0.039958
  0.039958 -0.013065 -0.004281 -0.004281  0.334273  0.077853 -0.121057  0.022879
  0.022879  0.022879  0.005435  0.002529  0.002529 -0.069061  0.005403  0.005403
  0.259462 -0.040203 -0.203245  0.039311  0.039311  0.039311 -0.213849  0.042292
  0.042292  0.042292 -0.633304  0.407187 -0.709582  0.415814  0.118915  0.022233
  0.024368 -0.039046  0.063390  0.013801  0.049942  0.042510  0.006642 -0.083049
  0.012806  0.012806  0.085001 -0.081737  0.029064  0.029064 -0.133208  0.056703
  0.056703 -0.088715  0.027353  0.027353  0.104882  0.118348  0.083807 -0.015406
 -0.136885  0.025112  0.025112  0.025112 -0.065138 -0.028629  0.010373  0.010373
 -0.296178  0.167665 -0.086241  0.024937  0.024937  0.024937 -0.226715  0.088594
  0.088594 -0.117810  0.039958  0.039958 -0.013065 -0.004281 -0.004281  0.334273
  0.077853 -0.121057  0.022879  0.022879  0.022879  0.005435  0.002529  0.002529
 -0.069061  0.005403  0.005403  0.259462 -0.040203 -0.203245  0.039311  0.039311
  0.039311 -0.213849  0.042292  0.042292  0.042292 -0.633304  0.407187 -0.709582
  0.415814  0.118915  0.022233  0.024368 -0.039046  0.063390  0.013801  0.049942
  0.042510  0.006642 -0.083049  0.012806  0.012806  0.085001 -0.081737  0.029064
  0.029064 -0.133208  0.056703  0.056703 -0.088715  0.027353  0.027353  0.104882
  0.118348  0.083807 -0.015406 -0.136885  0.025112  0.025112  0.025112 -0.065138
 -0.028629  0.010373  0.010373 -0.296178  0.167665 -0.086241  0.024937  0.024937
  0.024937 -0.226715  0.088594  0.088594 -0.117810  0.039958  0.039958 -0.013065
 -0.004281 -0.004281  0.334273  0.077853 -0.121057  0.022879  0.022879  0.022879
  0.005435  0.002529  0.002529 -0.069061  0.005403  0.005403  0.259462 -0.040203
 -0.203245  0.039311  0.039311  0.039311 -0.213849  0.042292  0.042292  0.042292
 -0.633304  0.407187 -0.709582  0.415814  0.118915  0.022233  0.024368 -0.039046
  0.063390  0.013801  0.049942  0.042510  0.006642 -0.083049  0.012806  0.012806
  0.085001 -0.081737  0.029064  0.029064 -0.133208  0.056703  0.056703 -0.088715
  0.027353  0.027353  0.104882  0.118348  0.083807 -0.015406 -0.136885  0.025112
  0.025112  0.025112 -0.065138 -0.028629  0.010373  0.010373 -0.296178  0.167665
 -0.086241  0.024937  0.024937  0.024937 -0.226715  0.088594  0.088594 -0.117810
  0.039958  0.039958 -0.013065 -0.004281 -0.004281  0.334273  0.077853 -0.121057
  0.022879  0.022879  0.022879  0.005435  0.002529  0.002529 -0.069061  0.005403
  0.005403  0.259462 -0.040203 -0.203245  0.039311  0.039311  0.039311 -0.213849
  0.042292  0.042292  0.042292 -0.633304  0.407187 -0.709582  0.415814  0.118915
  0.022233  0.024368 -0.039046  0.063390  0.013801  0.049942  0.042510  0.006642
 -0.083049  0.012806  0.012806  0.085001 -0.081737  0.029064  0.029064 -0.133208
  0.056703  0.056703 -0.088715  0.027353  0.027353  0.104882  0.118348  0.083807
 -0.015406 -0.136885  0.025112  0.025112  0.025112 -0.065138 -0.028629  0.010373
  0.010373 -0.296178  0.167665 -0.086241  0.024937  0.024937  0.024937 -0.226715
  0.088594  0.088594 -0.117810  0.039958  0.039958 -0.013065 -0.004281 -0.004281
  0.334273  0.077853 -0.121057  0.022879  0.022879  0.022879  0.005435  0.002529
  0.002529 -0.069061  0.005403  0.005403  0.259462 -0.040203 -0.203245  0.039311
  0.039311  0.039311 -0.213849  0.042292  0.042292  0.042292 -0.633304  0.407187
 -0.709582  0.415814  0.118915  0.022233  0.024368 -0.039046  0.063390  0.013801
  0.049942  0.042510  0.006642 -0.083049  0.012806  0.012806  0.085001 -0.081737
  0.029064  0.029064 -0.133208  0.056703  0.056703 -0.088715  0.027353  0.027353
  0.104882  0.118348  0.083807 -0.015406 -0.136885  0.025112  0.025112  0.025112
 -0.065138 -0.028629  0.010373  0.010373 -0.296178  0.167665 -0.086241  0.024937
  0.024937  0.024937 -0.226715  0.088594  0.088594 -0.117810  0.039958  0.039958
 -0.013065 -0.004281 -0.004281  0.334273  0.077853 -0.121057  0.022879  0.022879
  0.022879  0.005435  0.002529  0.002529 -0.069061  0.005403  0.005403  0.259462
 -0.040203 -0.203245  0.039311  0.039311  0.039311 -0.213849  0.042292  0.042292
  0.042292 -0.633304  0.407187 -0.709582  0.415814  0.118915  0.022233  0.024368
 -0.039046  0.063390  0.013801  0.049942  0.042510  0.006642 -0.083049  0.012806
  0.012806  0.085001 -0.081737  0.029064  0.029064 -0.133208  0.056703  0.056703
 -0.088715  0.027353  0.027353  0.104882  0.118348  0.083807 -0.015406 -0.136885
  0.025112  0.025112  0.025112 -0.065138 -0.028629  0.010373  0.010373 -0.296178
  0.167665 -0.086241  0.024937  0.024937  0.024937 -0.226715  0.088594  0.088594
 -0.117810  0.039958  0.039958 -0.013065 -0.004281 -0.004281  0.334273  0.077853
 -0.121057  0.022879  0.022879  0.022879  0.005435  0.002529  0.002529 -0.069061
  0.005403  0.005403  0.259462 -0.040203 -0.203245  0.039311  0.039311  0.039311
 -0.213849  0.042292  0.042292  0.042292 -0.633304  0.407187 -0.709582  0.415814
  0.118915  0.022233  0.024368 -0.039046  0.063390  0.013801  0.049942  0.042510
  0.006642 -0.083049  0.012806  0.012806  0.085001 -0.081737  0.029064  0.029064
 -0.133208  0.056703  0.056703 -0.088715  0.027353  0.027353  0.104882  0.118348
  0.083807 -0.015406 -0.136885  0.025112  0.025112  0.025112 -0.065138 -0.028629
  0.010373  0.010373 -0.296178  0.167665 -0.086241  0.024937  0.024937  0.024937
 -0.226715  0.088594  0.088594 -0.117810  0.039958  0.039958 -0.013065 -0.004281
 -0.004281  0.334273  0.077853 -0.121057  0.022879  0.022879  0.022879  0.005435
  0.002529  0.002529 -0.069061  0.005403  0.005403  0.259462 -0.040203 -0.203245
  0.039311  0.039311  0.039311 -0.213849  0.042292  0.042292  0.042292 -0.633304
  0.407187 -0.709582  0.415814  0.118915  0.022233  0.024368 -0.039046  0.063390
  0.013801  0.049942  0.042510  0.006642 -0.083049  0.012806  0.012806  0.085001
 -0.081737  0.029064  0.029064 -0.133208  0.056703  0.056703 -0.088715  0.027353
  0.027353  0.104882  0.118348  0.083807 -0.015406 -0.136885  0.025112  0.025112
  0.025112 -0.065138 -0.028629  0.010373  0.010373 -0.296178  0.167665 -0.086241
  0.024937  0.024937  0.024937 -0.226715  0.088594  0.088594 -0.117810  0.039958
  0.039958 -0.013065 -0.004281 -0.004281  0.334273  0.077853 -0.121057  0.022879
  0.022879  0.022879  0.005435  0.002529  0.002529 -0.069061  0.005403  0.005403
  0.259462 -0.040203 -0.203245  0.039311  0.039311  0.039311 -0.213849  0.042292
  0.042292  0.042292 -0.633304  0.407187 -0.709582  0.415814  0.118915  0.022233
  0.024368 -0.039046  0.063390  0.013801  0.049942  0.042510  0.006642 -0.083049
  0.012806  0.012806  0.085001 -0.081737  0.029064  0.029064 -0.133208  0.056703
  0.056703 -0.088715  0.027353  0.027353  0.104882  0.118348  0.083807 -0.015406
 -0.136885  0.025112  0.025112  0.025112 -0.065138 -0.028629  0.010373  0.010373
 -0.296178  0.167665 -0.086241  0.024937  0.024937  0.024937 -0.226715  0.088594
  0.088594 -0.117810  0.039958  0.039958 -0.013065 -0.004281 -0.004281  0.334273
  0.077853 -0.121057  0.022879  0.022879  0.022879  0.005435  0.002529  0.002529
 -0.069061  0.005403  0.005403  0.259462 -0.040203 -0.203245  0.039311  0.039311
  0.039311 -0.213849  0.042292  0.042292  0.042292 -0.633304  0.407187 -0.709582
  0.415814  0.118915  0.022233  0.024368 -0.039046  0.063390  0.013801  0.049942
  0.042510  0.006642 -0.083049  0.012806  0.012806  0.085001 -0.081737  0.029064
  0.029064 -0.133208  0.056703  0.056703 -0.088715  0.027353  0.027353  0.104882
  0.118348  0.083807 -0.015406 -0.136885  0.025112  0.025112  0.025112 -0.065138
 -0.028629  0.010373  0.010373 -0.296178  0.167665 -0.086241  0.024937  0.024937
  0.024937 -0.226715  0.088594  0.088594 -0.117810  0.039958  0.039958 -0.013065
 -0.004281 -0.004281  0.334273  0.077853 -0.121057  0.022879  0.022879  0.022879
  0.005435  0.002529  0.002529 -0.069061  0.005403  0.005403  0.259462 -0.040203
 -0.203245  0.039311  0.039311  0.039311 -0.213849  0.042292  0.042292  0.042292
 -0.633304  0.407187 -0.709582  0.415814  0.118915  0.022233  0.024368 -0.039046
  0.063390  0.013801  0.049942  0.042510  0.006642 -0.083049  0.012806  0.012806
  0.085001 -0.081737  0.029064  0.029064 -0.133208  0.056703  0.056703 -0.088715
  0.027353  0.027353  0.104882  0.118348  0.083807 -0.015406 -0.136885  0.025112
  0.025112  0.025112 -0.065138 -0.028629  0.010373  0.010373 -0.296178  0.167665
 -0.086241  0.024937  0.024937  0.024937 -0.226715  0.088594  0.088594 -0.117810
  0.039958  0.039958 -0.013065 -0.004281 -0.004281  0.334273  0.077853 -0.121057
  0.022879  0.022879  0.022879  0.005435  0.002529  0.002529 -0.069061  0.005403
  0.005403  0.259462 -0.040203 -0.203245  0.039311  0.039311  0.039311 -0.213849
  0.042292  0.042292  0.042292 -0.633304  0.407187 -0.709582  0.415814  0.118915
  0.022233  0.024368 -0.039046  0.063390  0.013801  0.049942  0.042510  0.006642
 -0.083049  0.012806  0.012806  0.085001 -0.081737  0.029064  0.029064 -0.133208
  0.056703  0.056703 -0.088715  0.027353  0.027353  0.104882  0.118348  0.083807
 -0.015406 -0.136885  0.025112  0.025112  0.025112 -0.065138 -0.028629  0.010373
  0.010373 -0.296178  0.167665 -0.086241  0.024937  0.024937  0.024937 -0.226715
  0.088594  0.088594 -0.117810  0.039958  0.039958 -0.013065 -0.004281 -0.004281
  0.334273  0.077853 -0.121057  0.022879  0.022879  0.022879  0.005435  0.002529
  0.002529 -0.069061  0.005403  0.005403  0.259462 -0.040203 -0.203245  0.039311
  0.039311  0.039311 -0.213849  0.042292  0.042292  0.042292 -0.633304  0.407187
 -0.709582  0.415814  0.118915  0.022233  0.024368 -0.039046  0.063390  0.013801
  0.049942  0.042510  0.006642 -0.083049  0.012806  0.012806  0.085001 -0.081737
  0.029064  0.029064 -0.133208  0.056703  0.056703 -0.088715  0.027353  0.027353
  0.104882  0.118348  0.083807 -0.015406 -0.136885  0.025112  0.025112  0.025112
 -0.065138 -0.028629  0.010373  0.010373 -0.296178  0.167665 -0.086241  0.024937
  0.024937  0.024937 -0.226715  0.088594  0.088594 -0.117810  0.039958  0.039958
 -0.013065 -0.004281 -0.004281  0.334273  0.077853 -0.121057  0.022879  0.022879
  0.022879  0.005435  0.002529  0.002529 -0.069061  0.005403  0.005403  0.259462
 -0.040203 -0.203245  0.039311  0.039311  0.039311 -0.213849  0.042292  0.042292
  0.042292 -0.633304  0.407187 -0.709582  0.415814  0.118915  0.022233  0.024368
 -0.039046  0.063390  0.013801  0.049942  0.042510  0.006642 -0.083049  0.012806
  0.012806  0.085001 -0.081737  0.029064  0.029064 -0.133208  0.056703  0.056703
 -0.088715  0.027353  0.027353  0.104882  0.118348  0.083807 -0.015406 -0.136885
  0.025112  0.025112  0.025112 -0.065138 -0.028629  0.010373  0.010373 -0.296178
  0.167665 -0.086241  0.024937  0.024937  0.024937 -0.226715  0.088594  0.088594
 -0.117810  0.039958  0.039958 -0.013065 -0.004281 -0.004281  0.334273  0.077853
 -0.121057  0.022879  0.022879  0.022879  0.005435  0.002529  0.002529 -0.069061
  0.005403  0.005403  0.259462 -0.040203 -0.203245  0.039311  0.039311  0.039311
 -0.213849  0.042292  0.042292  0.042292 -0.633304  0.407187 -0.709582  0.415814
  0.118915  0.022233  0.024368 -0.039046  0.063390  0.013801  0.049942  0.042510
  0.006642 -0.083049  0.012806  0.012806  0.085001 -0.081737  0.029064  0.029064
 -0.133208  0.056703  0.056703 -0.088715  0.027353  0.027353  0.104882  0.118348
  0.083807 -0.015406 -0.136885  0.025112  0.025112  0.025112 -0.065138 -0.028629
  0.010373  0.010373 -0.296178  0.167665 -0.086241  0.024937  0.024937  0.024937
 -0.226715  0.088594  0.088594 -0.117810  0.039958  0.039958 -0.013065 -0.004281
 -0.004281  0.334273  0.077853 -0.121057  0.022879  0.022879  0.022879  0.005435
  0.002529  0.002529 -0.069061  0.005403  0.005403  0.259462 -0.040203 -0.203245
  0.039311  0.039311  0.039311 -0.213849  0.042292  0.042292  0.042292 -0.633304
  0.407187 -0.709582  0.415814  0.118915  0.022233  0.024368 -0.039046  0.063390
  0.013801  0.049942  0.042510  0.006642 -0.083049  0.012806  0.012806  0.085001
 -0.081737  0.029064  0.029064 -0.133208  0.056703  0.056703 -0.088715  0.027353
  0.027353  0.104882  0.118348  0.083807 -0.015406 -0.136885  0.025112  0.025112
  0.025112 -0.065138 -0.028629  0.010373  0.010373 -0.296178  0.167665 -0.086241
  0.024937  0.024937  0.024937 -0.226715  0.088594  0.088594 -0.117810  0.039958
  0.039958 -0.013065 -0.004281 -0.004281  0.334273  0.077853 -0.121057  0.022879
  0.022879  0.022879  0.005435  0.002529  0.002529 -0.069061  0.005403  0.005403
  0.259462 -0.040203 -0.203245  0.039311  0.039311  0.039311 -0.213849  0.042292
  0.042292  0.042292 -0.633304  0.407187 -0.709582  0.415814  0.118915  0.022233
  0.024368 -0.039046  0.063390  0.013801  0.049942  0.042510  0.006642 -0.083049
  0.012806  0.012806  0.085001 -0.081737  0.029064  0.029064 -0.133208  0.056703
  0.056703 -0.088715  0.027353  0.027353  0.104882  0.118348  0.083807 -0.015406
 -0.136885  0.025112  0.025112  0.025112 -0.065138 -0.028629  0.010373  0.010373
 -0.296178  0.167665 -0.086241  0.024937  0.024937  0.024937 -0.226715  0.088594
  0.088594 -0.117810  0.039958  0.039958 -0.013065 -0.004281 -0.004281  0.334273
  0.077853 -0.121057  0.022879  0.022879  0.022879  0.005435  0.002529  0.002529
 -0.069061  0.005403  0.005403  0.259462 -0.040203 -0.203245  0.039311  0.039311
  0.039311 -0.213849  0.042292  0.042292  0.042292 -0.633304  0.407187 -0.709582
  0.415814  0.118915  0.022233  0.024368 -0.039046  0.063390  0.013801  0.049942
  0.042510  0.006642 -0.083049  0.012806  0.012806  0.085001 -0.081737  0.029064
  0.029064 -0.133208  0.056703  0.056703 -0.088715  0.027353  0.027353  0.104882
  0.118348  0.083807 -0.015406 -0.136885  0.025112  0.025112  0.025112 -0.065138
 -0.028629  0.010373  0.010373 -0.296178  0.167665 -0.086241  0.024937  0.024937
  0.024937 -0.226715  0.088594  0.088594 -0.117810  0.039958  0.039958 -0.013065
 -0.004281 -0.004281  0.334273  0.077853 -0.121057  0.022879  0.022879  0.022879
  0.005435  0.002529  0.002529 -0.069061  0.005403  0.005403  0.259462 -0.040203
 -0.203245  0.039311  0.039311  0.039311 -0.213849  0.042292  0.042292  0.042292
 -0.633304  0.407187 -0.709582  0.415814  0.118915  0.022233  0.024368 -0.039046
  0.063390  0.013801  0.049942  0.042510  0.006642 -0.083049  0.012806  0.012806
  0.085001 -0.081737  0.029064  0.029064 -0.133208  0.056703  0.056703 -0.088715
  0.027353  0.027353  0.104882  0.118348  0.083807 -0.015406 -0.136885  0.025112
  0.025112  0.025112 -0.065138 -0.028629  0.010373  0.010373 -0.296178  0.167665
 -0.086241  0.024937  0.024937  0.024937 -0.226715  0.088594  0.088594 -0.117810
  0.039958  0.039958 -0.013065 -0.004281 -0.004281  0.334273  0.077853 -0.121057
  0.022879  0.022879  0.022879  0.005435  0.002529  0.002529 -0.069061  0.005403
  0.005403  0.259462 -0.040203 -0.203245  0.039311  0.039311  0.039311 -0.213849
  0.042292  0.042292  0.042292 -0.633304  0.407187 -0.709582  0.415814  0.118915
  0.022233  0.024368 -0.039046  0.063390  0.013801  0.049942  0.042510  0.006642
 -0.083049  0.012806  0.012806  0.085001 -0.081737  0.029064  0.029064 -0.133208
  0.056703  0.056703 -0.088715  0.027353  0.027353  0.104882  0.118348  0.083807
 -0.015406 -0.136885  0.025112  0.025112  0.025112 -0.065138 -0.028629  0.010373
  0.010373 -0.296178  0.167665 -0.086241  0.024937  0.024937  0.024937 -0.226715
  0.088594  0.088594 -0.117810  0.039958  0.039958 -0.013065 -0.004281 -0.004281
  0.334273  0.077853 -0.121057  0.022879  0.022879  0.022879  0.005435  0.002529
  0.002529 -0.069061  0.005403  0.005403  0.259462 -0.040203 -0.203245  0.039311
  0.039311  0.039311 -0.213849  0.042292  0.042292  0.042292 -0.633304  0.407187
 -0.709582  0.415814  0.118915  0.022233  0.024368 -0.039046  0.063390  0.013801
  0.049942  0.042510  0.006642 -0.083049  0.012806  0.012806  0.085001 -0.081737
  0.029064  0.029064 -0.133208  0.056703  0.056703 -0.088715  0.027353  0.027353
  0.104882  0.118348  0.083807 -0.015406 -0.136885  0.025112  0.025112  0.025112
 -0.065138 -0.028629  0.010373  0.010373 -0.296178  0.167665 -0.086241  0.024937
  0.024937  0.024937 -0.226715  0.088594  0.088594 -0.117810  0.039958  0.039958
 -0.013065 -0.004281 -0.004281  0.334273  0.077853 -0.121057  0.022879  0.022879
  0.022879  0.005435  0.002529  0.002529 -0.069061  0.005403  0.005403  0.259462
 -0.040203 -0.203245  0.039311  0.039311  0.039311 -0.213849  0.042292  0.042292
  0.042292 -0.633304  0.407187 -0.709582  0.415814  0.118915  0.022233  0.024368
 -0.039046  0.063390  0.013801  0.049942  0.042510  0.006642 -0.083049  0.012806
  0.012806  0.085001 -0.081737  0.029064  0.029064 -0.133208  0.056703  0.056703
 -0.088715  0.027353  0.027353  0.104882  0.118348  0.083807 -0.015406 -0.136885
  0.025112  0.025112  0.025112 -0.065138 -0.028629  0.010373  0.010373 -0.296178
  0.167665 -0.086241  0.024937  0.024937  0.024937 -0.226715  0.088594  0.088594
 -0.117810  0.039958  0.039958 -0.013065 -0.004281 -0.004281  0.334273  0.077853
 -0.121057  0.022879  0.022879  0.022879  0.005435  0.002529  0.002529 -0.069061
  0.005403  0.005403  0.259462 -0.040203 -0.203245  0.039311  0.039311  0.039311
 -0.213849  0.042292  0.042292  0.042292
