  0.463129  0.008735 -0.118004  0.046556  0.044370 -0.108564  0.359607 -0.104485
  0.011111  0.037922 -0.152033  0.018820  0.046850 -0.395580  0.179587  0.462268
 -0.040409  0.125826 -0.020243 -0.111978 -0.045761  0.159687 -0.032329 -0.033907
 -0.224946  0.019848  0.022772  0.413713  0.085021 -0.045971 -0.135455  0.039619
  0.015173 -0.032029  0.010017  0.006090 -0.043866 -0.031963 -0.445073  0.087786
  0.097860  0.085629  0.286489 -0.064298 -0.324722  0.060786  0.070471  0.068116
 -0.131885  0.002659  0.029220  0.014099 -0.331680 -0.404213  0.390004 -0.731981
  0.404802 -0.100962  0.003358  0.006984  0.112719 -0.029920 -0.028517 -0.102195
  0.000569  0.000695  0.417595 -0.087029 -0.290953  0.057142  0.055092  0.051717
 -0.295212  0.055121  0.058525  0.052006  0.463129  0.008735 -0.118004  0.046556
  0.044370 -0.108564  0.359607 -0.104485  0.011111  0.037922 -0.152033  0.018820
  0.046850 -0.395580  0.179587  0.462268 -0.040409  0.125826 -0.020243 -0.111978
 -0.045761  0.159687 -0.032329 -0.033907 -0.224946  0.019848  0.022772  0.413713
  0.085021 -0.045971 -0.135455  0.039619  0.015173 -0.032029  0.010017  0.006090
 -0.043866 -0.031963 -0.445073  0.087786  0.097860  0.085629  0.286489 -0.064298
 -0.324722  0.060786  0.070471  0.068116 -0.131885  0.002659  0.029220  0.014099
 -0.331680 -0.404213  0.390004 -0.731981  0.404802 -0.100962  0.003358  0.006984
  0.112719 -0.029920 -0.028517 -0.102195  0.000569  0.000695  0.417595 -0.087029
 -0.290953  0.057142  0.055092  0.051717 -0.295212  0.055121  0.058525  0.052006
  0.463129  0.008735 -0.118004  0.046556  0.044370 -0.108564  0.359607 -0.104485
  0.011111  0.037922 -0.152033  0.018820  0.046850 -0.395580  0.179587  0.462268
 -0.040409  0.125826 -0.020243 -0.111978 -0.045761  0.159687 -0.032329 -0.033907
 -0.224946  0.019848  0.022772  0.413713  0.085021 -0.045971 -0.135455  0.039619
  0.015173 -0.032029  0.010017  0.006090 -0.043866 -0.031963 -0.445073  0.087786
  0.097860  0.085629  0.286489 -0.064298 -0.324722  0.060786  0.070471  0.068116
 -0.131885  0.002659  0.029220  0.014099 -0.331680 -0.404213  0.390004 -0.731981
  0.404802 -0.100962  0.003358  0.006984  0.112719 -0.029920 -0.028517 -0.102195
  0.000569  0.000695  0.417595 -0.087029 -0.290953  0.057142  0.055092  0.051717
 -0.295212  0.055121  0.058525  0.052006  0.463129  0.008735 -0.118004  0.046556
  0.044370 -0.108564  0.359607 -0.104485  0.011111  0.037922 -0.152033  0.018820
  0.046850 -0.395580  0.179587  0.462268 -0.040409  0.125826 -0.020243 -0.111978
 -0.045761  0.159687 -0.032329 -0.033907 -0.224946  0.019848  0.022772  0.413713
  0.085021 -0.045971 -0.135455  0.039619  0.015173 -0.032029  0.010017  0.006090
 -0.043866 -0.031963 -0.445073  0.087786  0.097860  0.085629  0.286489 -0.064298
 -0.324722  0.060786  0.070471  0.068116 -0.131885  0.002659  0.029220  0.014099
 -0.331680 -0.404213  0.390004 -0.731981  0.404802 -0.100962  0.003358  0.006984
  0.112719 -0.029920 -0.028517 -0.102195  0.000569  0.000695  0.417595 -0.087029
 -0.290953  0.057142  0.055092  0.051717 -0.295212  0.055121  0.058525  0.052006
  0.463129  0.008735 -0.118004  0.046556  0.044370 -0.108564  0.359607 -0.104485
  0.011111  0.037922 -0.152033  0.018820  0.046850 -0.395580  0.179587  0.462268
 -0.040409  0.125826 -0.020243 -0.111978 -0.045761  0.159687 -0.032329 -0.033907
 -0.224946  0.019848  0.022772  0.413713  0.085021 -0.045971 -0.135455  0.039619
  0.015173 -0.032029  0.010017  0.006090 -0.043866 -0.031963 -0.445073  0.087786
  0.097860  0.085629  0.286489 -0.064298 -0.324722  0.060786  0.070471  0.068116
 -0.131885  0.002659  0.029220  0.014099 -0.331680 -0.404213  0.390004 -0.731981
  0.404802 -0.100962  0.003358  0.006984  0.112719 -0.029920 -0.028517 -0.102195
  0.000569  0.000695  0.417595 -0.087029 -0.290953  0.057142  0.055092  0.051717
 -0.295212  0.055121  0.058525  0.052006  0.463129  0.008735 -0.118004  0.046556
  0.044370 -0.108564  0.359607 -0.104485  0.011111  0.037922 -0.152033  0.018820
  0.046850 -0.395580  0.179587  0.462268 -0.040409  0.125826 -0.020243 -0.111978
 -0.045761  0.159687 -0.032329 -0.033907 -0.224946  0.019848  0.022772  0.413713
  0.085021 -0.045971 -0.135455  0.039619  0.015173 -0.032029  0.010017  0.006090
 -0.043866 -0.031963 -0.445073  0.087786  0.097860  0.085629  0.286489 -0.064298
 -0.324722  0.060786  0.070471  0.068116 -0.131885  0.002659  0.029220  0.014099
 -0.331680 -0.404213  0.390004 -0.731981  0.404802 -0.100962  0.003358  0.006984
  0.112719 -0.029920 -0.028517 -0.102195  0.000569  0.000695  0.417595 -0.087029
 -0.290953  0.057142  0.055092  0.051717 -0.295212  0.055121  0.058525  0.052006
  0.463129  0.008735 -0.118004  0.046556  0.044370 -0.108564  0.359607 -0.104485
  0.011111  0.037922 -0.152033  0.018820  0.046850 -0.395580  0.179587  0.462268
 -0.040409  0.125826 -0.020243 -0.111978 -0.045761  0.159687 -0.032329 -0.033907
 -0.224946  0.019848  0.022772  0.413713  0.085021 -0.045971 -0.135455  0.039619
  0.015173 -0.032029  0.010017  0.006090 -0.043866 -0.031963 -0.445073  0.087786
  0.097860  0.085629  0.286489 -0.064298 -0.324722  0.060786  0.070471  0.068116
 -0.131885  0.002659  0.029220  0.014099 -0.331680 -0.404213  0.390004 -0.731981
  0.404802 -0.100962  0.003358  0.006984  0.112719 -0.029920 -0.028517 -0.102195
  0.000569  0.000695  0.417595 -0.087029 -0.290953  0.057142  0.055092  0.051717
 -0.295212  0.055121  0.058525  0.052006  0.463129  0.008735 -0.118004  0.046556
  0.044370 -0.108564  0.359607 -0.104485  0.011111  0.037922 -0.152033  0.018820
  0.046850 -0.395580  0.179587  0.462268 -0.040409  0.125826 -0.020243 -0.111978
 -0.045761  0.159687 -0.032329 -0.033907 -0.224946  0.019848  0.022772  0.413713
  0.085021 -0.045971 -0.135455  0.039619  0.015173 -0.032029  0.010017  0.006090
 -0.043866 -0.031963 -0.445073  0.087786  0.097860  0.085629  0.286489 -0.064298
 -0.324722  0.060786  0.070471  0.068116 -0.131885  0.002659  0.029220  0.014099
 -0.331680 -0.404213  0.390004 -0.731981  0.404802 -0.100962  0.003358  0.006984
  0.112719 -0.029920 -0.028517 -0.102195  0.000569  0.000695  0.417595 -0.087029
 -0.290953  0.057142  0.055092  0.051717 -0.295212  0.055121  0.058525  0.052006
  0.463129  0.008735 -0.118004  0.046556  0.044370 -0.108564  0.359607 -0.104485
  0.011111  0.037922 -0.152033  0.018820  0.046850 -0.395580  0.179587  0.462268
 -0.040409  0.125826 -0.020243 -0.111978 -0.045761  0.159687 -0.032329 -0.033907
 -0.224946  0.019848  0.022772  0.413713  0.085021 -0.045971 -0.135455  0.039619
  0.015173 -0.032029  0.010017  0.006090 -0.043866 -0.031963 -0.445073  0.087786
  0.097860  0.085629  0.286489 -0.064298 -0.324722  0.060786  0.070471  0.068116
 -0.131885  0.002659  0.029220  0.014099 -0.331680 -0.404213  0.390004 -0.731981
  0.404802 -0.100962  0.003358  0.006984  0.112719 -0.029920 -0.028517 -0.102195
  0.000569  0.000695  0.417595 -0.087029 -0.290953  0.057142  0.055092  0.051717
 -0.295212  0.055121  0.058525  0.052006  0.463129  0.008735 -0.118004  0.046556
  0.044370 -0.108564  0.359607 -0.104485  0.011111  0.037922 -0.152033  0.018820
  0.046850 -0.395580  0.179587  0.462268 -0.040409  0.125826 -0.020243 -0.111978
 -0.045761  0.159687 -0.032329 -0.033907 -0.224946  0.019848  0.022772  0.413713
  0.085021 -0.045971 -0.135455  0.039619  0.015173 -0.032029  0.010017  0.006090
 -0.043866 -0.031963 -0.445073  0.087786  0.097860  0.085629  0.286489 -0.064298
 -0.324722  0.060786  0.070471  0.068116 -0.131885  0.002659  0.029220  0.014099
 -0.331680 -0.404213  0.390004 -0.731981  0.404802 -0.100962  0.003358  0.006984
  0.112719 -0.029920 -0.028517 -0.102195  0.000569  0.000695  0.417595 -0.087029
 -0.290953  0.057142  0.055092  0.051717 -0.295212  0.055121  0.058525  0.052006
  0.463129  0.008735 -0.118004  0.046556  0.044370 -0.108564  0.359607 -0.104485
  0.011111  0.037922 -0.152033  0.018820  0.046850 -0.395580  0.179587  0.462268
 -0.040409  0.125826 -0.020243 -0.111978 -0.045761  0.159687 -0.032329 -0.033907
 -0.224946  0.019848  0.022772  0.413713  0.085021 -0.045971 -0.135455  0.039619
  0.015173 -0.032029  0.010017  0.006090 -0.043866 -0.031963 -0.445073  0.087786
  0.097860  0.085629  0.286489 -0.064298 -0.324722  0.060786  0.070471  0.068116
 -0.131885  0.002659  0.029220  0.014099 -0.331680 -0.404213  0.390004 -0.731981
  0.404802 -0.100962  0.003358  0.006984  0.112719 -0.029920 -0.028517 -0.102195
  0.000569  0.000695  0.417595 -0.087029 -0.290953  0.057142  0.055092  0.051717
 -0.295212  0.055121  0.058525  0.052006  0.463129  0.008735 -0.118004  0.046556
  0.044370 -0.108564  0.359607 -0.104485  0.011111  0.037922 -0.152033  0.018820
  0.046850 -0.395580  0.179587  0.462268 -0.040409  0.125826 -0.020243 -0.111978
 -0.045761  0.159687 -0.032329 -0.033907 -0.224946  0.019848  0.022772  0.413713
  0.085021 -0.045971 -0.135455  0.039619  0.015173 -0.032029  0.010017  0.006090
 -0.043866 -0.031963 -0.445073  0.087786  0.097860  0.085629  0.286489 -0.064298
 -0.324722  0.060786  0.070471  0.068116 -0.131885  0.002659  0.029220  0.014099
 -0.331680 -0.404213  0.390004 -0.731981  0.404802 -0.100962  0.003358  0.006984
  0.112719 -0.029920 -0.028517 -0.102195  0.000569  0.000695  0.417595 -0.087029
 -0.290953  0.057142  0.055092  0.051717 -0.295212  0.055121  0.058525  0.052006
  0.463129  0.008735 -0.118004  0.046556  0.044370 -0.108564  0.359607 -0.104485
  0.011111  0.037922 -0.152033  0.018820  0.046850 -0.395580  0.179587  0.462268
 -0.040409  0.125826 -0.020243 -0.111978 -0.045761  0.159687 -0.032329 -0.033907
 -0.224946  0.019848  0.022772  0.413713  0.085021 -0.045971 -0.135455  0.039619
  0.015173 -0.032029  0.010017  0.006090 -0.043866 -0.031963 -0.445073  0.087786
  0.097860  0.085629  0.286489 -0.064298 -0.324722  0.060786  0.070471  0.068116
 -0.131885  0.002659  0.029220  0.014099 -0.331680 -0.404213  0.390004 -0.731981
  0.404802 -0.100962  0.003358  0.006984  0.112719 -0.029920 -0.028517 -0.102195
  0.000569  0.000695  0.417595 -0.087029 -0.290953  0.057142  0.055092  0.051717
 -0.295212  0.055121  0.058525  0.052006  0.463129  0.008735 -0.118004  0.046556
  0.044370 -0.108564  0.359607 -0.104485  0.011111  0.037922 -0.152033  0.018820
  0.046850 -0.395580  0.179587  0.462268 -0.040409  0.125826 -0.020243 -0.111978
 -0.045761  0.159687 -0.032329 -0.033907 -0.224946  0.019848  0.022772  0.413713
  0.085021 -0.045971 -0.135455  0.039619  0.015173 -0.032029  0.010017  0.006090
 -0.043866 -0.031963 -0.445073  0.087786  0.097860  0.085629  0.286489 -0.064298
 -0.324722  0.060786  0.070471  0.068116 -0.131885  0.002659  0.029220  0.014099
 -0.331680 -0.404213  0.390004 -0.731981  0.404802 -0.100962  0.003358  0.006984
  0.112719 -0.029920 -0.028517 -0.102195  0.000569  0.000695  0.417595 -0.087029
 -0.290953  0.057142  0.055092  0.051717 -0.295212  0.055121  0.058525  0.052006
  0.463129  0.008735 -0.118004  0.046556  0.044370 -0.108564  0.359607 -0.104485
  0.011111  0.037922 -0.152033  0.018820  0.046850 -0.395580  0.179587  0.462268
 -0.040409  0.125826 -0.020243 -0.111978 -0.045761  0.159687 -0.032329 -0.033907
 -0.224946  0.019848  0.022772  0.413713  0.085021 -0.045971 -0.135455  0.039619
  0.015173 -0.032029  0.010017  0.006090 -0.043866 -0.031963 -0.445073  0.087786
  0.097860  0.085629  0.286489 -0.064298 -0.324722  0.060786  0.070471  0.068116
 -0.131885  0.002659  0.029220  0.014099 -0.331680 -0.404213  0.390004 -0.731981
  0.404802 -0.100962  0.003358  0.006984  0.112719 -0.029920 -0.028517 -0.102195
  0.000569  0.000695  0.417595 -0.087029 -0.290953  0.057142  0.055092  0.051717
 -0.295212  0.055121  0.058525  0.052006  0.463129  0.008735 -0.118004  0.046556
  0.044370 -0.108564  0.359607 -0.104485  0.011111  0.037922 -0.152033  0.018820
  0.046850 -0.395580  0.179587  0.462268 -0.040409  0.125826 -0.020243 -0.111978
 -0.045761  0.159687 -0.032329 -0.033907 -0.224946  0.019848  0.022772  0.413713
  0.085021 -0.045971 -0.135455  0.039619  0.015173 -0.032029  0.010017  0.006090
 -0.043866 -0.031963 -0.445073  0.087786  0.097860  0.085629  0.286489 -0.064298
 -0.324722  0.060786  0.070471  0.068116 -0.131885  0.002659  0.029220  0.014099
 -0.331680 -0.404213  0.390004 -0.731981  0.404802 -0.100962  0.003358  0.006984
  0.112719 -0.029920 -0.028517 -0.102195  0.000569  0.000695  0.417595 -0.087029
 -0.290953  0.057142  0.055092  0.051717 -0.295212  0.055121  0.058525  0.052006
  0.463129  0.008735 -0.118004  0.046556  0.044370 -0.108564  0.359607 -0.104485
  0.011111  0.037922 -0.152033  0.018820  0.046850 -0.395580  0.179587  0.462268
 -0.040409  0.125826 -0.020243 -0.111978 -0.045761  0.159687 -0.032329 -0.033907
 -0.224946  0.019848  0.022772  0.413713  0.085021 -0.045971 -0.135455  0.039619
  0.015173 -0.032029  0.010017  0.006090 -0.043866 -0.031963 -0.445073  0.087786
  0.097860  0.085629  0.286489 -0.064298 -0.324722  0.060786  0.070471  0.068116
 -0.131885  0.002659  0.029220  0.014099 -0.331680 -0.404213  0.390004 -0.731981
  0.404802 -0.100962  0.003358  0.006984  0.112719 -0.029920 -0.028517 -0.102195
  0.000569  0.000695  0.417595 -0.087029 -0.290953  0.057142  0.055092  0.051717
 -0.295212  0.055121  0.058525  0.052006  0.463129  0.008735 -0.118004  0.046556
  0.044370 -0.108564  0.359607 -0.104485  0.011111  0.037922 -0.152033  0.018820
  0.046850 -0.395580  0.179587  0.462268 -0.040409  0.125826 -0.020243 -0.111978
 -0.045761  0.159687 -0.032329 -0.033907 -0.224946  0.019848  0.022772  0.413713
  0.085021 -0.045971 -0.135455  0.039619  0.015173 -0.032029  0.010017  0.006090
 -0.043866 -0.031963 -0.445073  0.087786  0.097860  0.085629  0.286489 -0.064298
 -0.324722  0.060786  0.070471  0.068116 -0.131885  0.002659  0.029220  0.014099
 -0.331680 -0.404213  0.390004 -0.731981  0.404802 -0.100962  0.003358  0.006984
  0.112719 -0.029920 -0.028517 -0.102195  0.000569  0.000695  0.417595 -0.087029
 -0.290953  0.057142  0.055092  0.051717 -0.295212  0.055121  0.058525  0.052006
  0.463129  0.008735 -0.118004  0.046556  0.044370 -0.108564  0.359607 -0.104485
  0.011111  0.037922 -0.152033  0.018820  0.046850 -0.395580  0.179587  0.462268
 -0.040409  0.125826 -0.020243 -0.111978 -0.045761  0.159687 -0.032329 -0.033907
 -0.224946  0.019848  0.022772  0.413713  0.085021 -0.045971 -0.135455  0.039619
  0.015173 -0.032029  0.010017  0.006090 -0.043866 -0.031963 -0.445073  0.087786
  0.097860  0.085629  0.286489 -0.064298 -0.324722  0.060786  0.070471  0.068116
 -0.131885  0.002659  0.029220  0.014099 -0.331680 -0.404213  0.390004 -0.731981
  0.404802 -0.100962  0.003358  0.006984  0.112719 -0.029920 -0.028517 -0.102195
  0.000569  0.000695  0.417595 -0.087029 -0.290953  0.057142  0.055092  0.051717
 -0.295212  0.055121  0.058525  0.052006  0.463129  0.008735 -0.118004  0.046556
  0.044370 -0.108564  0.359607 -0.104485  0.011111  0.037922 -0.152033  0.018820
  0.046850 -0.395580  0.179587  0.462268 -0.040409  0.125826 -0.020243 -0.111978
 -0.045761  0.159687 -0.032329 -0.033907 -0.224946  0.019848  0.022772  0.413713
  0.085021 -0.045971 -0.135455  0.039619  0.015173 -0.032029  0.010017  0.006090
 -0.043866 -0.031963 -0.445073  0.087786  0.097860  0.085629  0.286489 -0.064298
 -0.324722  0.060786  0.070471  0.068116 -0.131885  0.002659  0.029220  0.014099
 -0.331680 -0.404213  0.390004 -0.731981  0.404802 -0.100962  0.003358  0.006984
  0.112719 -0.029920 -0.028517 -0.102195  0.000569  0.000695  0.417595 -0.087029
 -0.290953  0.057142  0.055092  0.051717 -0.295212  0.055121  0.058525  0.052006
  0.463129  0.008735 -0.118004  0.046556  0.044370 -0.108564  0.359607 -0.104485
  0.011111  0.037922 -0.152033  0.018820  0.046850 -0.395580  0.179587  0.462268
 -0.040409  0.125826 -0.020243 -0.111978 -0.045761  0.159687 -0.032329 -0.033907
 -0.224946  0.019848  0.022772  0.413713  0.085021 -0.045971 -0.135455  0.039619
  0.015173 -0.032029  0.010017  0.006090 -0.043866 -0.031963 -0.445073  0.087786
  0.097860  0.085629  0.286489 -0.064298 -0.324722  0.060786  0.070471  0.068116
 -0.131885  0.002659  0.029220  0.014099 -0.331680 -0.404213  0.390004 -0.731981
  0.404802 -0.100962  0.003358  0.006984  0.112719 -0.029920 -0.028517 -0.102195
  0.000569  0.000695  0.417595 -0.087029 -0.290953  0.057142  0.055092  0.051717
 -0.295212  0.055121  0.058525  0.052006  0.463129  0.008735 -0.118004  0.046556
  0.044370 -0.108564  0.359607 -0.104485  0.011111  0.037922 -0.152033  0.018820
  0.046850 -0.395580  0.179587  0.462268 -0.040409  0.125826 -0.020243 -0.111978
 -0.045761  0.159687 -0.032329 -0.033907 -0.224946  0.019848  0.022772  0.413713
  0.085021 -0.045971 -0.135455  0.039619  0.015173 -0.032029  0.010017  0.006090
 -0.043866 -0.031963 -0.445073  0.087786  0.097860  0.085629  0.286489 -0.064298
 -0.324722  0.060786  0.070471  0.068116 -0.131885  0.002659  0.029220  0.014099
 -0.331680 -0.404213  0.390004 -0.731981  0.404802 -0.100962  0.003358  0.006984
  0.112719 -0.029920 -0.028517 -0.102195  0.000569  0.000695  0.417595 -0.087029
 -0.290953  0.057142  0.055092  0.051717 -0.295212  0.055121  0.058525  0.052006
  0.463129  0.008735 -0.118004  0.046556  0.044370 -0.108564  0.359607 -0.104485
  0.011111  0.037922 -0.152033  0.018820  0.046850 -0.395580  0.179587  0.462268
 -0.040409  0.125826 -0.020243 -0.111978 -0.045761  0.159687 -0.032329 -0.033907
 -0.224946  0.019848  0.022772  0.413713  0.085021 -0.045971 -0.135455  0.039619
  0.015173 -0.032029  0.010017  0.006090 -0.043866 -0.031963 -0.445073  0.087786
  0.097860  0.085629  0.286489 -0.064298 -0.324722  0.060786  0.070471  0.068116
 -0.131885  0.002659  0.029220  0.014099 -0.331680 -0.404213  0.390004 -0.731981
  0.404802 -0.100962  0.003358  0.006984  0.112719 -0.029920 -0.028517 -0.102195
  0.000569  0.000695  0.417595 -0.087029 -0.290953  0.057142  0.055092  0.051717
 -0.295212  0.055121  0.058525  0.052006  0.463129  0.008735 -0.118004  0.046556
  0.044370 -0.108564  0.359607 -0.104485  0.011111  0.037922 -0.152033  0.018820
  0.046850 -0.395580  0.179587  0.462268 -0.040409  0.125826 -0.020243 -0.111978
 -0.045761  0.159687 -0.032329 -0.033907 -0.224946  0.019848  0.022772  0.413713
  0.085021 -0.045971 -0.135455  0.039619  0.015173 -0.032029  0.010017  0.006090
 -0.043866 -0.031963 -0.445073  0.087786  0.097860  0.085629  0.286489 -0.064298
 -0.324722  0.060786  0.070471  0.068116 -0.131885  0.002659  0.029220  0.014099
 -0.331680 -0.404213  0.390004 -0.731981  0.404802 -0.100962  0.003358  0.006984
  0.112719 -0.029920 -0.028517 -0.102195  0.000569  0.000695  0.417595 -0.087029
 -0.290953  0.057142  0.055092  0.051717 -0.295212  0.055121  0.058525  0.052006
  0.463129  0.008735 -0.118004  0.046556  0.044370 -0.108564  0.359607 -0.104485
  0.011111  0.037922 -0.152033  0.018820  0.046850 -0.395580  0.179587  0.462268
 -0.040409  0.125826 -0.020243 -0.111978 -0.045761  0.159687 -0.032329 -0.033907
 -0.224946  0.019848  0.022772  0.413713  0.085021 -0.045971 -0.135455  0.039619
  0.015173 -0.032029  0.010017  0.006090 -0.043866 -0.031963 -0.445073  0.087786
  0.097860  0.085629  0.286489 -0.064298 -0.324722  0.060786  0.070471  0.068116
 -0.131885  0.002659  0.029220  0.014099 -0.331680 -0.404213  0.390004 -0.731981
  0.404802 -0.100962  0.003358  0.006984  0.112719 -0.029920 -0.028517 -0.102195
  0.000569  0.000695  0.417595 -0.087029 -0.290953  0.057142  0.055092  0.051717
 -0.295212  0.055121  0.058525  0.052006  0.463129  0.008735 -0.118004  0.046556
  0.044370 -0.108564  0.359607 -0.104485  0.011111  0.037922 -0.152033  0.018820
  0.046850 -0.395580  0.179587  0.462268 -0.040409  0.125826 -0.020243 -0.111978
 -0.045761  0.159687 -0.032329 -0.033907 -0.224946  0.019848  0.022772  0.413713
  0.085021 -0.045971 -0.135455  0.039619  0.015173 -0.032029  0.010017  0.006090
 -0.043866 -0.031963 -0.445073  0.087786  0.097860  0.085629  0.286489 -0.064298
 -0.324722  0.060786  0.070471  0.068116 -0.131885  0.002659  0.029220  0.014099
 -0.331680 -0.404213  0.390004 -0.731981  0.404802 -0.100962  0.003358  0.006984
  0.112719 -0.029920 -0.028517 -0.102195  0.000569  0.000695  0.417595 -0.087029
 -0.290953  0.057142  0.055092  0.051717 -0.295212  0.055121  0.058525  0.052006
  0.463129  0.008735 -0.118004  0.046556  0.044370 -0.108564  0.359607 -0.104485
  0.011111  0.037922 -0.152033  0.018820  0.046850 -0.395580  0.179587  0.462268
 -0.040409  0.125826 -0.020243 -0.111978 -0.045761  0.159687 -0.032329 -0.033907
 -0.224946  0.019848  0.022772  0.413713  0.085021 -0.045971 -0.135455  0.039619
  0.015173 -0.032029  0.010017  0.006090 -0.043866 -0.031963 -0.445073  0.087786
  0.097860  0.085629  0.286489 -0.064298 -0.324722  0.060786  0.070471  0.068116
 -0.131885  0.002659  0.029220  0.014099 -0.331680 -0.404213  0.390004 -0.731981
  0.404802 -0.100962  0.003358  0.006984  0.112719 -0.029920 -0.028517 -0.102195
  0.000569  0.000695  0.417595 -0.087029 -0.290953  0.057142  0.055092  0.051717
 -0.295212  0.055121  0.058525  0.052006  0.463129  0.008735 -0.118004  0.046556
  0.044370 -0.108564  0.359607 -0.104485  0.011111  0.037922 -0.152033  0.018820
  0.046850 -0.395580  0.179587  0.462268 -0.040409  0.125826 -0.020243 -0.111978
 -0.045761  0.159687 -0.032329 -0.033907 -0.224946  0.019848  0.022772  0.413713
  0.085021 -0.045971 -0.135455  0.039619  0.015173 -0.032029  0.010017  0.006090
 -0.043866 -0.031963 -0.445073  0.087786  0.097860  0.085629  0.286489 -0.064298
 -0.324722  0.060786  0.070471  0.068116 -0.131885  0.002659  0.029220  0.014099
 -0.331680 -0.404213  0.390004 -0.731981  0.404802 -0.100962  0.003358  0.006984
  0.112719 -0.029920 -0.028517 -0.102195  0.000569  0.000695  0.417595 -0.087029
 -0.290953  0.057142  0.055092  0.051717 -0.295212  0.055121  0.058525  0.052006
  0.463129  0.008735 -0.118004  0.046556  0.044370 -0.108564  0.359607 -0.104485
  0.011111  0.037922 -0.152033  0.018820  0.046850 -0.395580  0.179587  0.462268
 -0.040409  0.125826 -0.020243 -0.111978 -0.045761  0.159687 -0.032329 -0.033907
 -0.224946  0.019848  0.022772  0.413713  0.085021 -0.045971 -0.135455  0.039619
  0.015173 -0.032029  0.010017  0.006090 -0.043866 -0.031963 -0.445073  0.087786
  0.097860  0.085629  0.286489 -0.064298 -0.324722  0.060786  0.070471  0.068116
 -0.131885  0.002659  0.029220  0.014099 -0.331680 -0.404213  0.390004 -0.731981
  0.404802 -0.100962  0.003358  0.006984  0.112719 -0.029920 -0.028517 -0.102195
  0.000569  0.000695  0.417595 -0.087029 -0.290953  0.057142  0.055092  0.051717
 -0.295212  0.055121  0.058525  0.052006  0.463129  0.008735 -0.118004  0.046556
  0.044370 -0.108564  0.359607 -0.104485  0.011111  0.037922 -0.152033  0.018820
  0.046850 -0.395580  0.179587  0.462268 -0.040409  0.125826 -0.020243 -0.111978
 -0.045761  0.159687 -0.032329 -0.033907 -0.224946  0.019848  0.022772  0.413713
  0.085021 -0.045971 -0.135455  0.039619  0.015173 -0.032029  0.010017  0.006090
 -0.043866 -0.031963 -0.445073  0.087786  0.097860  0.085629  0.286489 -0.064298
 -0.324722  0.060786  0.070471  0.068116 -0.131885  0.002659  0.029220  0.014099
 -0.331680 -0.404213  0.390004 -0.731981  0.404802 -0.100962  0.003358  0.006984
  0.112719 -0.029920 -0.028517 -0.102195  0.000569  0.000695  0.417595 -0.087029
 -0.290953  0.057142  0.055092  0.051717 -0.295212  0.055121  0.058525  0.052006
  0.463129  0.008735 -0.118004  0.046556  0.044370 -0.108564  0.359607 -0.104485
  0.011111  0.037922 -0.152033  0.018820  0.046850 -0.395580  0.179587  0.462268
 -0.040409  0.125826 -0.020243 -0.111978 -0.045761  0.159687 -0.032329 -0.033907
 -0.224946  0.019848  0.022772  0.413713  0.085021 -0.045971 -0.135455  0.039619
  0.015173 -0.032029  0.010017  0.006090 -0.043866 -0.031963 -0.445073  0.087786
  0.097860  0.085629  0.286489 -0.064298 -0.324722  0.060786  0.070471  0.068116
 -0.131885  0.002659  0.029220  0.014099 -0.331680 -0.404213  0.390004 -0.731981
  0.404802 -0.100962  0.003358  0.006984  0.112719 -0.029920 -0.028517 -0.102195
  0.000569  0.000695  0.417595 -0.087029 -0.290953  0.057142  0.055092  0.051717
 -0.295212  0.055121  0.058525  0.052006  0.463129  0.008735 -0.118004  0.046556
  0.044370 -0.108564  0.359607 -0.104485  0.011111  0.037922 -0.152033  0.018820
  0.046850 -0.395580  0.179587  0.462268 -0.040409  0.125826 -0.020243 -0.111978
 -0.045761  0.159687 -0.032329 -0.033907 -0.224946  0.019848  0.022772  0.413713
  0.085021 -0.045971 -0.135455  0.039619  0.015173 -0.032029  0.010017  0.006090
 -0.043866 -0.031963 -0.445073  0.087786  0.097860  0.085629  0.286489 -0.064298
 -0.324722  0.060786  0.070471  0.068116 -0.131885  0.002659  0.029220  0.014099
 -0.331680 -0.404213  0.390004 -0.731981  0.404802 -0.100962  0.003358  0.006984
  0.112719 -0.029920 -0.028517 -0.102195  0.000569  0.000695  0.417595 -0.087029
 -0.290953  0.057142  0.055092  0.051717 -0.295212  0.055121  0.058525  0.052006
  0.463129  0.008735 -0.118004  0.046556  0.044370 -0.108564  0.359607 -0.104485
  0.011111  0.037922 -0.152033  0.018820  0.046850 -0.395580  0.179587  0.462268
 -0.040409  0.125826 -0.020243 -0.111978 -0.045761  0.159687 -0.032329 -0.033907
 -0.224946  0.019848  0.022772  0.413713  0.085021 -0.045971 -0.135455  0.039619
  0.015173 -0.032029  0.010017  0.006090 -0.043866 -0.031963 -0.445073  0.087786
  0.097860  0.085629  0.286489 -0.064298 -0.324722  0.060786  0.070471  0.068116
 -0.131885  0.002659  0.029220  0.014099 -0.331680 -0.404213  0.390004 -0.731981
  0.404802 -0.100962  0.003358  0.006984  0.112719 -0.029920 -0.028517 -0.102195
  0.000569  0.000695  0.417595 -0.087029 -0.290953  0.057142  0.055092  0.051717
 -0.295212  0.055121  0.058525  0.052006  0.463129  0.008735 -0.118004  0.046556
  0.044370 -0.108564  0.359607 -0.104485  0.011111  0.037922 -0.152033  0.018820
  0.046850 -0.395580  0.179587  0.462268 -0.040409  0.125826 -0.020243 -0.111978
 -0.045761  0.159687 -0.032329 -0.033907 -0.224946  0.019848  0.022772  0.413713
  0.085021 -0.045971 -0.135455  0.039619  0.015173 -0.032029  0.010017  0.006090
 -0.043866 -0.031963 -0.445073  0.087786  0.097860  0.085629  0.286489 -0.064298
 -0.324722  0.060786  0.070471  0.068116 -0.131885  0.002659  0.029220  0.014099
 -0.331680 -0.404213  0.390004 -0.731981  0.404802 -0.100962  0.003358  0.006984
  0.112719 -0.029920 -0.028517 -0.102195  0.000569  0.000695  0.417595 -0.087029
 -0.290953  0.057142  0.055092  0.051717 -0.295212  0.055121  0.058525  0.052006
  0.463129  0.008735 -0.118004  0.046556  0.044370 -0.108564  0.359607 -0.104485
  0.011111  0.037922 -0.152033  0.018820  0.046850 -0.395580  0.179587  0.462268
 -0.040409  0.125826 -0.020243 -0.111978 -0.045761  0.159687 -0.032329 -0.033907
 -0.224946  0.019848  0.022772  0.413713  0.085021 -0.045971 -0.135455  0.039619
  0.015173 -0.032029  0.010017  0.006090 -0.043866 -0.031963 -0.445073  0.087786
  0.097860  0.085629  0.286489 -0.064298 -0.324722  0.060786  0.070471  0.068116
 -0.131885  0.002659  0.029220  0.014099 -0.331680 -0.404213  0.390004 -0.731981
  0.404802 -0.100962  0.003358  0.006984  0.112719 -0.029920 -0.028517 -0.102195
  0.000569  0.000695  0.417595 -0.087029 -0.290953  0.057142  0.055092  0.051717
 -0.295212  0.055121  0.058525  0.052006  0.463129  0.008735 -0.118004  0.046556
  0.044370 -0.108564  0.359607 -0.104485  0.011111  0.037922 -0.152033  0.018820
  0.046850 -0.395580  0.179587  0.462268 -0.040409  0.125826 -0.020243 -0.111978
 -0.045761  0.159687 -0.032329 -0.033907 -0.224946  0.019848  0.022772  0.413713
  0.085021 -0.045971 -0.135455  0.039619  0.015173 -0.032029  0.010017  0.006090
 -0.043866 -0.031963 -0.445073  0.087786  0.097860  0.085629  0.286489 -0.064298
 -0.324722  0.060786  0.070471  0.068116 -0.131885  0.002659  0.029220  0.014099
 -0.331680 -0.404213  0.390004 -0.731981  0.404802 -0.100962  0.003358  0.006984
  0.112719 -0.029920 -0.028517 -0.102195  0.000569  0.000695  0.417595 -0.087029
 -0.290953  0.057142  0.055092  0.051717 -0.295212  0.055121  0.058525  0.052006
  0.463129  0.008735 -0.118004  0.046556  0.044370 -0.108564  0.359607 -0.104485
  0.011111  0.037922 -0.152033  0.018820  0.046850 -0.395580  0.179587  0.462268
 -0.040409  0.125826 -0.020243 -0.111978 -0.045761  0.159687 -0.032329 -0.033907
 -0.224946  0.019848  0.022772  0.413713  0.085021 -0.045971 -0.135455  0.039619
  0.015173 -0.032029  0.010017  0.006090 -0.043866 -0.031963 -0.445073  0.087786
  0.097860  0.085629  0.286489 -0.064298 -0.324722  0.060786  0.070471  0.068116
 -0.131885  0.002659  0.029220  0.014099 -0.331680 -0.404213  0.390004 -0.731981
  0.404802 -0.100962  0.003358  0.006984  0.112719 -0.029920 -0.028517 -0.102195
  0.000569  0.000695  0.417595 -0.087029 -0.290953  0.057142  0.055092  0.051717
 -0.295212  0.055121  0.058525  0.052006  0.463129  0.008735 -0.118004  0.046556
  0.044370 -0.108564  0.359607 -0.104485  0.011111  0.037922 -0.152033  0.018820
  0.046850 -0.395580  0.179587  0.462268 -0.040409  0.125826 -0.020243 -0.111978
 -0.045761  0.159687 -0.032329 -0.033907 -0.224946  0.019848  0.022772  0.413713
  0.085021 -0.045971 -0.135455  0.039619  0.015173 -0.032029  0.010017  0.006090
 -0.043866 -0.031963 -0.445073  0.087786  0.097860  0.085629  0.286489 -0.064298
 -0.324722  0.060786  0.070471  0.068116 -0.131885  0.002659  0.029220  0.014099
 -0.331680 -0.404213  0.390004 -0.731981  0.404802 -0.100962  0.003358  0.006984
  0.112719 -0.029920 -0.028517 -0.102195  0.000569  0.000695  0.417595 -0.087029
 -0.290953  0.057142  0.055092  0.051717 -0.295212  0.055121  0.058525  0.052006
  0.463129  0.008735 -0.118004  0.046556  0.044370 -0.108564  0.359607 -0.104485
  0.011111  0.037922 -0.152033  0.018820  0.046850 -0.395580  0.179587  0.462268
 -0.040409  0.125826 -0.020243 -0.111978 -0.045761  0.159687 -0.032329 -0.033907
 -0.224946  0.019848  0.022772  0.413713  0.085021 -0.045971 -0.135455  0.039619
  0.015173 -0.032029  0.010017  0.006090 -0.043866 -0.031963 -0.445073  0.087786
  0.097860  0.085629  0.286489 -0.064298 -0.324722  0.060786  0.070471  0.068116
 -0.131885  0.002659  0.029220  0.014099 -0.331680 -0.404213  0.390004 -0.731981
  0.404802 -0.100962  0.003358  0.006984  0.112719 -0.029920 -0.028517 -0.102195
  0.000569  0.000695  0.417595 -0.087029 -0.290953  0.057142  0.055092  0.051717
 -0.295212  0.055121  0.058525  0.052006  0.463129  0.008735 -0.118004  0.046556
  0.044370 -0.108564  0.359607 -0.104485  0.011111  0.037922 -0.152033  0.018820
  0.046850 -0.395580  0.179587  0.462268 -0.040409  0.125826 -0.020243 -0.111978
 -0.045761  0.159687 -0.032329 -0.033907 -0.224946  0.019848  0.022772  0.413713
  0.085021 -0.045971 -0.135455  0.039619  0.015173 -0.032029  0.010017  0.006090
 -0.043866 -0.031963 -0.445073  0.087786  0.097860  0.085629  0.286489 -0.064298
 -0.324722  0.060786  0.070471  0.068116 -0.131885  0.002659  0.029220  0.014099
 -0.331680 -0.404213  0.390004 -0.731981  0.404802 -0.100962  0.003358  0.006984
  0.112719 -0.029920 -0.028517 -0.102195  0.000569  0.000695  0.417595 -0.087029
 -0.290953  0.057142  0.055092  0.051717 -0.295212  0.055121  0.058525  0.052006
  0.463129  0.008735 -0.118004  0.046556  0.044370 -0.108564  0.359607 -0.104485
  0.011111  0.037922 -0.152033  0.018820  0.046850 -0.395580  0.179587  0.462268
 -0.040409  0.125826 -0.020243 -0.111978 -0.045761  0.159687 -0.032329 -0.033907
 -0.224946  0.019848  0.022772  0.413713  0.085021 -0.045971 -0.135455  0.039619
  0.015173 -0.032029  0.010017  0.006090 -0.043866 -0.031963 -0.445073  0.087786
  0.097860  0.085629  0.286489 -0.064298 -0.324722  0.060786  0.070471  0.068116
 -0.131885  0.002659  0.029220  0.014099 -0.331680 -0.404213  0.390004 -0.731981
  0.404802 -0.100962  0.003358  0.006984  0.112719 -0.029920 -0.028517 -0.102195
  0.000569  0.000695  0.417595 -0.087029 -0.290953  0.057142  0.055092  0.051717
 -0.295212  0.055121  0.058525  0.052006  0.463129  0.008735 -0.118004  0.046556
  0.044370 -0.108564  0.359607 -0.104485  0.011111  0.037922 -0.152033  0.018820
  0.046850 -0.395580  0.179587  0.462268 -0.040409  0.125826 -0.020243 -0.111978
 -0.045761  0.159687 -0.032329 -0.033907 -0.224946  0.019848  0.022772  0.413713
  0.085021 -0.045971 -0.135455  0.039619  0.015173 -0.032029  0.010017  0.006090
 -0.043866 -0.031963 -0.445073  0.087786  0.097860  0.085629  0.286489 -0.064298
 -0.324722  0.060786  0.070471  0.068116 -0.131885  0.002659  0.029220  0.014099
 -0.331680 -0.404213  0.390004 -0.731981  0.404802 -0.100962  0.003358  0.006984
  0.112719 -0.029920 -0.028517 -0.102195  0.000569  0.000695  0.417595 -0.087029
 -0.290953  0.057142  0.055092  0.051717 -0.295212  0.055121  0.058525  0.052006
  0.463129  0.008735 -0.118004  0.046556  0.044370 -0.108564  0.359607 -0.104485
  0.011111  0.037922 -0.152033  0.018820  0.046850 -0.395580  0.179587  0.462268
 -0.040409  0.125826 -0.020243 -0.111978 -0.045761  0.159687 -0.032329 -0.033907
 -0.224946  0.019848  0.022772  0.413713  0.085021 -0.045971 -0.135455  0.039619
  0.015173 -0.032029  0.010017  0.006090 -0.043866 -0.031963 -0.445073  0.087786
  0.097860  0.085629  0.286489 -0.064298 -0.324722  0.060786  0.070471  0.068116
 -0.131885  0.002659  0.029220  0.014099 -0.331680 -0.404213  0.390004 -0.731981
  0.404802 -0.100962  0.003358  0.006984  0.112719 -0.029920 -0.028517 -0.102195
  0.000569  0.000695  0.417595 -0.087029 -0.290953  0.057142  0.055092  0.051717
 -0.295212  0.055121  0.058525  0.052006  0.463129  0.008735 -0.118004  0.046556
  0.044370 -0.108564  0.359607 -0.104485  0.011111  0.037922 -0.152033  0.018820
  0.046850 -0.395580  0.179587  0.462268 -0.040409  0.125826 -0.020243 -0.111978
 -0.045761  0.159687 -0.032329 -0.033907 -0.224946  0.019848  0.022772  0.413713
  0.085021 -0.045971 -0.135455  0.039619  0.015173 -0.032029  0.010017  0.006090
 -0.043866 -0.031963 -0.445073  0.087786  0.097860  0.085629  0.286489 -0.064298
 -0.324722  0.060786  0.070471  0.068116 -0.131885  0.002659  0.029220  0.014099
 -0.331680 -0.404213  0.390004 -0.731981  0.404802 -0.100962  0.003358  0.006984
  0.112719 -0.029920 -0.028517 -0.102195  0.000569  0.000695  0.417595 -0.087029
 -0.290953  0.057142  0.055092  0.051717 -0.295212  0.055121  0.058525  0.052006
  0.463129  0.008735 -0.118004  0.046556  0.044370 -0.108564  0.359607 -0.104485
  0.011111  0.037922 -0.152033  0.018820  0.046850 -0.395580  0.179587  0.462268
 -0.040409  0.125826 -0.020243 -0.111978 -0.045761  0.159687 -0.032329 -0.033907
 -0.224946  0.019848  0.022772  0.413713  0.085021 -0.045971 -0.135455  0.039619
  0.015173 -0.032029  0.010017  0.006090 -0.043866 -0.031963 -0.445073  0.087786
  0.097860  0.085629  0.286489 -0.064298 -0.324722  0.060786  0.070471  0.068116
 -0.131885  0.002659  0.029220  0.014099 -0.331680 -0.404213  0.390004 -0.731981
  0.404802 -0.100962  0.003358  0.006984  0.112719 -0.029920 -0.028517 -0.102195
  0.000569  0.000695  0.417595 -0.087029 -0.290953  0.057142  0.055092  0.051717
 -0.295212  0.055121  0.058525  0.052006  0.463129  0.008735 -0.118004  0.046556
  0.044370 -0.108564  0.359607 -0.104485  0.011111  0.037922 -0.152033  0.018820
  0.046850 -0.395580  0.179587  0.462268 -0.040409  0.125826 -0.020243 -0.111978
 -0.045761  0.159687 -0.032329 -0.033907 -0.224946  0.019848  0.022772  0.413713
  0.085021 -0.045971 -0.135455  0.039619  0.015173 -0.032029  0.010017  0.006090
 -0.043866 -0.031963 -0.445073  0.087786  0.097860  0.085629  0.286489 -0.064298
 -0.324722  0.060786  0.070471  0.068116 -0.131885  0.002659  0.029220  0.014099
 -0.331680 -0.404213  0.390004 -0.731981  0.404802 -0.100962  0.003358  0.006984
  0.112719 -0.029920 -0.028517 -0.102195  0.000569  0.000695  0.417595 -0.087029
 -0.290953  0.057142  0.055092  0.051717 -0.295212  0.055121  0.058525  0.052006
  0.463129  0.008735 -0.118004  0.046556  0.044370 -0.108564  0.359607 -0.104485
  0.011111  0.037922 -0.152033  0.018820  0.046850 -0.395580  0.179587  0.462268
 -0.040409  0.125826 -0.020243 -0.111978 -0.045761  0.159687 -0.032329 -0.033907
 -0.224946  0.019848  0.022772  0.413713  0.085021 -0.045971 -0.135455  0.039619
  0.015173 -0.032029  0.010017  0.006090 -0.043866 -0.031963 -0.445073  0.087786
  0.097860  0.085629  0.286489 -0.064298 -0.324722  0.060786  0.070471  0.068116
 -0.131885  0.002659  0.029220  0.014099 -0.331680 -0.404213  0.390004 -0.731981
  0.404802 -0.100962  0.003358  0.006984  0.112719 -0.029920 -0.028517 -0.102195
  0.000569  0.000695  0.417595 -0.087029 -0.290953  0.057142  0.055092  0.051717
 -0.295212  0.055121  0.058525  0.052006  0.463129  0.008735 -0.118004  0.046556
  0.044370 -0.108564  0.359607 -0.104485  0.011111  0.037922 -0.152033  0.018820
  0.046850 -0.395580  0.179587  0.462268 -0.040409  0.125826 -0.020243 -0.111978
 -0.045761  0.159687 -0.032329 -0.033907 -0.224946  0.019848  0.022772  0.413713
  0.085021 -0.045971 -0.135455  0.039619  0.015173 -0.032029  0.010017  0.006090
 -0.043866 -0.031963 -0.445073  0.087786  0.097860  0.085629  0.286489 -0.064298
 -0.324722  0.060786  0.070471  0.068116 -0.131885  0.002659  0.029220  0.014099
 -0.331680 -0.404213  0.390004 -0.731981  0.404802 -0.100962  0.003358  0.006984
  0.112719 -0.029920 -0.028517 -0.102195  0.000569  0.000695  0.417595 -0.087029
 -0.290953  0.057142  0.055092  0.051717 -0.295212  0.055121  0.058525  0.052006
  0.463129  0.008735 -0.118004  0.046556  0.044370 -0.108564  0.359607 -0.104485
  0.011111  0.037922 -0.152033  0.018820  0.046850 -0.395580  0.179587  0.462268
 -0.040409  0.125826 -0.020243 -0.111978 -0.045761  0.159687 -0.032329 -0.033907
 -0.224946  0.019848  0.022772  0.413713  0.085021 -0.045971 -0.135455  0.039619
  0.015173 -0.032029  0.010017  0.006090 -0.043866 -0.031963 -0.445073  0.087786
  0.097860  0.085629  0.286489 -0.064298 -0.324722  0.060786  0.070471  0.068116
 -0.131885  0.002659  0.029220  0.014099 -0.331680 -0.404213  0.390004 -0.731981
  0.404802 -0.100962  0.003358  0.006984  0.112719 -0.029920 -0.028517 -0.102195
  0.000569  0.000695  0.417595 -0.087029 -0.290953  0.057142  0.055092  0.051717
 -0.295212  0.055121  0.058525  0.052006  0.463129  0.008735 -0.118004  0.046556
  0.044370 -0.108564  0.359607 -0.104485  0.011111  0.037922 -0.152033  0.018820
  0.046850 -0.395580  0.179587  0.462268 -0.040409  0.125826 -0.020243 -0.111978
 -0.045761  0.159687 -0.032329 -0.033907 -0.224946  0.019848  0.022772  0.413713
  0.085021 -0.045971 -0.135455  0.039619  0.015173 -0.032029  0.010017  0.006090
 -0.043866 -0.031963 -0.445073  0.087786  0.097860  0.085629  0.286489 -0.064298
 -0.324722  0.060786  0.070471  0.068116 -0.131885  0.002659  0.029220  0.014099
 -0.331680 -0.404213  0.390004 -0.731981  0.404802 -0.100962  0.003358  0.006984
  0.112719 -0.029920 -0.028517 -0.102195  0.000569  0.000695  0.417595 -0.087029
 -0.290953  0.057142  0.055092  0.051717 -0.295212  0.055121  0.058525  0.052006
  0.463129  0.008735 -0.118004  0.046556  0.044370 -0.108564  0.359607 -0.104485
  0.011111  0.037922 -0.152033  0.018820  0.046850 -0.395580  0.179587  0.462268
 -0.040409  0.125826 -0.020243 -0.111978 -0.045761  0.159687 -0.032329 -0.033907
 -0.224946  0.019848  0.022772  0.413713  0.085021 -0.045971 -0.135455  0.039619
  0.015173 -0.032029  0.010017  0.006090 -0.043866 -0.031963 -0.445073  0.087786
  0.097860  0.085629  0.286489 -0.064298 -0.324722  0.060786  0.070471  0.068116
 -0.131885  0.002659  0.029220  0.014099 -0.331680 -0.404213  0.390004 -0.731981
  0.404802 -0.100962  0.003358  0.006984  0.112719 -0.029920 -0.028517 -0.102195
  0.000569  0.000695  0.417595 -0.087029 -0.290953  0.057142  0.055092  0.051717
 -0.295212  0.055121  0.058525  0.052006  0.463129  0.008735 -0.118004  0.046556
  0.044370 -0.108564  0.359607 -0.104485  0.011111  0.037922 -0.152033  0.018820
  0.046850 -0.395580  0.179587  0.462268 -0.040409  0.125826 -0.020243 -0.111978
 -0.045761  0.159687 -0.032329 -0.033907 -0.224946  0.019848  0.022772  0.413713
  0.085021 -0.045971 -0.135455  0.039619  0.015173 -0.032029  0.010017  0.006090
 -0.043866 -0.031963 -0.445073  0.087786  0.097860  0.085629  0.286489 -0.064298
 -0.324722  0.060786  0.070471  0.068116 -0.131885  0.002659  0.029220  0.014099
 -0.331680 -0.404213  0.390004 -0.731981  0.404802 -0.100962  0.003358  0.006984
  0.112719 -0.029920 -0.028517 -0.102195  0.000569  0.000695  0.417595 -0.087029
 -0.290953  0.057142  0.055092  0.051717 -0.295212  0.055121  0.058525  0.052006
  0.463129  0.008735 -0.118004  0.046556  0.044370 -0.108564  0.359607 -0.104485
  0.011111  0.037922 -0.152033  0.018820  0.046850 -0.395580  0.179587  0.462268
 -0.040409  0.125826 -0.020243 -0.111978 -0.045761  0.159687 -0.032329 -0.033907
 -0.224946  0.019848  0.022772  0.413713  0.085021 -0.045971 -0.135455  0.039619
  0.015173 -0.032029  0.010017  0.006090 -0.043866 -0.031963 -0.445073  0.087786
  0.097860  0.085629  0.286489 -0.064298 -0.324722  0.060786  0.070471  0.068116
 -0.131885  0.002659  0.029220  0.014099 -0.331680 -0.404213  0.390004 -0.731981
  0.404802 -0.100962  0.003358  0.006984  0.112719 -0.029920 -0.028517 -0.102195
  0.000569  0.000695  0.417595 -0.087029 -0.290953  0.057142  0.055092  0.051717
 -0.295212  0.055121  0.058525  0.052006  0.463129  0.008735 -0.118004  0.046556
  0.044370 -0.108564  0.359607 -0.104485  0.011111  0.037922 -0.152033  0.018820
  0.046850 -0.395580  0.179587  0.462268 -0.040409  0.125826 -0.020243 -0.111978
 -0.045761  0.159687 -0.032329 -0.033907 -0.224946  0.019848  0.022772  0.413713
  0.085021 -0.045971 -0.135455  0.039619  0.015173 -0.032029  0.010017  0.006090
 -0.043866 -0.031963 -0.445073  0.087786  0.097860  0.085629  0.286489 -0.064298
 -0.324722  0.060786  0.070471  0.068116 -0.131885  0.002659  0.029220  0.014099
 -0.331680 -0.404213  0.390004 -0.731981  0.404802 -0.100962  0.003358  0.006984
  0.112719 -0.029920 -0.028517 -0.102195  0.000569  0.000695  0.417595 -0.087029
 -0.290953  0.057142  0.055092  0.051717 -0.295212  0.055121  0.058525  0.052006
  0.463129  0.008735 -0.118004  0.046556  0.044370 -0.108564  0.359607 -0.104485
  0.011111  0.037922 -0.152033  0.018820  0.046850 -0.395580  0.179587  0.462268
 -0.040409  0.125826 -0.020243 -0.111978 -0.045761  0.159687 -0.032329 -0.033907
 -0.224946  0.019848  0.022772  0.413713  0.085021 -0.045971 -0.135455  0.039619
  0.015173 -0.032029  0.010017  0.006090 -0.043866 -0.031963 -0.445073  0.087786
  0.097860  0.085629  0.286489 -0.064298 -0.324722  0.060786  0.070471  0.068116
 -0.131885  0.002659  0.029220  0.014099 -0.331680 -0.404213  0.390004 -0.731981
  0.404802 -0.100962  0.003358  0.006984  0.112719 -0.029920 -0.028517 -0.102195
  0.000569  0.000695  0.417595 -0.087029 -0.290953  0.057142  0.055092  0.051717
 -0.295212  0.055121  0.058525  0.052006  0.463129  0.008735 -0.118004  0.046556
  0.044370 -0.108564  0.359607 -0.104485  0.011111  0.037922 -0.152033  0.018820
  0.046850 -0.395580  0.179587  0.462268 -0.040409  0.125826 -0.020243 -0.111978
 -0.045761  0.159687 -0.032329 -0.033907 -0.224946  0.019848  0.022772  0.413713
  0.085021 -0.045971 -0.135455  0.039619  0.015173 -0.032029  0.010017  0.006090
 -0.043866 -0.031963 -0.445073  0.087786  0.097860  0.085629  0.286489 -0.064298
 -0.324722  0.060786  0.070471  0.068116 -0.131885  0.002659  0.029220  0.014099
 -0.331680 -0.404213  0.390004 -0.731981  0.404802 -0.100962  0.003358  0.006984
  0.112719 -0.029920 -0.028517 -0.102195  0.000569  0.000695  0.417595 -0.087029
 -0.290953  0.057142  0.055092  0.051717 -0.295212  0.055121  0.058525  0.052006
  0.463129  0.008735 -0.118004  0.046556  0.044370 -0.108564  0.359607 -0.104485
  0.011111  0.037922 -0.152033  0.018820  0.046850 -0.395580  0.179587  0.462268
 -0.040409  0.125826 -0.020243 -0.111978 -0.045761  0.159687 -0.032329 -0.033907
 -0.224946  0.019848  0.022772  0.413713  0.085021 -0.045971 -0.135455  0.039619
  0.015173 -0.032029  0.010017  0.006090 -0.043866 -0.031963 -0.445073  0.087786
  0.097860  0.085629  0.286489 -0.064298 -0.324722  0.060786  0.070471  0.068116
 -0.131885  0.002659  0.029220  0.014099 -0.331680 -0.404213  0.390004 -0.731981
  0.404802 -0.100962  0.003358  0.006984  0.112719 -0.029920 -0.028517 -0.102195
  0.000569  0.000695  0.417595 -0.087029 -0.290953  0.057142  0.055092  0.051717
 -0.295212  0.055121  0.058525  0.052006  0.463129  0.008735 -0.118004  0.046556
  0.044370 -0.108564  0.359607 -0.104485  0.011111  0.037922 -0.152033  0.018820
  0.046850 -0.395580  0.179587  0.462268 -0.040409  0.125826 -0.020243 -0.111978
 -0.045761  0.159687 -0.032329 -0.033907 -0.224946  0.019848  0.022772  0.413713
  0.085021 -0.045971 -0.135455  0.039619  0.015173 -0.032029  0.010017  0.006090
 -0.043866 -0.031963 -0.445073  0.087786  0.097860  0.085629  0.286489 -0.064298
 -0.324722  0.060786  0.070471  0.068116 -0.131885  0.002659  0.029220  0.014099
 -0.331680 -0.404213  0.390004 -0.731981  0.404802 -0.100962  0.003358  0.006984
  0.112719 -0.029920 -0.028517 -0.102195  0.000569  0.000695  0.417595 -0.087029
 -0.290953  0.057142  0.055092  0.051717 -0.295212  0.055121  0.058525  0.052006
  0.463129  0.008735 -0.118004  0.046556  0.044370 -0.108564  0.359607 -0.104485
  0.011111  0.037922 -0.152033  0.018820  0.046850 -0.395580  0.179587  0.462268
 -0.040409  0.125826 -0.020243 -0.111978 -0.045761  0.159687 -0.032329 -0.033907
 -0.224946  0.019848  0.022772  0.413713  0.085021 -0.045971 -0.135455  0.039619
  0.015173 -0.032029  0.010017  0.006090 -0.043866 -0.031963 -0.445073  0.087786
  0.097860  0.085629  0.286489 -0.064298 -0.324722  0.060786  0.070471  0.068116
 -0.131885  0.002659  0.029220  0.014099 -0.331680 -0.404213  0.390004 -0.731981
  0.404802 -0.100962  0.003358  0.006984  0.112719 -0.029920 -0.028517 -0.102195
  0.000569  0.000695  0.417595 -0.087029 -0.290953  0.057142  0.055092  0.051717
 -0.295212  0.055121  0.058525  0.052006  0.463129  0.008735 -0.118004  0.046556
  0.044370 -0.108564  0.359607 -0.104485  0.011111  0.037922 -0.152033  0.018820
  0.046850 -0.395580  0.179587  0.462268 -0.040409  0.125826 -0.020243 -0.111978
 -0.045761  0.159687 -0.032329 -0.033907 -0.224946  0.019848  0.022772  0.413713
  0.085021 -0.045971 -0.135455  0.039619  0.015173 -0.032029  0.010017  0.006090
 -0.043866 -0.031963 -0.445073  0.087786  0.097860  0.085629  0.286489 -0.064298
 -0.324722  0.060786  0.070471  0.068116 -0.131885  0.002659  0.029220  0.014099
 -0.331680 -0.404213  0.390004 -0.731981  0.404802 -0.100962  0.003358  0.006984
  0.112719 -0.029920 -0.028517 -0.102195  0.000569  0.000695  0.417595 -0.087029
 -0.290953  0.057142  0.055092  0.051717 -0.295212  0.055121  0.058525  0.052006
  0.463129  0.008735 -0.118004  0.046556  0.044370 -0.108564  0.359607 -0.104485
  0.011111  0.037922 -0.152033  0.018820  0.046850 -0.395580  0.179587  0.462268
 -0.040409  0.125826 -0.020243 -0.111978 -0.045761  0.159687 -0.032329 -0.033907
 -0.224946  0.019848  0.022772  0.413713  0.085021 -0.045971 -0.135455  0.039619
  0.015173 -0.032029  0.010017  0.006090 -0.043866 -0.031963 -0.445073  0.087786
  0.097860  0.085629  0.286489 -0.064298 -0.324722  0.060786  0.070471  0.068116
 -0.131885  0.002659  0.029220  0.014099 -0.331680 -0.404213  0.390004 -0.731981
  0.404802 -0.100962  0.003358  0.006984  0.112719 -0.029920 -0.028517 -0.102195
  0.000569  0.000695  0.417595 -0.087029 -0.290953  0.057142  0.055092  0.051717
 -0.295212  0.055121  0.058525  0.052006  0.463129  0.008735 -0.118004  0.046556
  0.044370 -0.108564  0.359607 -0.104485  0.011111  0.037922 -0.152033  0.018820
  0.046850 -0.395580  0.179587  0.462268 -0.040409  0.125826 -0.020243 -0.111978
 -0.045761  0.159687 -0.032329 -0.033907 -0.224946  0.019848  0.022772  0.413713
  0.085021 -0.045971 -0.135455  0.039619  0.015173 -0.032029  0.010017  0.006090
 -0.043866 -0.031963 -0.445073  0.087786  0.097860  0.085629  0.286489 -0.064298
 -0.324722  0.060786  0.070471  0.068116 -0.131885  0.002659  0.029220  0.014099
 -0.331680 -0.404213  0.390004 -0.731981  0.404802 -0.100962  0.003358  0.006984
  0.112719 -0.029920 -0.028517 -0.102195  0.000569  0.000695  0.417595 -0.087029
 -0.290953  0.057142  0.055092  0.051717 -0.295212  0.055121  0.058525  0.052006
  0.463129  0.008735 -0.118004  0.046556  0.044370 -0.108564  0.359607 -0.104485
  0.011111  0.037922 -0.152033  0.018820  0.046850 -0.395580  0.179587  0.462268
 -0.040409  0.125826 -0.020243 -0.111978 -0.045761  0.159687 -0.032329 -0.033907
 -0.224946  0.019848  0.022772  0.413713  0.085021 -0.045971 -0.135455  0.039619
  0.015173 -0.032029  0.010017  0.006090 -0.043866 -0.031963 -0.445073  0.087786
  0.097860  0.085629  0.286489 -0.064298 -0.324722  0.060786  0.070471  0.068116
 -0.131885  0.002659  0.029220  0.014099 -0.331680 -0.404213  0.390004 -0.731981
  0.404802 -0.100962  0.003358  0.006984  0.112719 -0.029920 -0.028517 -0.102195
  0.000569  0.000695  0.417595 -0.087029 -0.290953  0.057142  0.055092  0.051717
 -0.295212  0.055121  0.058525  0.052006  0.463129  0.008735 -0.118004  0.046556
  0.044370 -0.108564  0.359607 -0.104485  0.011111  0.037922 -0.152033  0.018820
  0.046850 -0.395580  0.179587  0.462268 -0.040409  0.125826 -0.020243 -0.111978
 -0.045761  0.159687 -0.032329 -0.033907 -0.224946  0.019848  0.022772  0.413713
  0.085021 -0.045971 -0.135455  0.039619  0.015173 -0.032029  0.010017  0.006090
 -0.043866 -0.031963 -0.445073  0.087786  0.097860  0.085629  0.286489 -0.064298
 -0.324722  0.060786  0.070471  0.068116 -0.131885  0.002659  0.029220  0.014099
 -0.331680 -0.404213  0.390004 -0.731981  0.404802 -0.100962  0.003358  0.006984
  0.112719 -0.029920 -0.028517 -0.102195  0.000569  0.000695  0.417595 -0.087029
 -0.290953  0.057142  0.055092  0.051717 -0.295212  0.055121  0.058525  0.052006
  0.463129  0.008735 -0.118004  0.046556  0.044370 -0.108564  0.359607 -0.104485
  0.011111  0.037922 -0.152033  0.018820  0.046850 -0.395580  0.179587  0.462268
 -0.040409  0.125826 -0.020243 -0.111978 -0.045761  0.159687 -0.032329 -0.033907
 -0.224946  0.019848  0.022772  0.413713  0.085021 -0.045971 -0.135455  0.039619
  0.015173 -0.032029  0.010017  0.006090 -0.043866 -0.031963 -0.445073  0.087786
  0.097860  0.085629  0.286489 -0.064298 -0.324722  0.060786  0.070471  0.068116
 -0.131885  0.002659  0.029220  0.014099 -0.331680 -0.404213  0.390004 -0.731981
  0.404802 -0.100962  0.003358  0.006984  0.112719 -0.029920 -0.028517 -0.102195
  0.000569  0.000695  0.417595 -0.087029 -0.290953  0.057142  0.055092  0.051717
 -0.295212  0.055121  0.058525  0.052006  0.463129  0.008735 -0.118004  0.046556
  0.044370 -0.108564  0.359607 -0.104485  0.011111  0.037922 -0.152033  0.018820
  0.046850 -0.395580  0.179587  0.462268 -0.040409  0.125826 -0.020243 -0.111978
 -0.045761  0.159687 -0.032329 -0.033907 -0.224946  0.019848  0.022772  0.413713
  0.085021 -0.045971 -0.135455  0.039619  0.015173 -0.032029  0.010017  0.006090
 -0.043866 -0.031963 -0.445073  0.087786  0.097860  0.085629  0.286489 -0.064298
 -0.324722  0.060786  0.070471  0.068116 -0.131885  0.002659  0.029220  0.014099
 -0.331680 -0.404213  0.390004 -0.731981  0.404802 -0.100962  0.003358  0.006984
  0.112719 -0.029920 -0.028517 -0.102195  0.000569  0.000695  0.417595 -0.087029
 -0.290953  0.057142  0.055092  0.051717 -0.295212  0.055121  0.058525  0.052006
  0.463129  0.008735 -0.118004  0.046556  0.044370 -0.108564  0.359607 -0.104485
  0.011111  0.037922 -0.152033  0.018820  0.046850 -0.395580  0.179587  0.462268
 -0.040409  0.125826 -0.020243 -0.111978 -0.045761  0.159687 -0.032329 -0.033907
 -0.224946  0.019848  0.022772  0.413713  0.085021 -0.045971 -0.135455  0.039619
  0.015173 -0.032029  0.010017  0.006090 -0.043866 -0.031963 -0.445073  0.087786
  0.097860  0.085629  0.286489 -0.064298 -0.324722  0.060786  0.070471  0.068116
 -0.131885  0.002659  0.029220  0.014099 -0.331680 -0.404213  0.390004 -0.731981
  0.404802 -0.100962  0.003358  0.006984  0.112719 -0.029920 -0.028517 -0.102195
  0.000569  0.000695  0.417595 -0.087029 -0.290953  0.057142  0.055092  0.051717
 -0.295212  0.055121  0.058525  0.052006  0.463129  0.008735 -0.118004  0.046556
  0.044370 -0.108564  0.359607 -0.104485  0.011111  0.037922 -0.152033  0.018820
  0.046850 -0.395580  0.179587  0.462268 -0.040409  0.125826 -0.020243 -0.111978
 -0.045761  0.159687 -0.032329 -0.033907 -0.224946  0.019848  0.022772  0.413713
  0.085021 -0.045971 -0.135455  0.039619  0.015173 -0.032029  0.010017  0.006090
 -0.043866 -0.031963 -0.445073  0.087786  0.097860  0.085629  0.286489 -0.064298
 -0.324722  0.060786  0.070471  0.068116 -0.131885  0.002659  0.029220  0.014099
 -0.331680 -0.404213  0.390004 -0.731981  0.404802 -0.100962  0.003358  0.006984
  0.112719 -0.029920 -0.028517 -0.102195  0.000569  0.000695  0.417595 -0.087029
 -0.290953  0.057142  0.055092  0.051717 -0.295212  0.055121  0.058525  0.052006
  0.463129  0.008735 -0.118004  0.046556  0.044370 -0.108564  0.359607 -0.104485
  0.011111  0.037922 -0.152033  0.018820  0.046850 -0.395580  0.179587  0.462268
 -0.040409  0.125826 -0.020243 -0.111978 -0.045761  0.159687 -0.032329 -0.033907
 -0.224946  0.019848  0.022772  0.413713  0.085021 -0.045971 -0.135455  0.039619
  0.015173 -0.032029  0.010017  0.006090 -0.043866 -0.031963 -0.445073  0.087786
  0.097860  0.085629  0.286489 -0.064298 -0.324722  0.060786  0.070471  0.068116
 -0.131885  0.002659  0.029220  0.014099 -0.331680 -0.404213  0.390004 -0.731981
  0.404802 -0.100962  0.003358  0.006984  0.112719 -0.029920 -0.028517 -0.102195
  0.000569  0.000695  0.417595 -0.087029 -0.290953  0.057142  0.055092  0.051717
 -0.295212  0.055121  0.058525  0.052006  0.463129  0.008735 -0.118004  0.046556
  0.044370 -0.108564  0.359607 -0.104485  0.011111  0.037922 -0.152033  0.018820
  0.046850 -0.395580  0.179587  0.462268 -0.040409  0.125826 -0.020243 -0.111978
 -0.045761  0.159687 -0.032329 -0.033907 -0.224946  0.019848  0.022772  0.413713
  0.085021 -0.045971 -0.135455  0.039619  0.015173 -0.032029  0.010017  0.006090
 -0.043866 -0.031963 -0.445073  0.087786  0.097860  0.085629  0.286489 -0.064298
 -0.324722  0.060786  0.070471  0.068116 -0.131885  0.002659  0.029220  0.014099
 -0.331680 -0.404213  0.390004 -0.731981  0.404802 -0.100962  0.003358  0.006984
  0.112719 -0.029920 -0.028517 -0.102195  0.000569  0.000695  0.417595 -0.087029
 -0.290953  0.057142  0.055092  0.051717 -0.295212  0.055121  0.058525  0.052006
  0.463129  0.008735 -0.118004  0.046556  0.044370 -0.108564  0.359607 -0.104485
  0.011111  0.037922 -0.152033  0.018820  0.046850 -0.395580  0.179587  0.462268
 -0.040409  0.125826 -0.020243 -0.111978 -0.045761  0.159687 -0.032329 -0.033907
 -0.224946  0.019848  0.022772  0.413713  0.085021 -0.045971 -0.135455  0.039619
  0.015173 -0.032029  0.010017  0.006090 -0.043866 -0.031963 -0.445073  0.087786
  0.097860  0.085629  0.286489 -0.064298 -0.324722  0.060786  0.070471  0.068116
 -0.131885  0.002659  0.029220  0.014099 -0.331680 -0.404213  0.390004 -0.731981
  0.404802 -0.100962  0.003358  0.006984  0.112719 -0.029920 -0.028517 -0.102195
  0.000569  0.000695  0.417595 -0.087029 -0.290953  0.057142  0.055092  0.051717
 -0.295212  0.055121  0.058525  0.052006  0.463129  0.008735 -0.118004  0.046556
  0.044370 -0.108564  0.359607 -0.104485  0.011111  0.037922 -0.152033  0.018820
  0.046850 -0.395580  0.179587  0.462268 -0.040409  0.125826 -0.020243 -0.111978
 -0.045761  0.159687 -0.032329 -0.033907 -0.224946  0.019848  0.022772  0.413713
  0.085021 -0.045971 -0.135455  0.039619  0.015173 -0.032029  0.010017  0.006090
 -0.043866 -0.031963 -0.445073  0.087786  0.097860  0.085629  0.286489 -0.064298
 -0.324722  0.060786  0.070471  0.068116 -0.131885  0.002659  0.029220  0.014099
 -0.331680 -0.404213  0.390004 -0.731981  0.404802 -0.100962  0.003358  0.006984
  0.112719 -0.029920 -0.028517 -0.102195  0.000569  0.000695  0.417595 -0.087029
 -0.290953  0.057142  0.055092  0.051717 -0.295212  0.055121  0.058525  0.052006
  0.463129  0.008735 -0.118004  0.046556  0.044370 -0.108564  0.359607 -0.104485
  0.011111  0.037922 -0.152033  0.018820  0.046850 -0.395580  0.179587  0.462268
 -0.040409  0.125826 -0.020243 -0.111978 -0.045761  0.159687 -0.032329 -0.033907
 -0.224946  0.019848  0.022772  0.413713  0.085021 -0.045971 -0.135455  0.039619
  0.015173 -0.032029  0.010017  0.006090 -0.043866 -0.031963 -0.445073  0.087786
  0.097860  0.085629  0.286489 -0.064298 -0.324722  0.060786  0.070471  0.068116
 -0.131885  0.002659  0.029220  0.014099 -0.331680 -0.404213  0.390004 -0.731981
  0.404802 -0.100962  0.003358  0.006984  0.112719 -0.029920 -0.028517 -0.102195
  0.000569  0.000695  0.417595 -0.087029 -0.290953  0.057142  0.055092  0.051717
 -0.295212  0.055121  0.058525  0.052006  0.463129  0.008735 -0.118004  0.046556
  0.044370 -0.108564  0.359607 -0.104485  0.011111  0.037922 -0.152033  0.018820
  0.046850 -0.395580  0.179587  0.462268 -0.040409  0.125826 -0.020243 -0.111978
 -0.045761  0.159687 -0.032329 -0.033907 -0.224946  0.019848  0.022772  0.413713
  0.085021 -0.045971 -0.135455  0.039619  0.015173 -0.032029  0.010017  0.006090
 -0.043866 -0.031963 -0.445073  0.087786  0.097860  0.085629  0.286489 -0.064298
 -0.324722  0.060786  0.070471  0.068116 -0.131885  0.002659  0.029220  0.014099
 -0.331680 -0.404213  0.390004 -0.731981  0.404802 -0.100962  0.003358  0.006984
  0.112719 -0.029920 -0.028517 -0.102195  0.000569  0.000695  0.417595 -0.087029
 -0.290953  0.057142  0.055092  0.051717 -0.295212  0.055121  0.058525  0.052006
  0.463129  0.008735 -0.118004  0.046556  0.044370 -0.108564  0.359607 -0.104485
  0.011111  0.037922 -0.152033  0.018820  0.046850 -0.395580  0.179587  0.462268
 -0.040409  0.125826 -0.020243 -0.111978 -0.045761  0.159687 -0.032329 -0.033907
 -0.224946  0.019848  0.022772  0.413713  0.085021 -0.045971 -0.135455  0.039619
  0.015173 -0.032029  0.010017  0.006090 -0.043866 -0.031963 -0.445073  0.087786
  0.097860  0.085629  0.286489 -0.064298 -0.324722  0.060786  0.070471  0.068116
 -0.131885  0.002659  0.029220  0.014099 -0.331680 -0.404213  0.390004 -0.731981
  0.404802 -0.100962  0.003358  0.006984  0.112719 -0.029920 -0.028517 -0.102195
  0.000569  0.000695  0.417595 -0.087029 -0.290953  0.057142  0.055092  0.051717
 -0.295212  0.055121  0.058525  0.052006  0.463129  0.008735 -0.118004  0.046556
  0.044370 -0.108564  0.359607 -0.104485  0.011111  0.037922 -0.152033  0.018820
  0.046850 -0.395580  0.179587  0.462268 -0.040409  0.125826 -0.020243 -0.111978
 -0.045761  0.159687 -0.032329 -0.033907 -0.224946  0.019848  0.022772  0.413713
  0.085021 -0.045971 -0.135455  0.039619  0.015173 -0.032029  0.010017  0.006090
 -0.043866 -0.031963 -0.445073  0.087786  0.097860  0.085629  0.286489 -0.064298
 -0.324722  0.060786  0.070471  0.068116 -0.131885  0.002659  0.029220  0.014099
 -0.331680 -0.404213  0.390004 -0.731981  0.404802 -0.100962  0.003358  0.006984
  0.112719 -0.029920 -0.028517 -0.102195  0.000569  0.000695  0.417595 -0.087029
 -0.290953  0.057142  0.055092  0.051717 -0.295212  0.055121  0.058525  0.052006
  0.463129  0.008735 -0.118004  0.046556  0.044370 -0.108564  0.359607 -0.104485
  0.011111  0.037922 -0.152033  0.018820  0.046850 -0.395580  0.179587  0.462268
 -0.040409  0.125826 -0.020243 -0.111978 -0.045761  0.159687 -0.032329 -0.033907
 -0.224946  0.019848  0.022772  0.413713  0.085021 -0.045971 -0.135455  0.039619
  0.015173 -0.032029  0.010017  0.006090 -0.043866 -0.031963 -0.445073  0.087786
  0.097860  0.085629  0.286489 -0.064298 -0.324722  0.060786  0.070471  0.068116
 -0.131885  0.002659  0.029220  0.014099 -0.331680 -0.404213  0.390004 -0.731981
  0.404802 -0.100962  0.003358  0.006984  0.112719 -0.029920 -0.028517 -0.102195
  0.000569  0.000695  0.417595 -0.087029 -0.290953  0.057142  0.055092  0.051717
 -0.295212  0.055121  0.058525  0.052006  0.463129  0.008735 -0.118004  0.046556
  0.044370 -0.108564  0.359607 -0.104485  0.011111  0.037922 -0.152033  0.018820
  0.046850 -0.395580  0.179587  0.462268 -0.040409  0.125826 -0.020243 -0.111978
 -0.045761  0.159687 -0.032329 -0.033907 -0.224946  0.019848  0.022772  0.413713
  0.085021 -0.045971 -0.135455  0.039619  0.015173 -0.032029  0.010017  0.006090
 -0.043866 -0.031963 -0.445073  0.087786  0.097860  0.085629  0.286489 -0.064298
 -0.324722  0.060786  0.070471  0.068116 -0.131885  0.002659  0.029220  0.014099
 -0.331680 -0.404213  0.390004 -0.731981  0.404802 -0.100962  0.003358  0.006984
  0.112719 -0.029920 -0.028517 -0.102195  0.000569  0.000695  0.417595 -0.087029
 -0.290953  0.057142  0.055092  0.051717 -0.295212  0.055121  0.058525  0.052006
  0.463129  0.008735 -0.118004  0.046556  0.044370 -0.108564  0.359607 -0.104485
  0.011111  0.037922 -0.152033  0.018820  0.046850 -0.395580  0.179587  0.462268
 -0.040409  0.125826 -0.020243 -0.111978 -0.045761  0.159687 -0.032329 -0.033907
 -0.224946  0.019848  0.022772  0.413713  0.085021 -0.045971 -0.135455  0.039619
  0.015173 -0.032029  0.010017  0.006090 -0.043866 -0.031963 -0.445073  0.087786
  0.097860  0.085629  0.286489 -0.064298 -0.324722  0.060786  0.070471  0.068116
 -0.131885  0.002659  0.029220  0.014099 -0.331680 -0.404213  0.390004 -0.731981
  0.404802 -0.100962  0.003358  0.006984  0.112719 -0.029920 -0.028517 -0.102195
  0.000569  0.000695  0.417595 -0.087029 -0.290953  0.057142  0.055092  0.051717
 -0.295212  0.055121  0.058525  0.052006  0.463129  0.008735 -0.118004  0.046556
  0.044370 -0.108564  0.359607 -0.104485  0.011111  0.037922 -0.152033  0.018820
  0.046850 -0.395580  0.179587  0.462268 -0.040409  0.125826 -0.020243 -0.111978
 -0.045761  0.159687 -0.032329 -0.033907 -0.224946  0.019848  0.022772  0.413713
  0.085021 -0.045971 -0.135455  0.039619  0.015173 -0.032029  0.010017  0.006090
 -0.043866 -0.031963 -0.445073  0.087786  0.097860  0.085629  0.286489 -0.064298
 -0.324722  0.060786  0.070471  0.068116 -0.131885  0.002659  0.029220  0.014099
 -0.331680 -0.404213  0.390004 -0.731981  0.404802 -0.100962  0.003358  0.006984
  0.112719 -0.029920 -0.028517 -0.102195  0.000569  0.000695  0.417595 -0.087029
 -0.290953  0.057142  0.055092  0.051717 -0.295212  0.055121  0.058525  0.052006
  0.463129  0.008735 -0.118004  0.046556  0.044370 -0.108564  0.359607 -0.104485
  0.011111  0.037922 -0.152033  0.018820  0.046850 -0.395580  0.179587  0.462268
 -0.040409  0.125826 -0.020243 -0.111978 -0.045761  0.159687 -0.032329 -0.033907
 -0.224946  0.019848  0.022772  0.413713  0.085021 -0.045971 -0.135455  0.039619
  0.015173 -0.032029  0.010017  0.006090 -0.043866 -0.031963 -0.445073  0.087786
  0.097860  0.085629  0.286489 -0.064298 -0.324722  0.060786  0.070471  0.068116
 -0.131885  0.002659  0.029220  0.014099 -0.331680 -0.404213  0.390004 -0.731981
  0.404802 -0.100962  0.003358  0.006984  0.112719 -0.029920 -0.028517 -0.102195
  0.000569  0.000695  0.417595 -0.087029 -0.290953  0.057142  0.055092  0.051717
 -0.295212  0.055121  0.058525  0.052006  0.463129  0.008735 -0.118004  0.046556
  0.044370 -0.108564  0.359607 -0.104485  0.011111  0.037922 -0.152033  0.018820
  0.046850 -0.395580  0.179587  0.462268 -0.040409  0.125826 -0.020243 -0.111978
 -0.045761  0.159687 -0.032329 -0.033907 -0.224946  0.019848  0.022772  0.413713
  0.085021 -0.045971 -0.135455  0.039619  0.015173 -0.032029  0.010017  0.006090
 -0.043866 -0.031963 -0.445073  0.087786  0.097860  0.085629  0.286489 -0.064298
 -0.324722  0.060786  0.070471  0.068116 -0.131885  0.002659  0.029220  0.014099
 -0.331680 -0.404213  0.390004 -0.731981  0.404802 -0.100962  0.003358  0.006984
  0.112719 -0.029920 -0.028517 -0.102195  0.000569  0.000695  0.417595 -0.087029
 -0.290953  0.057142  0.055092  0.051717 -0.295212  0.055121  0.058525  0.052006
  0.463129  0.008735 -0.118004  0.046556  0.044370 -0.108564  0.359607 -0.104485
  0.011111  0.037922 -0.152033  0.018820  0.046850 -0.395580  0.179587  0.462268
 -0.040409  0.125826 -0.020243 -0.111978 -0.045761  0.159687 -0.032329 -0.033907
 -0.224946  0.019848  0.022772  0.413713  0.085021 -0.045971 -0.135455  0.039619
  0.015173 -0.032029  0.010017  0.006090 -0.043866 -0.031963 -0.445073  0.087786
  0.097860  0.085629  0.286489 -0.064298 -0.324722  0.060786  0.070471  0.068116
 -0.131885  0.002659  0.029220  0.014099 -0.331680 -0.404213  0.390004 -0.731981
  0.404802 -0.100962  0.003358  0.006984  0.112719 -0.029920 -0.028517 -0.102195
  0.000569  0.000695  0.417595 -0.087029 -0.290953  0.057142  0.055092  0.051717
 -0.295212  0.055121  0.058525  0.052006  0.463129  0.008735 -0.118004  0.046556
  0.044370 -0.108564  0.359607 -0.104485  0.011111  0.037922 -0.152033  0.018820
  0.046850 -0.395580  0.179587  0.462268 -0.040409  0.125826 -0.020243 -0.111978
 -0.045761  0.159687 -0.032329 -0.033907 -0.224946  0.019848  0.022772  0.413713
  0.085021 -0.045971 -0.135455  0.039619  0.015173 -0.032029  0.010017  0.006090
 -0.043866 -0.031963 -0.445073  0.087786  0.097860  0.085629  0.286489 -0.064298
 -0.324722  0.060786  0.070471  0.068116 -0.131885  0.002659  0.029220  0.014099
 -0.331680 -0.404213  0.390004 -0.731981  0.404802 -0.100962  0.003358  0.006984
  0.112719 -0.029920 -0.028517 -0.102195  0.000569  0.000695  0.417595 -0.087029
 -0.290953  0.057142  0.055092  0.051717 -0.295212  0.055121  0.058525  0.052006
  0.463129  0.008735 -0.118004  0.046556  0.044370 -0.108564  0.359607 -0.104485
  0.011111  0.037922 -0.152033  0.018820  0.046850 -0.395580  0.179587  0.462268
 -0.040409  0.125826 -0.020243 -0.111978 -0.045761  0.159687 -0.032329 -0.033907
 -0.224946  0.019848  0.022772  0.413713  0.085021 -0.045971 -0.135455  0.039619
  0.015173 -0.032029  0.010017  0.006090 -0.043866 -0.031963 -0.445073  0.087786
  0.097860  0.085629  0.286489 -0.064298 -0.324722  0.060786  0.070471  0.068116
 -0.131885  0.002659  0.029220  0.014099 -0.331680 -0.404213  0.390004 -0.731981
  0.404802 -0.100962  0.003358  0.006984  0.112719 -0.029920 -0.028517 -0.102195
  0.000569  0.000695  0.417595 -0.087029 -0.290953  0.057142  0.055092  0.051717
 -0.295212  0.055121  0.058525  0.052006  0.463129  0.008735 -0.118004  0.046556
  0.044370 -0.108564  0.359607 -0.104485  0.011111  0.037922 -0.152033  0.018820
  0.046850 -0.395580  0.179587  0.462268 -0.040409  0.125826 -0.020243 -0.111978
 -0.045761  0.159687 -0.032329 -0.033907 -0.224946  0.019848  0.022772  0.413713
  0.085021 -0.045971 -0.135455  0.039619  0.015173 -0.032029  0.010017  0.006090
 -0.043866 -0.031963 -0.445073  0.087786  0.097860  0.085629  0.286489 -0.064298
 -0.324722  0.060786  0.070471  0.068116 -0.131885  0.002659  0.029220  0.014099
 -0.331680 -0.404213  0.390004 -0.731981  0.404802 -0.100962  0.003358  0.006984
  0.112719 -0.029920 -0.028517 -0.102195  0.000569  0.000695  0.417595 -0.087029
 -0.290953  0.057142  0.055092  0.051717 -0.295212  0.055121  0.058525  0.052006
  0.463129  0.008735 -0.118004  0.046556  0.044370 -0.108564  0.359607 -0.104485
  0.011111  0.037922 -0.152033  0.018820  0.046850 -0.395580  0.179587  0.462268
 -0.040409  0.125826 -0.020243 -0.111978 -0.045761  0.159687 -0.032329 -0.033907
 -0.224946  0.019848  0.022772  0.413713  0.085021 -0.045971 -0.135455  0.039619
  0.015173 -0.032029  0.010017  0.006090 -0.043866 -0.031963 -0.445073  0.087786
  0.097860  0.085629  0.286489 -0.064298 -0.324722  0.060786  0.070471  0.068116
 -0.131885  0.002659  0.029220  0.014099 -0.331680 -0.404213  0.390004 -0.731981
  0.404802 -0.100962  0.003358  0.006984  0.112719 -0.029920 -0.028517 -0.102195
  0.000569  0.000695  0.417595 -0.087029 -0.290953  0.057142  0.055092  0.051717
 -0.295212  0.055121  0.058525  0.052006  0.463129  0.008735 -0.118004  0.046556
  0.044370 -0.108564  0.359607 -0.104485  0.011111  0.037922 -0.152033  0.018820
  0.046850 -0.395580  0.179587  0.462268 -0.040409  0.125826 -0.020243 -0.111978
 -0.045761  0.159687 -0.032329 -0.033907 -0.224946  0.019848  0.022772  0.413713
  0.085021 -0.045971 -0.135455  0.039619  0.015173 -0.032029  0.010017  0.006090
 -0.043866 -0.031963 -0.445073  0.087786  0.097860  0.085629  0.286489 -0.064298
 -0.324722  0.060786  0.070471  0.068116 -0.131885  0.002659  0.029220  0.014099
 -0.331680 -0.404213  0.390004 -0.731981  0.404802 -0.100962  0.003358  0.006984
  0.112719 -0.029920 -0.028517 -0.102195  0.000569  0.000695  0.417595 -0.087029
 -0.290953  0.057142  0.055092  0.051717 -0.295212  0.055121  0.058525  0.052006
  0.463129  0.008735 -0.118004  0.046556  0.044370 -0.108564  0.359607 -0.104485
  0.011111  0.037922 -0.152033  0.018820  0.046850 -0.395580  0.179587  0.462268
 -0.040409  0.125826 -0.020243 -0.111978 -0.045761  0.159687 -0.032329 -0.033907
 -0.224946  0.019848  0.022772  0.413713  0.085021 -0.045971 -0.135455  0.039619
  0.015173 -0.032029  0.010017  0.006090 -0.043866 -0.031963 -0.445073  0.087786
  0.097860  0.085629  0.286489 -0.064298 -0.324722  0.060786  0.070471  0.068116
 -0.131885  0.002659  0.029220  0.014099 -0.331680 -0.404213  0.390004 -0.731981
  0.404802 -0.100962  0.003358  0.006984  0.112719 -0.029920 -0.028517 -0.102195
  0.000569  0.000695  0.417595 -0.087029 -0.290953  0.057142  0.055092  0.051717
 -0.295212  0.055121  0.058525  0.052006  0.463129  0.008735 -0.118004  0.046556
  0.044370 -0.108564  0.359607 -0.104485  0.011111  0.037922 -0.152033  0.018820
  0.046850 -0.395580  0.179587  0.462268 -0.040409  0.125826 -0.020243 -0.111978
 -0.045761  0.159687 -0.032329 -0.033907 -0.224946  0.019848  0.022772  0.413713
  0.085021 -0.045971 -0.135455  0.039619  0.015173 -0.032029  0.010017  0.006090
 -0.043866 -0.031963 -0.445073  0.087786  0.097860  0.085629  0.286489 -0.064298
 -0.324722  0.060786  0.070471  0.068116 -0.131885  0.002659  0.029220  0.014099
 -0.331680 -0.404213  0.390004 -0.731981  0.404802 -0.100962  0.003358  0.006984
  0.112719 -0.029920 -0.028517 -0.102195  0.000569  0.000695  0.417595 -0.087029
 -0.290953  0.057142  0.055092  0.051717 -0.295212  0.055121  0.058525  0.052006
  0.463129  0.008735 -0.118004  0.046556  0.044370 -0.108564  0.359607 -0.104485
  0.011111  0.037922 -0.152033  0.018820  0.046850 -0.395580  0.179587  0.462268
 -0.040409  0.125826 -0.020243 -0.111978 -0.045761  0.159687 -0.032329 -0.033907
 -0.224946  0.019848  0.022772  0.413713  0.085021 -0.045971 -0.135455  0.039619
  0.015173 -0.032029  0.010017  0.006090 -0.043866 -0.031963 -0.445073  0.087786
  0.097860  0.085629  0.286489 -0.064298 -0.324722  0.060786  0.070471  0.068116
 -0.131885  0.002659  0.029220  0.014099 -0.331680 -0.404213  0.390004 -0.731981
  0.404802 -0.100962  0.003358  0.006984  0.112719 -0.029920 -0.028517 -0.102195
  0.000569  0.000695  0.417595 -0.087029 -0.290953  0.057142  0.055092  0.051717
 -0.295212  0.055121  0.058525  0.052006  0.463129  0.008735 -0.118004  0.046556
  0.044370 -0.108564  0.359607 -0.104485  0.011111  0.037922 -0.152033  0.018820
  0.046850 -0.395580  0.179587  0.462268 -0.040409  0.125826 -0.020243 -0.111978
 -0.045761  0.159687 -0.032329 -0.033907 -0.224946  0.019848  0.022772  0.413713
  0.085021 -0.045971 -0.135455  0.039619  0.015173 -0.032029  0.010017  0.006090
 -0.043866 -0.031963 -0.445073  0.087786  0.097860  0.085629  0.286489 -0.064298
 -0.324722  0.060786  0.070471  0.068116 -0.131885  0.002659  0.029220  0.014099
 -0.331680 -0.404213  0.390004 -0.731981  0.404802 -0.100962  0.003358  0.006984
  0.112719 -0.029920 -0.028517 -0.102195  0.000569  0.000695  0.417595 -0.087029
 -0.290953  0.057142  0.055092  0.051717 -0.295212  0.055121  0.058525  0.052006
  0.463129  0.008735 -0.118004  0.046556  0.044370 -0.108564  0.359607 -0.104485
  0.011111  0.037922 -0.152033  0.018820  0.046850 -0.395580  0.179587  0.462268
 -0.040409  0.125826 -0.020243 -0.111978 -0.045761  0.159687 -0.032329 -0.033907
 -0.224946  0.019848  0.022772  0.413713  0.085021 -0.045971 -0.135455  0.039619
  0.015173 -0.032029  0.010017  0.006090 -0.043866 -0.031963 -0.445073  0.087786
  0.097860  0.085629  0.286489 -0.064298 -0.324722  0.060786  0.070471  0.068116
 -0.131885  0.002659  0.029220  0.014099 -0.331680 -0.404213  0.390004 -0.731981
  0.404802 -0.100962  0.003358  0.006984  0.112719 -0.029920 -0.028517 -0.102195
  0.000569  0.000695  0.417595 -0.087029 -0.290953  0.057142  0.055092  0.051717
 -0.295212  0.055121  0.058525  0.052006  0.463129  0.008735 -0.118004  0.046556
  0.044370 -0.108564  0.359607 -0.104485  0.011111  0.037922 -0.152033  0.018820
  0.046850 -0.395580  0.179587  0.462268 -0.040409  0.125826 -0.020243 -0.111978
 -0.045761  0.159687 -0.032329 -0.033907 -0.224946  0.019848  0.022772  0.413713
  0.085021 -0.045971 -0.135455  0.039619  0.015173 -0.032029  0.010017  0.006090
 -0.043866 -0.031963 -0.445073  0.087786  0.097860  0.085629  0.286489 -0.064298
 -0.324722  0.060786  0.070471  0.068116 -0.131885  0.002659  0.029220  0.014099
 -0.331680 -0.404213  0.390004 -0.731981  0.404802 -0.100962  0.003358  0.006984
  0.112719 -0.029920 -0.028517 -0.102195  0.000569  0.000695  0.417595 -0.087029
 -0.290953  0.057142  0.055092  0.051717 -0.295212  0.055121  0.058525  0.052006
  0.463129  0.008735 -0.118004  0.046556  0.044370 -0.108564  0.359607 -0.104485
  0.011111  0.037922 -0.152033  0.018820  0.046850 -0.395580  0.179587  0.462268
 -0.040409  0.125826 -0.020243 -0.111978 -0.045761  0.159687 -0.032329 -0.033907
 -0.224946  0.019848  0.022772  0.413713  0.085021 -0.045971 -0.135455  0.039619
  0.015173 -0.032029  0.010017  0.006090 -0.043866 -0.031963 -0.445073  0.087786
  0.097860  0.085629  0.286489 -0.064298 -0.324722  0.060786  0.070471  0.068116
 -0.131885  0.002659  0.029220  0.014099 -0.331680 -0.404213  0.390004 -0.731981
  0.404802 -0.100962  0.003358  0.006984  0.112719 -0.029920 -0.028517 -0.102195
  0.000569  0.000695  0.417595 -0.087029 -0.290953  0.057142  0.055092  0.051717
 -0.295212  0.055121  0.058525  0.052006  0.463129  0.008735 -0.118004  0.046556
  0.044370 -0.108564  0.359607 -0.104485  0.011111  0.037922 -0.152033  0.018820
  0.046850 -0.395580  0.179587  0.462268 -0.040409  0.125826 -0.020243 -0.111978
 -0.045761  0.159687 -0.032329 -0.033907 -0.224946  0.019848  0.022772  0.413713
  0.085021 -0.045971 -0.135455  0.039619  0.015173 -0.032029  0.010017  0.006090
 -0.043866 -0.031963 -0.445073  0.087786  0.097860  0.085629  0.286489 -0.064298
 -0.324722  0.060786  0.070471  0.068116 -0.131885  0.002659  0.029220  0.014099
 -0.331680 -0.404213  0.390004 -0.731981  0.404802 -0.100962  0.003358  0.006984
  0.112719 -0.029920 -0.028517 -0.102195  0.000569  0.000695  0.417595 -0.087029
 -0.290953  0.057142  0.055092  0.051717 -0.295212  0.055121  0.058525  0.052006
  0.463129  0.008735 -0.118004  0.046556  0.044370 -0.108564  0.359607 -0.104485
  0.011111  0.037922 -0.152033  0.018820  0.046850 -0.395580  0.179587  0.462268
 -0.040409  0.125826 -0.020243 -0.111978 -0.045761  0.159687 -0.032329 -0.033907
 -0.224946  0.019848  0.022772  0.413713  0.085021 -0.045971 -0.135455  0.039619
  0.015173 -0.032029  0.010017  0.006090 -0.043866 -0.031963 -0.445073  0.087786
  0.097860  0.085629  0.286489 -0.064298 -0.324722  0.060786  0.070471  0.068116
 -0.131885  0.002659  0.029220  0.014099 -0.331680 -0.404213  0.390004 -0.731981
  0.404802 -0.100962  0.003358  0.006984  0.112719 -0.029920 -0.028517 -0.102195
  0.000569  0.000695  0.417595 -0.087029 -0.290953  0.057142  0.055092  0.051717
 -0.295212  0.055121  0.058525  0.052006  0.463129  0.008735 -0.118004  0.046556
  0.044370 -0.108564  0.359607 -0.104485  0.011111  0.037922 -0.152033  0.018820
  0.046850 -0.395580  0.179587  0.462268 -0.040409  0.125826 -0.020243 -0.111978
 -0.045761  0.159687 -0.032329 -0.033907 -0.224946  0.019848  0.022772  0.413713
  0.085021 -0.045971 -0.135455  0.039619  0.015173 -0.032029  0.010017  0.006090
 -0.043866 -0.031963 -0.445073  0.087786  0.097860  0.085629  0.286489 -0.064298
 -0.324722  0.060786  0.070471  0.068116 -0.131885  0.002659  0.029220  0.014099
 -0.331680 -0.404213  0.390004 -0.731981  0.404802 -0.100962  0.003358  0.006984
  0.112719 -0.029920 -0.028517 -0.102195  0.000569  0.000695  0.417595 -0.087029
 -0.290953  0.057142  0.055092  0.051717 -0.295212  0.055121  0.058525  0.052006
  0.463129  0.008735 -0.118004  0.046556  0.044370 -0.108564  0.359607 -0.104485
  0.011111  0.037922 -0.152033  0.018820  0.046850 -0.395580  0.179587  0.462268
 -0.040409  0.125826 -0.020243 -0.111978 -0.045761  0.159687 -0.032329 -0.033907
 -0.224946  0.019848  0.022772  0.413713  0.085021 -0.045971 -0.135455  0.039619
  0.015173 -0.032029  0.010017  0.006090 -0.043866 -0.031963 -0.445073  0.087786
  0.097860  0.085629  0.286489 -0.064298 -0.324722  0.060786  0.070471  0.068116
 -0.131885  0.002659  0.029220  0.014099 -0.331680 -0.404213  0.390004 -0.731981
  0.404802 -0.100962  0.003358  0.006984  0.112719 -0.029920 -0.028517 -0.102195
  0.000569  0.000695  0.417595 -0.087029 -0.290953  0.057142  0.055092  0.051717
 -0.295212  0.055121  0.058525  0.052006  0.463129  0.008735 -0.118004  0.046556
  0.044370 -0.108564  0.359607 -0.104485  0.011111  0.037922 -0.152033  0.018820
  0.046850 -0.395580  0.179587  0.462268 -0.040409  0.125826 -0.020243 -0.111978
 -0.045761  0.159687 -0.032329 -0.033907 -0.224946  0.019848  0.022772  0.413713
  0.085021 -0.045971 -0.135455  0.039619  0.015173 -0.032029  0.010017  0.006090
 -0.043866 -0.031963 -0.445073  0.087786  0.097860  0.085629  0.286489 -0.064298
 -0.324722  0.060786  0.070471  0.068116 -0.131885  0.002659  0.029220  0.014099
 -0.331680 -0.404213  0.390004 -0.731981  0.404802 -0.100962  0.003358  0.006984
  0.112719 -0.029920 -0.028517 -0.102195  0.000569  0.000695  0.417595 -0.087029
 -0.290953  0.057142  0.055092  0.051717 -0.295212  0.055121  0.058525  0.052006
