  0.463129  0.008735 -0.130860  0.050787  0.050787 -0.108564  0.359607 -0.115925
  0.028690  0.028690 -0.153436  0.037266  0.037266 -0.395580  0.179587  0.462268
 -0.040409  0.125826 -0.020243 -0.111978 -0.045761  0.119907 -0.021400 -0.021400
 -0.218660  0.021005  0.021005  0.413713  0.085021 -0.045971 -0.096145  0.018469
  0.018469 -0.059729  0.014590  0.014590 -0.043866 -0.031963 -0.452849  0.090763
  0.090763  0.090763  0.286489 -0.064298 -0.302745  0.060780  0.060780  0.060780
 -0.094816  0.004108  0.004108  0.004108 -0.331680 -0.404213  0.390004 -0.731981
  0.404802 -0.094111  0.002302  0.002302  0.113505 -0.029134 -0.029134 -0.117867
  0.004836  0.004836  0.417595 -0.087029 -0.286752  0.054121  0.054121  0.054121
 -0.289910  0.054336  0.054336  0.054336  0.463129  0.008735 -0.130860  0.050787
  0.050787 -0.108564  0.359607 -0.115925  0.028690  0.028690 -0.153436  0.037266
  0.037266 -0.395580  0.179587  0.462268 -0.040409  0.125826 -0.020243 -0.111978
 -0.045761  0.119907 -0.021400 -0.021400 -0.218660  0.021005  0.021005  0.413713
  0.085021 -0.045971 -0.096145  0.018469  0.018469 -0.059729  0.014590  0.014590
 -0.043866 -0.031963 -0.452849  0.090763  0.090763  0.090763  0.286489 -0.064298
 -0.302745  0.060780  0.060780  0.060780 -0.094816  0.004108  0.004108  0.004108
 -0.331680 -0.404213  0.390004 -0.731981  0.404802 -0.094111  0.002302  0.002302
  0.113505 -0.029134 -0.029134 -0.117867  0.004836  0.004836  0.417595 -0.087029
 -0.286752  0.054121  0.054121  0.054121 -0.289910  0.054336  0.054336  0.054336
  0.463129  0.008735 -0.130860  0.050787  0.050787 -0.108564  0.359607 -0.115925
  0.028690  0.028690 -0.153436  0.037266  0.037266 -0.395580  0.179587  0.462268
 -0.040409  0.125826 -0.020243 -0.111978 -0.045761  0.119907 -0.021400 -0.021400
 -0.218660  0.021005  0.021005  0.413713  0.085021 -0.045971 -0.096145  0.018469
  0.018469 -0.059729  0.014590  0.014590 -0.043866 -0.031963 -0.452849  0.090763
  0.090763  0.090763  0.286489 -0.064298 -0.302745  0.060780  0.060780  0.060780
 -0.094816  0.004108  0.004108  0.004108 -0.331680 -0.404213  0.390004 -0.731981
  0.404802 -0.094111  0.002302  0.002302  0.113505 -0.029134 -0.029134 -0.117867
  0.004836  0.004836  0.417595 -0.087029 -0.286752  0.054121  0.054121  0.054121
 -0.289910  0.054336  0.054336  0.054336  0.463129  0.008735 -0.130860  0.050787
  0.050787 -0.108564  0.359607 -0.115925  0.028690  0.028690 -0.153436  0.037266
  0.037266 -0.395580  0.179587  0.462268 -0.040409  0.125826 -0.020243 -0.111978
 -0.045761  0.119907 -0.021400 -0.021400 -0.218660  0.021005  0.021005  0.413713
  0.085021 -0.045971 -0.096145  0.018469  0.018469 -0.059729  0.014590  0.014590
 -0.043866 -0.031963 -0.452849  0.090763  0.090763  0.090763  0.286489 -0.064298
 -0.302745  0.060780  0.060780  0.060780 -0.094816  0.004108  0.004108  0.004108
 -0.331680 -0.404213  0.390004 -0.731981  0.404802 -0.094111  0.002302  0.002302
  0.113505 -0.029134 -0.029134 -0.117867  0.004836  0.004836  0.417595 -0.087029
 -0.286752  0.054121  0.054121  0.054121 -0.289910  0.054336  0.054336  0.054336
  0.463129  0.008735 -0.130860  0.050787  0.050787 -0.108564  0.359607 -0.115925
  0.028690  0.028690 -0.153436  0.037266  0.037266 -0.395580  0.179587  0.462268
 -0.040409  0.125826 -0.020243 -0.111978 -0.045761  0.119907 -0.021400 -0.021400
 -0.218660  0.021005  0.021005  0.413713  0.085021 -0.045971 -0.096145  0.018469
  0.018469 -0.059729  0.014590  0.014590 -0.043866 -0.031963 -0.452849  0.090763
  0.090763  0.090763  0.286489 -0.064298 -0.302745  0.060780  0.060780  0.060780
 -0.094816  0.004108  0.004108  0.004108 -0.331680 -0.404213  0.390004 -0.731981
  0.404802 -0.094111  0.002302  0.002302  0.113505 -0.029134 -0.029134 -0.117867
  0.004836  0.004836  0.417595 -0.087029 -0.286752  0.054121  0.054121  0.054121
 -0.289910  0.054336  0.054336  0.054336  0.463129  0.008735 -0.130860  0.050787
  0.050787 -0.108564  0.359607 -0.115925  0.028690  0.028690 -0.153436  0.037266
  0.037266 -0.395580  0.179587  0.462268 -0.040409  0.125826 -0.020243 -0.111978
 -0.045761  0.119907 -0.021400 -0.021400 -0.218660  0.021005  0.021005  0.413713
  0.085021 -0.045971 -0.096145  0.018469  0.018469 -0.059729  0.014590  0.014590
 -0.043866 -0.031963 -0.452849  0.090763  0.090763  0.090763  0.286489 -0.064298
 -0.302745  0.060780  0.060780  0.060780 -0.094816  0.004108  0.004108  0.004108
 -0.331680 -0.404213  0.390004 -0.731981  0.404802 -0.094111  0.002302  0.002302
  0.113505 -0.029134 -0.029134 -0.117867  0.004836  0.004836  0.417595 -0.087029
 -0.286752  0.054121  0.054121  0.054121 -0.289910  0.054336  0.054336  0.054336
  0.463129  0.008735 -0.130860  0.050787  0.050787 -0.108564  0.359607 -0.115925
  0.028690  0.028690 -0.153436  0.037266  0.037266 -0.395580  0.179587  0.462268
 -0.040409  0.125826 -0.020243 -0.111978 -0.045761  0.119907 -0.021400 -0.021400
 -0.218660  0.021005  0.021005  0.413713  0.085021 -0.045971 -0.096145  0.018469
  0.018469 -0.059729  0.014590  0.014590 -0.043866 -0.031963 -0.452849  0.090763
  0.090763  0.090763  0.286489 -0.064298 -0.302745  0.060780  0.060780  0.060780
 -0.094816  0.004108  0.004108  0.004108 -0.331680 -0.404213  0.390004 -0.731981
  0.404802 -0.094111  0.002302  0.002302  0.113505 -0.029134 -0.029134 -0.117867
  0.004836  0.004836  0.417595 -0.087029 -0.286752  0.054121  0.054121  0.054121
 -0.289910  0.054336  0.054336  0.054336  0.463129  0.008735 -0.130860  0.050787
  0.050787 -0.108564  0.359607 -0.115925  0.028690  0.028690 -0.153436  0.037266
  0.037266 -0.395580  0.179587  0.462268 -0.040409  0.125826 -0.020243 -0.111978
 -0.045761  0.119907 -0.021400 -0.021400 -0.218660  0.021005  0.021005  0.413713
  0.085021 -0.045971 -0.096145  0.018469  0.018469 -0.059729  0.014590  0.014590
 -0.043866 -0.031963 -0.452849  0.090763  0.090763  0.090763  0.286489 -0.064298
 -0.302745  0.060780  0.060780  0.060780 -0.094816  0.004108  0.004108  0.004108
 -0.331680 -0.404213  0.390004 -0.731981  0.404802 -0.094111  0.002302  0.002302
  0.113505 -0.029134 -0.029134 -0.117867  0.004836  0.004836  0.417595 -0.087029
 -0.286752  0.054121  0.054121  0.054121 -0.289910  0.054336  0.054336  0.054336
  0.463129  0.008735 -0.130860  0.050787  0.050787 -0.108564  0.359607 -0.115925
  0.028690  0.028690 -0.153436  0.037266  0.037266 -0.395580  0.179587  0.462268
 -0.040409  0.125826 -0.020243 -0.111978 -0.045761  0.119907 -0.021400 -0.021400
 -0.218660  0.021005  0.021005  0.413713  0.085021 -0.045971 -0.096145  0.018469
  0.018469 -0.059729  0.014590  0.014590 -0.043866 -0.031963 -0.452849  0.090763
  0.090763  0.090763  0.286489 -0.064298 -0.302745  0.060780  0.060780  0.060780
 -0.094816  0.004108  0.004108  0.004108 -0.331680 -0.404213  0.390004 -0.731981
  0.404802 -0.094111  0.002302  0.002302  0.113505 -0.029134 -0.029134 -0.117867
  0.004836  0.004836  0.417595 -0.087029 -0.286752  0.054121  0.054121  0.054121
 -0.289910  0.054336  0.054336  0.054336  0.463129  0.008735 -0.130860  0.050787
  0.050787 -0.108564  0.359607 -0.115925  0.028690  0.028690 -0.153436  0.037266
  0.037266 -0.395580  0.179587  0.462268 -0.040409  0.125826 -0.020243 -0.111978
 -0.045761  0.119907 -0.021400 -0.021400 -0.218660  0.021005  0.021005  0.413713
  0.085021 -0.045971 -0.096145  0.018469  0.018469 -0.059729  0.014590  0.014590
 -0.043866 -0.031963 -0.452849  0.090763  0.090763  0.090763  0.286489 -0.064298
 -0.302745  0.060780  0.060780  0.060780 -0.094816  0.004108  0.004108  0.004108
 -0.331680 -0.404213  0.390004 -0.731981  0.404802 -0.094111  0.002302  0.002302
  0.113505 -0.029134 -0.029134 -0.117867  0.004836  0.004836  0.417595 -0.087029
 -0.286752  0.054121  0.054121  0.054121 -0.289910  0.054336  0.054336  0.054336
  0.463129  0.008735 -0.130860  0.050787  0.050787 -0.108564  0.359607 -0.115925
  0.028690  0.028690 -0.153436  0.037266  0.037266 -0.395580  0.179587  0.462268
 -0.040409  0.125826 -0.020243 -0.111978 -0.045761  0.119907 -0.021400 -0.021400
 -0.218660  0.021005  0.021005  0.413713  0.085021 -0.045971 -0.096145  0.018469
  0.018469 -0.059729  0.014590  0.014590 -0.043866 -0.031963 -0.452849  0.090763
  0.090763  0.090763  0.286489 -0.064298 -0.302745  0.060780  0.060780  0.060780
 -0.094816  0.004108  0.004108  0.004108 -0.331680 -0.404213  0.390004 -0.731981
  0.404802 -0.094111  0.002302  0.002302  0.113505 -0.029134 -0.029134 -0.117867
  0.004836  0.004836  0.417595 -0.087029 -0.286752  0.054121  0.054121  0.054121
 -0.289910  0.054336  0.054336  0.054336  0.463129  0.008735 -0.130860  0.050787
  0.050787 -0.108564  0.359607 -0.115925  0.028690  0.028690 -0.153436  0.037266
  0.037266 -0.395580  0.179587  0.462268 -0.040409  0.125826 -0.020243 -0.111978
 -0.045761  0.119907 -0.021400 -0.021400 -0.218660  0.021005  0.021005  0.413713
  0.085021 -0.045971 -0.096145  0.018469  0.018469 -0.059729  0.014590  0.014590
 -0.043866 -0.031963 -0.452849  0.090763  0.090763  0.090763  0.286489 -0.064298
 -0.302745  0.060780  0.060780  0.060780 -0.094816  0.004108  0.004108  0.004108
 -0.331680 -0.404213  0.390004 -0.731981  0.404802 -0.094111  0.002302  0.002302
  0.113505 -0.029134 -0.029134 -0.117867  0.004836  0.004836  0.417595 -0.087029
 -0.286752  0.054121  0.054121  0.054121 -0.289910  0.054336  0.054336  0.054336
  0.463129  0.008735 -0.130860  0.050787  0.050787 -0.108564  0.359607 -0.115925
  0.028690  0.028690 -0.153436  0.037266  0.037266 -0.395580  0.179587  0.462268
 -0.040409  0.125826 -0.020243 -0.111978 -0.045761  0.119907 -0.021400 -0.021400
 -0.218660  0.021005  0.021005  0.413713  0.085021 -0.045971 -0.096145  0.018469
  0.018469 -0.059729  0.014590  0.014590 -0.043866 -0.031963 -0.452849  0.090763
  0.090763  0.090763  0.286489 -0.064298 -0.302745  0.060780  0.060780  0.060780
 -0.094816  0.004108  0.004108  0.004108 -0.331680 -0.404213  0.390004 -0.731981
  0.404802 -0.094111  0.002302  0.002302  0.113505 -0.029134 -0.029134 -0.117867
  0.004836  0.004836  0.417595 -0.087029 -0.286752  0.054121  0.054121  0.054121
 -0.289910  0.054336  0.054336  0.054336  0.463129  0.008735 -0.130860  0.050787
  0.050787 -0.108564  0.359607 -0.115925  0.028690  0.028690 -0.153436  0.037266
  0.037266 -0.395580  0.179587  0.462268 -0.040409  0.125826 -0.020243 -0.111978
 -0.045761  0.119907 -0.021400 -0.021400 -0.218660  0.021005  0.021005  0.413713
  0.085021 -0.045971 -0.096145  0.018469  0.018469 -0.059729  0.014590  0.014590
 -0.043866 -0.031963 -0.452849  0.090763  0.090763  0.090763  0.286489 -0.064298
 -0.302745  0.060780  0.060780  0.060780 -0.094816  0.004108  0.004108  0.004108
 -0.331680 -0.404213  0.390004 -0.731981  0.404802 -0.094111  0.002302  0.002302
  0.113505 -0.029134 -0.029134 -0.117867  0.004836  0.004836  0.417595 -0.087029
 -0.286752  0.054121  0.054121  0.054121 -0.289910  0.054336  0.054336  0.054336
  0.463129  0.008735 -0.130860  0.050787  0.050787 -0.108564  0.359607 -0.115925
  0.028690  0.028690 -0.153436  0.037266  0.037266 -0.395580  0.179587  0.462268
 -0.040409  0.125826 -0.020243 -0.111978 -0.045761  0.119907 -0.021400 -0.021400
 -0.218660  0.021005  0.021005  0.413713  0.085021 -0.045971 -0.096145  0.018469
  0.018469 -0.059729  0.014590  0.014590 -0.043866 -0.031963 -0.452849  0.090763
  0.090763  0.090763  0.286489 -0.064298 -0.302745  0.060780  0.060780  0.060780
 -0.094816  0.004108  0.004108  0.004108 -0.331680 -0.404213  0.390004 -0.731981
  0.404802 -0.094111  0.002302  0.002302  0.113505 -0.029134 -0.029134 -0.117867
  0.004836  0.004836  0.417595 -0.087029 -0.286752  0.054121  0.054121  0.054121
 -0.289910  0.054336  0.054336  0.054336  0.463129  0.008735 -0.130860  0.050787
  0.050787 -0.108564  0.359607 -0.115925  0.028690  0.028690 -0.153436  0.037266
  0.037266 -0.395580  0.179587  0.462268 -0.040409  0.125826 -0.020243 -0.111978
 -0.045761  0.119907 -0.021400 -0.021400 -0.218660  0.021005  0.021005  0.413713
  0.085021 -0.045971 -0.096145  0.018469  0.018469 -0.059729  0.014590  0.014590
 -0.043866 -0.031963 -0.452849  0.090763  0.090763  0.090763  0.286489 -0.064298
 -0.302745  0.060780  0.060780  0.060780 -0.094816  0.004108  0.004108  0.004108
 -0.331680 -0.404213  0.390004 -0.731981  0.404802 -0.094111  0.002302  0.002302
  0.113505 -0.029134 -0.029134 -0.117867  0.004836  0.004836  0.417595 -0.087029
 -0.286752  0.054121  0.054121  0.054121 -0.289910  0.054336  0.054336  0.054336
  0.463129  0.008735 -0.130860  0.050787  0.050787 -0.108564  0.359607 -0.115925
  0.028690  0.028690 -0.153436  0.037266  0.037266 -0.395580  0.179587  0.462268
 -0.040409  0.125826 -0.020243 -0.111978 -0.045761  0.119907 -0.021400 -0.021400
 -0.218660  0.021005  0.021005  0.413713  0.085021 -0.045971 -0.096145  0.018469
  0.018469 -0.059729  0.014590  0.014590 -0.043866 -0.031963 -0.452849  0.090763
  0.090763  0.090763  0.286489 -0.064298 -0.302745  0.060780  0.060780  0.060780
 -0.094816  0.004108  0.004108  0.004108 -0.331680 -0.404213  0.390004 -0.731981
  0.404802 -0.094111  0.002302  0.002302  0.113505 -0.029134 -0.029134 -0.117867
  0.004836  0.004836  0.417595 -0.087029 -0.286752  0.054121  0.054121  0.054121
 -0.289910  0.054336  0.054336  0.054336  0.463129  0.008735 -0.130860  0.050787
  0.050787 -0.108564  0.359607 -0.115925  0.028690  0.028690 -0.153436  0.037266
  0.037266 -0.395580  0.179587  0.462268 -0.040409  0.125826 -0.020243 -0.111978
 -0.045761  0.119907 -0.021400 -0.021400 -0.218660  0.021005  0.021005  0.413713
  0.085021 -0.045971 -0.096145  0.018469  0.018469 -0.059729  0.014590  0.014590
 -0.043866 -0.031963 -0.452849  0.090763  0.090763  0.090763  0.286489 -0.064298
 -0.302745  0.060780  0.060780  0.060780 -0.094816  0.004108  0.004108  0.004108
 -0.331680 -0.404213  0.390004 -0.731981  0.404802 -0.094111  0.002302  0.002302
  0.113505 -0.029134 -0.029134 -0.117867  0.004836  0.004836  0.417595 -0.087029
 -0.286752  0.054121  0.054121  0.054121 -0.289910  0.054336  0.054336  0.054336
  0.463129  0.008735 -0.130860  0.050787  0.050787 -0.108564  0.359607 -0.115925
  0.028690  0.028690 -0.153436  0.037266  0.037266 -0.395580  0.179587  0.462268
 -0.040409  0.125826 -0.020243 -0.111978 -0.045761  0.119907 -0.021400 -0.021400
 -0.218660  0.021005  0.021005  0.413713  0.085021 -0.045971 -0.096145  0.018469
  0.018469 -0.059729  0.014590  0.014590 -0.043866 -0.031963 -0.452849  0.090763
  0.090763  0.090763  0.286489 -0.064298 -0.302745  0.060780  0.060780  0.060780
 -0.094816  0.004108  0.004108  0.004108 -0.331680 -0.404213  0.390004 -0.731981
  0.404802 -0.094111  0.002302  0.002302  0.113505 -0.029134 -0.029134 -0.117867
  0.004836  0.004836  0.417595 -0.087029 -0.286752  0.054121  0.054121  0.054121
 -0.289910  0.054336  0.054336  0.054336  0.463129  0.008735 -0.130860  0.050787
  0.050787 -0.108564  0.359607 -0.115925  0.028690  0.028690 -0.153436  0.037266
  0.037266 -0.395580  0.179587  0.462268 -0.040409  0.125826 -0.020243 -0.111978
 -0.045761  0.119907 -0.021400 -0.021400 -0.218660  0.021005  0.021005  0.413713
  0.085021 -0.045971 -0.096145  0.018469  0.018469 -0.059729  0.014590  0.014590
 -0.043866 -0.031963 -0.452849  0.090763  0.090763  0.090763  0.286489 -0.064298
 -0.302745  0.060780  0.060780  0.060780 -0.094816  0.004108  0.004108  0.004108
 -0.331680 -0.404213  0.390004 -0.731981  0.404802 -0.094111  0.002302  0.002302
  0.113505 -0.029134 -0.029134 -0.117867  0.004836  0.004836  0.417595 -0.087029
 -0.286752  0.054121  0.054121  0.054121 -0.289910  0.054336  0.054336  0.054336
  0.463129  0.008735 -0.130860  0.050787  0.050787 -0.108564  0.359607 -0.115925
  0.028690  0.028690 -0.153436  0.037266  0.037266 -0.395580  0.179587  0.462268
 -0.040409  0.125826 -0.020243 -0.111978 -0.045761  0.119907 -0.021400 -0.021400
 -0.218660  0.021005  0.021005  0.413713  0.085021 -0.045971 -0.096145  0.018469
  0.018469 -0.059729  0.014590  0.014590 -0.043866 -0.031963 -0.452849  0.090763
  0.090763  0.090763  0.286489 -0.064298 -0.302745  0.060780  0.060780  0.060780
 -0.094816  0.004108  0.004108  0.004108 -0.331680 -0.404213  0.390004 -0.731981
  0.404802 -0.094111  0.002302  0.002302  0.113505 -0.029134 -0.029134 -0.117867
  0.004836  0.004836  0.417595 -0.087029 -0.286752  0.054121  0.054121  0.054121
 -0.289910  0.054336  0.054336  0.054336  0.463129  0.008735 -0.130860  0.050787
  0.050787 -0.108564  0.359607 -0.115925  0.028690  0.028690 -0.153436  0.037266
  0.037266 -0.395580  0.179587  0.462268 -0.040409  0.125826 -0.020243 -0.111978
 -0.045761  0.119907 -0.021400 -0.021400 -0.218660  0.021005  0.021005  0.413713
  0.085021 -0.045971 -0.096145  0.018469  0.018469 -0.059729  0.014590  0.014590
 -0.043866 -0.031963 -0.452849  0.090763  0.090763  0.090763  0.286489 -0.064298
 -0.302745  0.060780  0.060780  0.060780 -0.094816  0.004108  0.004108  0.004108
 -0.331680 -0.404213  0.390004 -0.731981  0.404802 -0.094111  0.002302  0.002302
  0.113505 -0.029134 -0.029134 -0.117867  0.004836  0.004836  0.417595 -0.087029
 -0.286752  0.054121  0.054121  0.054121 -0.289910  0.054336  0.054336  0.054336
  0.463129  0.008735 -0.130860  0.050787  0.050787 -0.108564  0.359607 -0.115925
  0.028690  0.028690 -0.153436  0.037266  0.037266 -0.395580  0.179587  0.462268
 -0.040409  0.125826 -0.020243 -0.111978 -0.045761  0.119907 -0.021400 -0.021400
 -0.218660  0.021005  0.021005  0.413713  0.085021 -0.045971 -0.096145  0.018469
  0.018469 -0.059729  0.014590  0.014590 -0.043866 -0.031963 -0.452849  0.090763
  0.090763  0.090763  0.286489 -0.064298 -0.302745  0.060780  0.060780  0.060780
 -0.094816  0.004108  0.004108  0.004108 -0.331680 -0.404213  0.390004 -0.731981
  0.404802 -0.094111  0.002302  0.002302  0.113505 -0.029134 -0.029134 -0.117867
  0.004836  0.004836  0.417595 -0.087029 -0.286752  0.054121  0.054121  0.054121
 -0.289910  0.054336  0.054336  0.054336  0.463129  0.008735 -0.130860  0.050787
  0.050787 -0.108564  0.359607 -0.115925  0.028690  0.028690 -0.153436  0.037266
  0.037266 -0.395580  0.179587  0.462268 -0.040409  0.125826 -0.020243 -0.111978
 -0.045761  0.119907 -0.021400 -0.021400 -0.218660  0.021005  0.021005  0.413713
  0.085021 -0.045971 -0.096145  0.018469  0.018469 -0.059729  0.014590  0.014590
 -0.043866 -0.031963 -0.452849  0.090763  0.090763  0.090763  0.286489 -0.064298
 -0.302745  0.060780  0.060780  0.060780 -0.094816  0.004108  0.004108  0.004108
 -0.331680 -0.404213  0.390004 -0.731981  0.404802 -0.094111  0.002302  0.002302
  0.113505 -0.029134 -0.029134 -0.117867  0.004836  0.004836  0.417595 -0.087029
 -0.286752  0.054121  0.054121  0.054121 -0.289910  0.054336  0.054336  0.054336
  0.463129  0.008735 -0.130860  0.050787  0.050787 -0.108564  0.359607 -0.115925
  0.028690  0.028690 -0.153436  0.037266  0.037266 -0.395580  0.179587  0.462268
 -0.040409  0.125826 -0.020243 -0.111978 -0.045761  0.119907 -0.021400 -0.021400
 -0.218660  0.021005  0.021005  0.413713  0.085021 -0.045971 -0.096145  0.018469
  0.018469 -0.059729  0.014590  0.014590 -0.043866 -0.031963 -0.452849  0.090763
  0.090763  0.090763  0.286489 -0.064298 -0.302745  0.060780  0.060780  0.060780
 -0.094816  0.004108  0.004108  0.004108 -0.331680 -0.404213  0.390004 -0.731981
  0.404802 -0.094111  0.002302  0.002302  0.113505 -0.029134 -0.029134 -0.117867
  0.004836  0.004836  0.417595 -0.087029 -0.286752  0.054121  0.054121  0.054121
 -0.289910  0.054336  0.054336  0.054336  0.463129  0.008735 -0.130860  0.050787
  0.050787 -0.108564  0.359607 -0.115925  0.028690  0.028690 -0.153436  0.037266
  0.037266 -0.395580  0.179587  0.462268 -0.040409  0.125826 -0.020243 -0.111978
 -0.045761  0.119907 -0.021400 -0.021400 -0.218660  0.021005  0.021005  0.413713
  0.085021 -0.045971 -0.096145  0.018469  0.018469 -0.059729  0.014590  0.014590
 -0.043866 -0.031963 -0.452849  0.090763  0.090763  0.090763  0.286489 -0.064298
 -0.302745  0.060780  0.060780  0.060780 -0.094816  0.004108  0.004108  0.004108
 -0.331680 -0.404213  0.390004 -0.731981  0.404802 -0.094111  0.002302  0.002302
  0.113505 -0.029134 -0.029134 -0.117867  0.004836  0.004836  0.417595 -0.087029
 -0.286752  0.054121  0.054121  0.054121 -0.289910  0.054336  0.054336  0.054336
  0.463129  0.008735 -0.130860  0.050787  0.050787 -0.108564  0.359607 -0.115925
  0.028690  0.028690 -0.153436  0.037266  0.037266 -0.395580  0.179587  0.462268
 -0.040409  0.125826 -0.020243 -0.111978 -0.045761  0.119907 -0.021400 -0.021400
 -0.218660  0.021005  0.021005  0.413713  0.085021 -0.045971 -0.096145  0.018469
  0.018469 -0.059729  0.014590  0.014590 -0.043866 -0.031963 -0.452849  0.090763
  0.090763  0.090763  0.286489 -0.064298 -0.302745  0.060780  0.060780  0.060780
 -0.094816  0.004108  0.004108  0.004108 -0.331680 -0.404213  0.390004 -0.731981
  0.404802 -0.094111  0.002302  0.002302  0.113505 -0.029134 -0.029134 -0.117867
  0.004836  0.004836  0.417595 -0.087029 -0.286752  0.054121  0.054121  0.054121
 -0.289910  0.054336  0.054336  0.054336  0.463129  0.008735 -0.130860  0.050787
  0.050787 -0.108564  0.359607 -0.115925  0.028690  0.028690 -0.153436  0.037266
  0.037266 -0.395580  0.179587  0.462268 -0.040409  0.125826 -0.020243 -0.111978
 -0.045761  0.119907 -0.021400 -0.021400 -0.218660  0.021005  0.021005  0.413713
  0.085021 -0.045971 -0.096145  0.018469  0.018469 -0.059729  0.014590  0.014590
 -0.043866 -0.031963 -0.452849  0.090763  0.090763  0.090763  0.286489 -0.064298
 -0.302745  0.060780  0.060780  0.060780 -0.094816  0.004108  0.004108  0.004108
 -0.331680 -0.404213  0.390004 -0.731981  0.404802 -0.094111  0.002302  0.002302
  0.113505 -0.029134 -0.029134 -0.117867  0.004836  0.004836  0.417595 -0.087029
 -0.286752  0.054121  0.054121  0.054121 -0.289910  0.054336  0.054336  0.054336
  0.463129  0.008735 -0.130860  0.050787  0.050787 -0.108564  0.359607 -0.115925
  0.028690  0.028690 -0.153436  0.037266  0.037266 -0.395580  0.179587  0.462268
 -0.040409  0.125826 -0.020243 -0.111978 -0.045761  0.119907 -0.021400 -0.021400
 -0.218660  0.021005  0.021005  0.413713  0.085021 -0.045971 -0.096145  0.018469
  0.018469 -0.059729  0.014590  0.014590 -0.043866 -0.031963 -0.452849  0.090763
  0.090763  0.090763  0.286489 -0.064298 -0.302745  0.060780  0.060780  0.060780
 -0.094816  0.004108  0.004108  0.004108 -0.331680 -0.404213  0.390004 -0.731981
  0.404802 -0.094111  0.002302  0.002302  0.113505 -0.029134 -0.029134 -0.117867
  0.004836  0.004836  0.417595 -0.087029 -0.286752  0.054121  0.054121  0.054121
 -0.289910  0.054336  0.054336  0.054336  0.463129  0.008735 -0.130860  0.050787
  0.050787 -0.108564  0.359607 -0.115925  0.028690  0.028690 -0.153436  0.037266
  0.037266 -0.395580  0.179587  0.462268 -0.040409  0.125826 -0.020243 -0.111978
 -0.045761  0.119907 -0.021400 -0.021400 -0.218660  0.021005  0.021005  0.413713
  0.085021 -0.045971 -0.096145  0.018469  0.018469 -0.059729  0.014590  0.014590
 -0.043866 -0.031963 -0.452849  0.090763  0.090763  0.090763  0.286489 -0.064298
 -0.302745  0.060780  0.060780  0.060780 -0.094816  0.004108  0.004108  0.004108
 -0.331680 -0.404213  0.390004 -0.731981  0.404802 -0.094111  0.002302  0.002302
  0.113505 -0.029134 -0.029134 -0.117867  0.004836  0.004836  0.417595 -0.087029
 -0.286752  0.054121  0.054121  0.054121 -0.289910  0.054336  0.054336  0.054336
  0.463129  0.008735 -0.130860  0.050787  0.050787 -0.108564  0.359607 -0.115925
  0.028690  0.028690 -0.153436  0.037266  0.037266 -0.395580  0.179587  0.462268
 -0.040409  0.125826 -0.020243 -0.111978 -0.045761  0.119907 -0.021400 -0.021400
 -0.218660  0.021005  0.021005  0.413713  0.085021 -0.045971 -0.096145  0.018469
  0.018469 -0.059729  0.014590  0.014590 -0.043866 -0.031963 -0.452849  0.090763
  0.090763  0.090763  0.286489 -0.064298 -0.302745  0.060780  0.060780  0.060780
 -0.094816  0.004108  0.004108  0.004108 -0.331680 -0.404213  0.390004 -0.731981
  0.404802 -0.094111  0.002302  0.002302  0.113505 -0.029134 -0.029134 -0.117867
  0.004836  0.004836  0.417595 -0.087029 -0.286752  0.054121  0.054121  0.054121
 -0.289910  0.054336  0.054336  0.054336  0.463129  0.008735 -0.130860  0.050787
  0.050787 -0.108564  0.359607 -0.115925  0.028690  0.028690 -0.153436  0.037266
  0.037266 -0.395580  0.179587  0.462268 -0.040409  0.125826 -0.020243 -0.111978
 -0.045761  0.119907 -0.021400 -0.021400 -0.218660  0.021005  0.021005  0.413713
  0.085021 -0.045971 -0.096145  0.018469  0.018469 -0.059729  0.014590  0.014590
 -0.043866 -0.031963 -0.452849  0.090763  0.090763  0.090763  0.286489 -0.064298
 -0.302745  0.060780  0.060780  0.060780 -0.094816  0.004108  0.004108  0.004108
 -0.331680 -0.404213  0.390004 -0.731981  0.404802 -0.094111  0.002302  0.002302
  0.113505 -0.029134 -0.029134 -0.117867  0.004836  0.004836  0.417595 -0.087029
 -0.286752  0.054121  0.054121  0.054121 -0.289910  0.054336  0.054336  0.054336
  0.463129  0.008735 -0.130860  0.050787  0.050787 -0.108564  0.359607 -0.115925
  0.028690  0.028690 -0.153436  0.037266  0.037266 -0.395580  0.179587  0.462268
 -0.040409  0.125826 -0.020243 -0.111978 -0.045761  0.119907 -0.021400 -0.021400
 -0.218660  0.021005  0.021005  0.413713  0.085021 -0.045971 -0.096145  0.018469
  0.018469 -0.059729  0.014590  0.014590 -0.043866 -0.031963 -0.452849  0.090763
  0.090763  0.090763  0.286489 -0.064298 -0.302745  0.060780  0.060780  0.060780
 -0.094816  0.004108  0.004108  0.004108 -0.331680 -0.404213  0.390004 -0.731981
  0.404802 -0.094111  0.002302  0.002302  0.113505 -0.029134 -0.029134 -0.117867
  0.004836  0.004836  0.417595 -0.087029 -0.286752  0.054121  0.054121  0.054121
 -0.289910  0.054336  0.054336  0.054336  0.463129  0.008735 -0.130860  0.050787
  0.050787 -0.108564  0.359607 -0.115925  0.028690  0.028690 -0.153436  0.037266
  0.037266 -0.395580  0.179587  0.462268 -0.040409  0.125826 -0.020243 -0.111978
 -0.045761  0.119907 -0.021400 -0.021400 -0.218660  0.021005  0.021005  0.413713
  0.085021 -0.045971 -0.096145  0.018469  0.018469 -0.059729  0.014590  0.014590
 -0.043866 -0.031963 -0.452849  0.090763  0.090763  0.090763  0.286489 -0.064298
 -0.302745  0.060780  0.060780  0.060780 -0.094816  0.004108  0.004108  0.004108
 -0.331680 -0.404213  0.390004 -0.731981  0.404802 -0.094111  0.002302  0.002302
  0.113505 -0.029134 -0.029134 -0.117867  0.004836  0.004836  0.417595 -0.087029
 -0.286752  0.054121  0.054121  0.054121 -0.289910  0.054336  0.054336  0.054336
  0.463129  0.008735 -0.130860  0.050787  0.050787 -0.108564  0.359607 -0.115925
  0.028690  0.028690 -0.153436  0.037266  0.037266 -0.395580  0.179587  0.462268
 -0.040409  0.125826 -0.020243 -0.111978 -0.045761  0.119907 -0.021400 -0.021400
 -0.218660  0.021005  0.021005  0.413713  0.085021 -0.045971 -0.096145  0.018469
  0.018469 -0.059729  0.014590  0.014590 -0.043866 -0.031963 -0.452849  0.090763
  0.090763  0.090763  0.286489 -0.064298 -0.302745  0.060780  0.060780  0.060780
 -0.094816  0.004108  0.004108  0.004108 -0.331680 -0.404213  0.390004 -0.731981
  0.404802 -0.094111  0.002302  0.002302  0.113505 -0.029134 -0.029134 -0.117867
  0.004836  0.004836  0.417595 -0.087029 -0.286752  0.054121  0.054121  0.054121
 -0.289910  0.054336  0.054336  0.054336  0.463129  0.008735 -0.130860  0.050787
  0.050787 -0.108564  0.359607 -0.115925  0.028690  0.028690 -0.153436  0.037266
  0.037266 -0.395580  0.179587  0.462268 -0.040409  0.125826 -0.020243 -0.111978
 -0.045761  0.119907 -0.021400 -0.021400 -0.218660  0.021005  0.021005  0.413713
  0.085021 -0.045971 -0.096145  0.018469  0.018469 -0.059729  0.014590  0.014590
 -0.043866 -0.031963 -0.452849  0.090763  0.090763  0.090763  0.286489 -0.064298
 -0.302745  0.060780  0.060780  0.060780 -0.094816  0.004108  0.004108  0.004108
 -0.331680 -0.404213  0.390004 -0.731981  0.404802 -0.094111  0.002302  0.002302
  0.113505 -0.029134 -0.029134 -0.117867  0.004836  0.004836  0.417595 -0.087029
 -0.286752  0.054121  0.054121  0.054121 -0.289910  0.054336  0.054336  0.054336
  0.463129  0.008735 -0.130860  0.050787  0.050787 -0.108564  0.359607 -0.115925
  0.028690  0.028690 -0.153436  0.037266  0.037266 -0.395580  0.179587  0.462268
 -0.040409  0.125826 -0.020243 -0.111978 -0.045761  0.119907 -0.021400 -0.021400
 -0.218660  0.021005  0.021005  0.413713  0.085021 -0.045971 -0.096145  0.018469
  0.018469 -0.059729  0.014590  0.014590 -0.043866 -0.031963 -0.452849  0.090763
  0.090763  0.090763  0.286489 -0.064298 -0.302745  0.060780  0.060780  0.060780
 -0.094816  0.004108  0.004108  0.004108 -0.331680 -0.404213  0.390004 -0.731981
  0.404802 -0.094111  0.002302  0.002302  0.113505 -0.029134 -0.029134 -0.117867
  0.004836  0.004836  0.417595 -0.087029 -0.286752  0.054121  0.054121  0.054121
 -0.289910  0.054336  0.054336  0.054336  0.463129  0.008735 -0.130860  0.050787
  0.050787 -0.108564  0.359607 -0.115925  0.028690  0.028690 -0.153436  0.037266
  0.037266 -0.395580  0.179587  0.462268 -0.040409  0.125826 -0.020243 -0.111978
 -0.045761  0.119907 -0.021400 -0.021400 -0.218660  0.021005  0.021005  0.413713
  0.085021 -0.045971 -0.096145  0.018469  0.018469 -0.059729  0.014590  0.014590
 -0.043866 -0.031963 -0.452849  0.090763  0.090763  0.090763  0.286489 -0.064298
 -0.302745  0.060780  0.060780  0.060780 -0.094816  0.004108  0.004108  0.004108
 -0.331680 -0.404213  0.390004 -0.731981  0.404802 -0.094111  0.002302  0.002302
  0.113505 -0.029134 -0.029134 -0.117867  0.004836  0.004836  0.417595 -0.087029
 -0.286752  0.054121  0.054121  0.054121 -0.289910  0.054336  0.054336  0.054336
  0.463129  0.008735 -0.130860  0.050787  0.050787 -0.108564  0.359607 -0.115925
  0.028690  0.028690 -0.153436  0.037266  0.037266 -0.395580  0.179587  0.462268
 -0.040409  0.125826 -0.020243 -0.111978 -0.045761  0.119907 -0.021400 -0.021400
 -0.218660  0.021005  0.021005  0.413713  0.085021 -0.045971 -0.096145  0.018469
  0.018469 -0.059729  0.014590  0.014590 -0.043866 -0.031963 -0.452849  0.090763
  0.090763  0.090763  0.286489 -0.064298 -0.302745  0.060780  0.060780  0.060780
 -0.094816  0.004108  0.004108  0.004108 -0.331680 -0.404213  0.390004 -0.731981
  0.404802 -0.094111  0.002302  0.002302  0.113505 -0.029134 -0.029134 -0.117867
  0.004836  0.004836  0.417595 -0.087029 -0.286752  0.054121  0.054121  0.054121
 -0.289910  0.054336  0.054336  0.054336  0.463129  0.008735 -0.130860  0.050787
  0.050787 -0.108564  0.359607 -0.115925  0.028690  0.028690 -0.153436  0.037266
  0.037266 -0.395580  0.179587  0.462268 -0.040409  0.125826 -0.020243 -0.111978
 -0.045761  0.119907 -0.021400 -0.021400 -0.218660  0.021005  0.021005  0.413713
  0.085021 -0.045971 -0.096145  0.018469  0.018469 -0.059729  0.014590  0.014590
 -0.043866 -0.031963 -0.452849  0.090763  0.090763  0.090763  0.286489 -0.064298
 -0.302745  0.060780  0.060780  0.060780 -0.094816  0.004108  0.004108  0.004108
 -0.331680 -0.404213  0.390004 -0.731981  0.404802 -0.094111  0.002302  0.002302
  0.113505 -0.029134 -0.029134 -0.117867  0.004836  0.004836  0.417595 -0.087029
 -0.286752  0.054121  0.054121  0.054121 -0.289910  0.054336  0.054336  0.054336
  0.463129  0.008735 -0.130860  0.050787  0.050787 -0.108564  0.359607 -0.115925
  0.028690  0.028690 -0.153436  0.037266  0.037266 -0.395580  0.179587  0.462268
 -0.040409  0.125826 -0.020243 -0.111978 -0.045761  0.119907 -0.021400 -0.021400
 -0.218660  0.021005  0.021005  0.413713  0.085021 -0.045971 -0.096145  0.018469
  0.018469 -0.059729  0.014590  0.014590 -0.043866 -0.031963 -0.452849  0.090763
  0.090763  0.090763  0.286489 -0.064298 -0.302745  0.060780  0.060780  0.060780
 -0.094816  0.004108  0.004108  0.004108 -0.331680 -0.404213  0.390004 -0.731981
  0.404802 -0.094111  0.002302  0.002302  0.113505 -0.029134 -0.029134 -0.117867
  0.004836  0.004836  0.417595 -0.087029 -0.286752  0.054121  0.054121  0.054121
 -0.289910  0.054336  0.054336  0.054336  0.463129  0.008735 -0.130860  0.050787
  0.050787 -0.108564  0.359607 -0.115925  0.028690  0.028690 -0.153436  0.037266
  0.037266 -0.395580  0.179587  0.462268 -0.040409  0.125826 -0.020243 -0.111978
 -0.045761  0.119907 -0.021400 -0.021400 -0.218660  0.021005  0.021005  0.413713
  0.085021 -0.045971 -0.096145  0.018469  0.018469 -0.059729  0.014590  0.014590
 -0.043866 -0.031963 -0.452849  0.090763  0.090763  0.090763  0.286489 -0.064298
 -0.302745  0.060780  0.060780  0.060780 -0.094816  0.004108  0.004108  0.004108
 -0.331680 -0.404213  0.390004 -0.731981  0.404802 -0.094111  0.002302  0.002302
  0.113505 -0.029134 -0.029134 -0.117867  0.004836  0.004836  0.417595 -0.087029
 -0.286752  0.054121  0.054121  0.054121 -0.289910  0.054336  0.054336  0.054336
  0.463129  0.008735 -0.130860  0.050787  0.050787 -0.108564  0.359607 -0.115925
  0.028690  0.028690 -0.153436  0.037266  0.037266 -0.395580  0.179587  0.462268
 -0.040409  0.125826 -0.020243 -0.111978 -0.045761  0.119907 -0.021400 -0.021400
 -0.218660  0.021005  0.021005  0.413713  0.085021 -0.045971 -0.096145  0.018469
  0.018469 -0.059729  0.014590  0.014590 -0.043866 -0.031963 -0.452849  0.090763
  0.090763  0.090763  0.286489 -0.064298 -0.302745  0.060780  0.060780  0.060780
 -0.094816  0.004108  0.004108  0.004108 -0.331680 -0.404213  0.390004 -0.731981
  0.404802 -0.094111  0.002302  0.002302  0.113505 -0.029134 -0.029134 -0.117867
  0.004836  0.004836  0.417595 -0.087029 -0.286752  0.054121  0.054121  0.054121
 -0.289910  0.054336  0.054336  0.054336  0.463129  0.008735 -0.130860  0.050787
  0.050787 -0.108564  0.359607 -0.115925  0.028690  0.028690 -0.153436  0.037266
  0.037266 -0.395580  0.179587  0.462268 -0.040409  0.125826 -0.020243 -0.111978
 -0.045761  0.119907 -0.021400 -0.021400 -0.218660  0.021005  0.021005  0.413713
  0.085021 -0.045971 -0.096145  0.018469  0.018469 -0.059729  0.014590  0.014590
 -0.043866 -0.031963 -0.452849  0.090763  0.090763  0.090763  0.286489 -0.064298
 -0.302745  0.060780  0.060780  0.060780 -0.094816  0.004108  0.004108  0.004108
 -0.331680 -0.404213  0.390004 -0.731981  0.404802 -0.094111  0.002302  0.002302
  0.113505 -0.029134 -0.029134 -0.117867  0.004836  0.004836  0.417595 -0.087029
 -0.286752  0.054121  0.054121  0.054121 -0.289910  0.054336  0.054336  0.054336
  0.463129  0.008735 -0.130860  0.050787  0.050787 -0.108564  0.359607 -0.115925
  0.028690  0.028690 -0.153436  0.037266  0.037266 -0.395580  0.179587  0.462268
 -0.040409  0.125826 -0.020243 -0.111978 -0.045761  0.119907 -0.021400 -0.021400
 -0.218660  0.021005  0.021005  0.413713  0.085021 -0.045971 -0.096145  0.018469
  0.018469 -0.059729  0.014590  0.014590 -0.043866 -0.031963 -0.452849  0.090763
  0.090763  0.090763  0.286489 -0.064298 -0.302745  0.060780  0.060780  0.060780
 -0.094816  0.004108  0.004108  0.004108 -0.331680 -0.404213  0.390004 -0.731981
  0.404802 -0.094111  0.002302  0.002302  0.113505 -0.029134 -0.029134 -0.117867
  0.004836  0.004836  0.417595 -0.087029 -0.286752  0.054121  0.054121  0.054121
 -0.289910  0.054336  0.054336  0.054336  0.463129  0.008735 -0.130860  0.050787
  0.050787 -0.108564  0.359607 -0.115925  0.028690  0.028690 -0.153436  0.037266
  0.037266 -0.395580  0.179587  0.462268 -0.040409  0.125826 -0.020243 -0.111978
 -0.045761  0.119907 -0.021400 -0.021400 -0.218660  0.021005  0.021005  0.413713
  0.085021 -0.045971 -0.096145  0.018469  0.018469 -0.059729  0.014590  0.014590
 -0.043866 -0.031963 -0.452849  0.090763  0.090763  0.090763  0.286489 -0.064298
 -0.302745  0.060780  0.060780  0.060780 -0.094816  0.004108  0.004108  0.004108
 -0.331680 -0.404213  0.390004 -0.731981  0.404802 -0.094111  0.002302  0.002302
  0.113505 -0.029134 -0.029134 -0.117867  0.004836  0.004836  0.417595 -0.087029
 -0.286752  0.054121  0.054121  0.054121 -0.289910  0.054336  0.054336  0.054336
  0.463129  0.008735 -0.130860  0.050787  0.050787 -0.108564  0.359607 -0.115925
  0.028690  0.028690 -0.153436  0.037266  0.037266 -0.395580  0.179587  0.462268
 -0.040409  0.125826 -0.020243 -0.111978 -0.045761  0.119907 -0.021400 -0.021400
 -0.218660  0.021005  0.021005  0.413713  0.085021 -0.045971 -0.096145  0.018469
  0.018469 -0.059729  0.014590  0.014590 -0.043866 -0.031963 -0.452849  0.090763
  0.090763  0.090763  0.286489 -0.064298 -0.302745  0.060780  0.060780  0.060780
 -0.094816  0.004108  0.004108  0.004108 -0.331680 -0.404213  0.390004 -0.731981
  0.404802 -0.094111  0.002302  0.002302  0.113505 -0.029134 -0.029134 -0.117867
  0.004836  0.004836  0.417595 -0.087029 -0.286752  0.054121  0.054121  0.054121
 -0.289910  0.054336  0.054336  0.054336  0.463129  0.008735 -0.130860  0.050787
  0.050787 -0.108564  0.359607 -0.115925  0.028690  0.028690 -0.153436  0.037266
  0.037266 -0.395580  0.179587  0.462268 -0.040409  0.125826 -0.020243 -0.111978
 -0.045761  0.119907 -0.021400 -0.021400 -0.218660  0.021005  0.021005  0.413713
  0.085021 -0.045971 -0.096145  0.018469  0.018469 -0.059729  0.014590  0.014590
 -0.043866 -0.031963 -0.452849  0.090763  0.090763  0.090763  0.286489 -0.064298
 -0.302745  0.060780  0.060780  0.060780 -0.094816  0.004108  0.004108  0.004108
 -0.331680 -0.404213  0.390004 -0.731981  0.404802 -0.094111  0.002302  0.002302
  0.113505 -0.029134 -0.029134 -0.117867  0.004836  0.004836  0.417595 -0.087029
 -0.286752  0.054121  0.054121  0.054121 -0.289910  0.054336  0.054336  0.054336
  0.463129  0.008735 -0.130860  0.050787  0.050787 -0.108564  0.359607 -0.115925
  0.028690  0.028690 -0.153436  0.037266  0.037266 -0.395580  0.179587  0.462268
 -0.040409  0.125826 -0.020243 -0.111978 -0.045761  0.119907 -0.021400 -0.021400
 -0.218660  0.021005  0.021005  0.413713  0.085021 -0.045971 -0.096145  0.018469
  0.018469 -0.059729  0.014590  0.014590 -0.043866 -0.031963 -0.452849  0.090763
  0.090763  0.090763  0.286489 -0.064298 -0.302745  0.060780  0.060780  0.060780
 -0.094816  0.004108  0.004108  0.004108 -0.331680 -0.404213  0.390004 -0.731981
  0.404802 -0.094111  0.002302  0.002302  0.113505 -0.029134 -0.029134 -0.117867
  0.004836  0.004836  0.417595 -0.087029 -0.286752  0.054121  0.054121  0.054121
 -0.289910  0.054336  0.054336  0.054336  0.463129  0.008735 -0.130860  0.050787
  0.050787 -0.108564  0.359607 -0.115925  0.028690  0.028690 -0.153436  0.037266
  0.037266 -0.395580  0.179587  0.462268 -0.040409  0.125826 -0.020243 -0.111978
 -0.045761  0.119907 -0.021400 -0.021400 -0.218660  0.021005  0.021005  0.413713
  0.085021 -0.045971 -0.096145  0.018469  0.018469 -0.059729  0.014590  0.014590
 -0.043866 -0.031963 -0.452849  0.090763  0.090763  0.090763  0.286489 -0.064298
 -0.302745  0.060780  0.060780  0.060780 -0.094816  0.004108  0.004108  0.004108
 -0.331680 -0.404213  0.390004 -0.731981  0.404802 -0.094111  0.002302  0.002302
  0.113505 -0.029134 -0.029134 -0.117867  0.004836  0.004836  0.417595 -0.087029
 -0.286752  0.054121  0.054121  0.054121 -0.289910  0.054336  0.054336  0.054336
  0.463129  0.008735 -0.130860  0.050787  0.050787 -0.108564  0.359607 -0.115925
  0.028690  0.028690 -0.153436  0.037266  0.037266 -0.395580  0.179587  0.462268
 -0.040409  0.125826 -0.020243 -0.111978 -0.045761  0.119907 -0.021400 -0.021400
 -0.218660  0.021005  0.021005  0.413713  0.085021 -0.045971 -0.096145  0.018469
  0.018469 -0.059729  0.014590  0.014590 -0.043866 -0.031963 -0.452849  0.090763
  0.090763  0.090763  0.286489 -0.064298 -0.302745  0.060780  0.060780  0.060780
 -0.094816  0.004108  0.004108  0.004108 -0.331680 -0.404213  0.390004 -0.731981
  0.404802 -0.094111  0.002302  0.002302  0.113505 -0.029134 -0.029134 -0.117867
  0.004836  0.004836  0.417595 -0.087029 -0.286752  0.054121  0.054121  0.054121
 -0.289910  0.054336  0.054336  0.054336  0.463129  0.008735 -0.130860  0.050787
  0.050787 -0.108564  0.359607 -0.115925  0.028690  0.028690 -0.153436  0.037266
  0.037266 -0.395580  0.179587  0.462268 -0.040409  0.125826 -0.020243 -0.111978
 -0.045761  0.119907 -0.021400 -0.021400 -0.218660  0.021005  0.021005  0.413713
  0.085021 -0.045971 -0.096145  0.018469  0.018469 -0.059729  0.014590  0.014590
 -0.043866 -0.031963 -0.452849  0.090763  0.090763  0.090763  0.286489 -0.064298
 -0.302745  0.060780  0.060780  0.060780 -0.094816  0.004108  0.004108  0.004108
 -0.331680 -0.404213  0.390004 -0.731981  0.404802 -0.094111  0.002302  0.002302
  0.113505 -0.029134 -0.029134 -0.117867  0.004836  0.004836  0.417595 -0.087029
 -0.286752  0.054121  0.054121  0.054121 -0.289910  0.054336  0.054336  0.054336
  0.463129  0.008735 -0.130860  0.050787  0.050787 -0.108564  0.359607 -0.115925
  0.028690  0.028690 -0.153436  0.037266  0.037266 -0.395580  0.179587  0.462268
 -0.040409  0.125826 -0.020243 -0.111978 -0.045761  0.119907 -0.021400 -0.021400
 -0.218660  0.021005  0.021005  0.413713  0.085021 -0.045971 -0.096145  0.018469
  0.018469 -0.059729  0.014590  0.014590 -0.043866 -0.031963 -0.452849  0.090763
  0.090763  0.090763  0.286489 -0.064298 -0.302745  0.060780  0.060780  0.060780
 -0.094816  0.004108  0.004108  0.004108 -0.331680 -0.404213  0.390004 -0.731981
  0.404802 -0.094111  0.002302  0.002302  0.113505 -0.029134 -0.029134 -0.117867
  0.004836  0.004836  0.417595 -0.087029 -0.286752  0.054121  0.054121  0.054121
 -0.289910  0.054336  0.054336  0.054336  0.463129  0.008735 -0.130860  0.050787
  0.050787 -0.108564  0.359607 -0.115925  0.028690  0.028690 -0.153436  0.037266
  0.037266 -0.395580  0.179587  0.462268 -0.040409  0.125826 -0.020243 -0.111978
 -0.045761  0.119907 -0.021400 -0.021400 -0.218660  0.021005  0.021005  0.413713
  0.085021 -0.045971 -0.096145  0.018469  0.018469 -0.059729  0.014590  0.014590
 -0.043866 -0.031963 -0.452849  0.090763  0.090763  0.090763  0.286489 -0.064298
 -0.302745  0.060780  0.060780  0.060780 -0.094816  0.004108  0.004108  0.004108
 -0.331680 -0.404213  0.390004 -0.731981  0.404802 -0.094111  0.002302  0.002302
  0.113505 -0.029134 -0.029134 -0.117867  0.004836  0.004836  0.417595 -0.087029
 -0.286752  0.054121  0.054121  0.054121 -0.289910  0.054336  0.054336  0.054336
  0.463129  0.008735 -0.130860  0.050787  0.050787 -0.108564  0.359607 -0.115925
  0.028690  0.028690 -0.153436  0.037266  0.037266 -0.395580  0.179587  0.462268
 -0.040409  0.125826 -0.020243 -0.111978 -0.045761  0.119907 -0.021400 -0.021400
 -0.218660  0.021005  0.021005  0.413713  0.085021 -0.045971 -0.096145  0.018469
  0.018469 -0.059729  0.014590  0.014590 -0.043866 -0.031963 -0.452849  0.090763
  0.090763  0.090763  0.286489 -0.064298 -0.302745  0.060780  0.060780  0.060780
 -0.094816  0.004108  0.004108  0.004108 -0.331680 -0.404213  0.390004 -0.731981
  0.404802 -0.094111  0.002302  0.002302  0.113505 -0.029134 -0.029134 -0.117867
  0.004836  0.004836  0.417595 -0.087029 -0.286752  0.054121  0.054121  0.054121
 -0.289910  0.054336  0.054336  0.054336  0.463129  0.008735 -0.130860  0.050787
  0.050787 -0.108564  0.359607 -0.115925  0.028690  0.028690 -0.153436  0.037266
  0.037266 -0.395580  0.179587  0.462268 -0.040409  0.125826 -0.020243 -0.111978
 -0.045761  0.119907 -0.021400 -0.021400 -0.218660  0.021005  0.021005  0.413713
  0.085021 -0.045971 -0.096145  0.018469  0.018469 -0.059729  0.014590  0.014590
 -0.043866 -0.031963 -0.452849  0.090763  0.090763  0.090763  0.286489 -0.064298
 -0.302745  0.060780  0.060780  0.060780 -0.094816  0.004108  0.004108  0.004108
 -0.331680 -0.404213  0.390004 -0.731981  0.404802 -0.094111  0.002302  0.002302
  0.113505 -0.029134 -0.029134 -0.117867  0.004836  0.004836  0.417595 -0.087029
 -0.286752  0.054121  0.054121  0.054121 -0.289910  0.054336  0.054336  0.054336
  0.463129  0.008735 -0.130860  0.050787  0.050787 -0.108564  0.359607 -0.115925
  0.028690  0.028690 -0.153436  0.037266  0.037266 -0.395580  0.179587  0.462268
 -0.040409  0.125826 -0.020243 -0.111978 -0.045761  0.119907 -0.021400 -0.021400
 -0.218660  0.021005  0.021005  0.413713  0.085021 -0.045971 -0.096145  0.018469
  0.018469 -0.059729  0.014590  0.014590 -0.043866 -0.031963 -0.452849  0.090763
  0.090763  0.090763  0.286489 -0.064298 -0.302745  0.060780  0.060780  0.060780
 -0.094816  0.004108  0.004108  0.004108 -0.331680 -0.404213  0.390004 -0.731981
  0.404802 -0.094111  0.002302  0.002302  0.113505 -0.029134 -0.029134 -0.117867
  0.004836  0.004836  0.417595 -0.087029 -0.286752  0.054121  0.054121  0.054121
 -0.289910  0.054336  0.054336  0.054336  0.463129  0.008735 -0.130860  0.050787
  0.050787 -0.108564  0.359607 -0.115925  0.028690  0.028690 -0.153436  0.037266
  0.037266 -0.395580  0.179587  0.462268 -0.040409  0.125826 -0.020243 -0.111978
 -0.045761  0.119907 -0.021400 -0.021400 -0.218660  0.021005  0.021005  0.413713
  0.085021 -0.045971 -0.096145  0.018469  0.018469 -0.059729  0.014590  0.014590
 -0.043866 -0.031963 -0.452849  0.090763  0.090763  0.090763  0.286489 -0.064298
 -0.302745  0.060780  0.060780  0.060780 -0.094816  0.004108  0.004108  0.004108
 -0.331680 -0.404213  0.390004 -0.731981  0.404802 -0.094111  0.002302  0.002302
  0.113505 -0.029134 -0.029134 -0.117867  0.004836  0.004836  0.417595 -0.087029
 -0.286752  0.054121  0.054121  0.054121 -0.289910  0.054336  0.054336  0.054336
  0.463129  0.008735 -0.130860  0.050787  0.050787 -0.108564  0.359607 -0.115925
  0.028690  0.028690 -0.153436  0.037266  0.037266 -0.395580  0.179587  0.462268
 -0.040409  0.125826 -0.020243 -0.111978 -0.045761  0.119907 -0.021400 -0.021400
 -0.218660  0.021005  0.021005  0.413713  0.085021 -0.045971 -0.096145  0.018469
  0.018469 -0.059729  0.014590  0.014590 -0.043866 -0.031963 -0.452849  0.090763
  0.090763  0.090763  0.286489 -0.064298 -0.302745  0.060780  0.060780  0.060780
 -0.094816  0.004108  0.004108  0.004108 -0.331680 -0.404213  0.390004 -0.731981
  0.404802 -0.094111  0.002302  0.002302  0.113505 -0.029134 -0.029134 -0.117867
  0.004836  0.004836  0.417595 -0.087029 -0.286752  0.054121  0.054121  0.054121
 -0.289910  0.054336  0.054336  0.054336  0.463129  0.008735 -0.130860  0.050787
  0.050787 -0.108564  0.359607 -0.115925  0.028690  0.028690 -0.153436  0.037266
  0.037266 -0.395580  0.179587  0.462268 -0.040409  0.125826 -0.020243 -0.111978
 -0.045761  0.119907 -0.021400 -0.021400 -0.218660  0.021005  0.021005  0.413713
  0.085021 -0.045971 -0.096145  0.018469  0.018469 -0.059729  0.014590  0.014590
 -0.043866 -0.031963 -0.452849  0.090763  0.090763  0.090763  0.286489 -0.064298
 -0.302745  0.060780  0.060780  0.060780 -0.094816  0.004108  0.004108  0.004108
 -0.331680 -0.404213  0.390004 -0.731981  0.404802 -0.094111  0.002302  0.002302
  0.113505 -0.029134 -0.029134 -0.117867  0.004836  0.004836  0.417595 -0.087029
 -0.286752  0.054121  0.054121  0.054121 -0.289910  0.054336  0.054336  0.054336
  0.463129  0.008735 -0.130860  0.050787  0.050787 -0.108564  0.359607 -0.115925
  0.028690  0.028690 -0.153436  0.037266  0.037266 -0.395580  0.179587  0.462268
 -0.040409  0.125826 -0.020243 -0.111978 -0.045761  0.119907 -0.021400 -0.021400
 -0.218660  0.021005  0.021005  0.413713  0.085021 -0.045971 -0.096145  0.018469
  0.018469 -0.059729  0.014590  0.014590 -0.043866 -0.031963 -0.452849  0.090763
  0.090763  0.090763  0.286489 -0.064298 -0.302745  0.060780  0.060780  0.060780
 -0.094816  0.004108  0.004108  0.004108 -0.331680 -0.404213  0.390004 -0.731981
  0.404802 -0.094111  0.002302  0.002302  0.113505 -0.029134 -0.029134 -0.117867
  0.004836  0.004836  0.417595 -0.087029 -0.286752  0.054121  0.054121  0.054121
 -0.289910  0.054336  0.054336  0.054336  0.463129  0.008735 -0.130860  0.050787
  0.050787 -0.108564  0.359607 -0.115925  0.028690  0.028690 -0.153436  0.037266
  0.037266 -0.395580  0.179587  0.462268 -0.040409  0.125826 -0.020243 -0.111978
 -0.045761  0.119907 -0.021400 -0.021400 -0.218660  0.021005  0.021005  0.413713
  0.085021 -0.045971 -0.096145  0.018469  0.018469 -0.059729  0.014590  0.014590
 -0.043866 -0.031963 -0.452849  0.090763  0.090763  0.090763  0.286489 -0.064298
 -0.302745  0.060780  0.060780  0.060780 -0.094816  0.004108  0.004108  0.004108
 -0.331680 -0.404213  0.390004 -0.731981  0.404802 -0.094111  0.002302  0.002302
  0.113505 -0.029134 -0.029134 -0.117867  0.004836  0.004836  0.417595 -0.087029
 -0.286752  0.054121  0.054121  0.054121 -0.289910  0.054336  0.054336  0.054336
  0.463129  0.008735 -0.130860  0.050787  0.050787 -0.108564  0.359607 -0.115925
  0.028690  0.028690 -0.153436  0.037266  0.037266 -0.395580  0.179587  0.462268
 -0.040409  0.125826 -0.020243 -0.111978 -0.045761  0.119907 -0.021400 -0.021400
 -0.218660  0.021005  0.021005  0.413713  0.085021 -0.045971 -0.096145  0.018469
  0.018469 -0.059729  0.014590  0.014590 -0.043866 -0.031963 -0.452849  0.090763
  0.090763  0.090763  0.286489 -0.064298 -0.302745  0.060780  0.060780  0.060780
 -0.094816  0.004108  0.004108  0.004108 -0.331680 -0.404213  0.390004 -0.731981
  0.404802 -0.094111  0.002302  0.002302  0.113505 -0.029134 -0.029134 -0.117867
  0.004836  0.004836  0.417595 -0.087029 -0.286752  0.054121  0.054121  0.054121
 -0.289910  0.054336  0.054336  0.054336  0.463129  0.008735 -0.130860  0.050787
  0.050787 -0.108564  0.359607 -0.115925  0.028690  0.028690 -0.153436  0.037266
  0.037266 -0.395580  0.179587  0.462268 -0.040409  0.125826 -0.020243 -0.111978
 -0.045761  0.119907 -0.021400 -0.021400 -0.218660  0.021005  0.021005  0.413713
  0.085021 -0.045971 -0.096145  0.018469  0.018469 -0.059729  0.014590  0.014590
 -0.043866 -0.031963 -0.452849  0.090763  0.090763  0.090763  0.286489 -0.064298
 -0.302745  0.060780  0.060780  0.060780 -0.094816  0.004108  0.004108  0.004108
 -0.331680 -0.404213  0.390004 -0.731981  0.404802 -0.094111  0.002302  0.002302
  0.113505 -0.029134 -0.029134 -0.117867  0.004836  0.004836  0.417595 -0.087029
 -0.286752  0.054121  0.054121  0.054121 -0.289910  0.054336  0.054336  0.054336
  0.463129  0.008735 -0.130860  0.050787  0.050787 -0.108564  0.359607 -0.115925
  0.028690  0.028690 -0.153436  0.037266  0.037266 -0.395580  0.179587  0.462268
 -0.040409  0.125826 -0.020243 -0.111978 -0.045761  0.119907 -0.021400 -0.021400
 -0.218660  0.021005  0.021005  0.413713  0.085021 -0.045971 -0.096145  0.018469
  0.018469 -0.059729  0.014590  0.014590 -0.043866 -0.031963 -0.452849  0.090763
  0.090763  0.090763  0.286489 -0.064298 -0.302745  0.060780  0.060780  0.060780
 -0.094816  0.004108  0.004108  0.004108 -0.331680 -0.404213  0.390004 -0.731981
  0.404802 -0.094111  0.002302  0.002302  0.113505 -0.029134 -0.029134 -0.117867
  0.004836  0.004836  0.417595 -0.087029 -0.286752  0.054121  0.054121  0.054121
 -0.289910  0.054336  0.054336  0.054336  0.463129  0.008735 -0.130860  0.050787
  0.050787 -0.108564  0.359607 -0.115925  0.028690  0.028690 -0.153436  0.037266
  0.037266 -0.395580  0.179587  0.462268 -0.040409  0.125826 -0.020243 -0.111978
 -0.045761  0.119907 -0.021400 -0.021400 -0.218660  0.021005  0.021005  0.413713
  0.085021 -0.045971 -0.096145  0.018469  0.018469 -0.059729  0.014590  0.014590
 -0.043866 -0.031963 -0.452849  0.090763  0.090763  0.090763  0.286489 -0.064298
 -0.302745  0.060780  0.060780  0.060780 -0.094816  0.004108  0.004108  0.004108
 -0.331680 -0.404213  0.390004 -0.731981  0.404802 -0.094111  0.002302  0.002302
  0.113505 -0.029134 -0.029134 -0.117867  0.004836  0.004836  0.417595 -0.087029
 -0.286752  0.054121  0.054121  0.054121 -0.289910  0.054336  0.054336  0.054336
  0.463129  0.008735 -0.130860  0.050787  0.050787 -0.108564  0.359607 -0.115925
  0.028690  0.028690 -0.153436  0.037266  0.037266 -0.395580  0.179587  0.462268
 -0.040409  0.125826 -0.020243 -0.111978 -0.045761  0.119907 -0.021400 -0.021400
 -0.218660  0.021005  0.021005  0.413713  0.085021 -0.045971 -0.096145  0.018469
  0.018469 -0.059729  0.014590  0.014590 -0.043866 -0.031963 -0.452849  0.090763
  0.090763  0.090763  0.286489 -0.064298 -0.302745  0.060780  0.060780  0.060780
 -0.094816  0.004108  0.004108  0.004108 -0.331680 -0.404213  0.390004 -0.731981
  0.404802 -0.094111  0.002302  0.002302  0.113505 -0.029134 -0.029134 -0.117867
  0.004836  0.004836  0.417595 -0.087029 -0.286752  0.054121  0.054121  0.054121
 -0.289910  0.054336  0.054336  0.054336  0.463129  0.008735 -0.130860  0.050787
  0.050787 -0.108564  0.359607 -0.115925  0.028690  0.028690 -0.153436  0.037266
  0.037266 -0.395580  0.179587  0.462268 -0.040409  0.125826 -0.020243 -0.111978
 -0.045761  0.119907 -0.021400 -0.021400 -0.218660  0.021005  0.021005  0.413713
  0.085021 -0.045971 -0.096145  0.018469  0.018469 -0.059729  0.014590  0.014590
 -0.043866 -0.031963 -0.452849  0.090763  0.090763  0.090763  0.286489 -0.064298
 -0.302745  0.060780  0.060780  0.060780 -0.094816  0.004108  0.004108  0.004108
 -0.331680 -0.404213  0.390004 -0.731981  0.404802 -0.094111  0.002302  0.002302
  0.113505 -0.029134 -0.029134 -0.117867  0.004836  0.004836  0.417595 -0.087029
 -0.286752  0.054121  0.054121  0.054121 -0.289910  0.054336  0.054336  0.054336
  0.463129  0.008735 -0.130860  0.050787  0.050787 -0.108564  0.359607 -0.115925
  0.028690  0.028690 -0.153436  0.037266  0.037266 -0.395580  0.179587  0.462268
 -0.040409  0.125826 -0.020243 -0.111978 -0.045761  0.119907 -0.021400 -0.021400
 -0.218660  0.021005  0.021005  0.413713  0.085021 -0.045971 -0.096145  0.018469
  0.018469 -0.059729  0.014590  0.014590 -0.043866 -0.031963 -0.452849  0.090763
  0.090763  0.090763  0.286489 -0.064298 -0.302745  0.060780  0.060780  0.060780
 -0.094816  0.004108  0.004108  0.004108 -0.331680 -0.404213  0.390004 -0.731981
  0.404802 -0.094111  0.002302  0.002302  0.113505 -0.029134 -0.029134 -0.117867
  0.004836  0.004836  0.417595 -0.087029 -0.286752  0.054121  0.054121  0.054121
 -0.289910  0.054336  0.054336  0.054336  0.463129  0.008735 -0.130860  0.050787
  0.050787 -0.108564  0.359607 -0.115925  0.028690  0.028690 -0.153436  0.037266
  0.037266 -0.395580  0.179587  0.462268 -0.040409  0.125826 -0.020243 -0.111978
 -0.045761  0.119907 -0.021400 -0.021400 -0.218660  0.021005  0.021005  0.413713
  0.085021 -0.045971 -0.096145  0.018469  0.018469 -0.059729  0.014590  0.014590
 -0.043866 -0.031963 -0.452849  0.090763  0.090763  0.090763  0.286489 -0.064298
 -0.302745  0.060780  0.060780  0.060780 -0.094816  0.004108  0.004108  0.004108
 -0.331680 -0.404213  0.390004 -0.731981  0.404802 -0.094111  0.002302  0.002302
  0.113505 -0.029134 -0.029134 -0.117867  0.004836  0.004836  0.417595 -0.087029
 -0.286752  0.054121  0.054121  0.054121 -0.289910  0.054336  0.054336  0.054336
  0.463129  0.008735 -0.130860  0.050787  0.050787 -0.108564  0.359607 -0.115925
  0.028690  0.028690 -0.153436  0.037266  0.037266 -0.395580  0.179587  0.462268
 -0.040409  0.125826 -0.020243 -0.111978 -0.045761  0.119907 -0.021400 -0.021400
 -0.218660  0.021005  0.021005  0.413713  0.085021 -0.045971 -0.096145  0.018469
  0.018469 -0.059729  0.014590  0.014590 -0.043866 -0.031963 -0.452849  0.090763
  0.090763  0.090763  0.286489 -0.064298 -0.302745  0.060780  0.060780  0.060780
 -0.094816  0.004108  0.004108  0.004108 -0.331680 -0.404213  0.390004 -0.731981
  0.404802 -0.094111  0.002302  0.002302  0.113505 -0.029134 -0.029134 -0.117867
  0.004836  0.004836  0.417595 -0.087029 -0.286752  0.054121  0.054121  0.054121
 -0.289910  0.054336  0.054336  0.054336  0.463129  0.008735 -0.130860  0.050787
  0.050787 -0.108564  0.359607 -0.115925  0.028690  0.028690 -0.153436  0.037266
  0.037266 -0.395580  0.179587  0.462268 -0.040409  0.125826 -0.020243 -0.111978
 -0.045761  0.119907 -0.021400 -0.021400 -0.218660  0.021005  0.021005  0.413713
  0.085021 -0.045971 -0.096145  0.018469  0.018469 -0.059729  0.014590  0.014590
 -0.043866 -0.031963 -0.452849  0.090763  0.090763  0.090763  0.286489 -0.064298
 -0.302745  0.060780  0.060780  0.060780 -0.094816  0.004108  0.004108  0.004108
 -0.331680 -0.404213  0.390004 -0.731981  0.404802 -0.094111  0.002302  0.002302
  0.113505 -0.029134 -0.029134 -0.117867  0.004836  0.004836  0.417595 -0.087029
 -0.286752  0.054121  0.054121  0.054121 -0.289910  0.054336  0.054336  0.054336
  0.463129  0.008735 -0.130860  0.050787  0.050787 -0.108564  0.359607 -0.115925
  0.028690  0.028690 -0.153436  0.037266  0.037266 -0.395580  0.179587  0.462268
 -0.040409  0.125826 -0.020243 -0.111978 -0.045761  0.119907 -0.021400 -0.021400
 -0.218660  0.021005  0.021005  0.413713  0.085021 -0.045971 -0.096145  0.018469
  0.018469 -0.059729  0.014590  0.014590 -0.043866 -0.031963 -0.452849  0.090763
  0.090763  0.090763  0.286489 -0.064298 -0.302745  0.060780  0.060780  0.060780
 -0.094816  0.004108  0.004108  0.004108 -0.331680 -0.404213  0.390004 -0.731981
  0.404802 -0.094111  0.002302  0.002302  0.113505 -0.029134 -0.029134 -0.117867
  0.004836  0.004836  0.417595 -0.087029 -0.286752  0.054121  0.054121  0.054121
 -0.289910  0.054336  0.054336  0.054336  0.463129  0.008735 -0.130860  0.050787
  0.050787 -0.108564  0.359607 -0.115925  0.028690  0.028690 -0.153436  0.037266
  0.037266 -0.395580  0.179587  0.462268 -0.040409  0.125826 -0.020243 -0.111978
 -0.045761  0.119907 -0.021400 -0.021400 -0.218660  0.021005  0.021005  0.413713
  0.085021 -0.045971 -0.096145  0.018469  0.018469 -0.059729  0.014590  0.014590
 -0.043866 -0.031963 -0.452849  0.090763  0.090763  0.090763  0.286489 -0.064298
 -0.302745  0.060780  0.060780  0.060780 -0.094816  0.004108  0.004108  0.004108
 -0.331680 -0.404213  0.390004 -0.731981  0.404802 -0.094111  0.002302  0.002302
  0.113505 -0.029134 -0.029134 -0.117867  0.004836  0.004836  0.417595 -0.087029
 -0.286752  0.054121  0.054121  0.054121 -0.289910  0.054336  0.054336  0.054336
  0.463129  0.008735 -0.130860  0.050787  0.050787 -0.108564  0.359607 -0.115925
  0.028690  0.028690 -0.153436  0.037266  0.037266 -0.395580  0.179587  0.462268
 -0.040409  0.125826 -0.020243 -0.111978 -0.045761  0.119907 -0.021400 -0.021400
 -0.218660  0.021005  0.021005  0.413713  0.085021 -0.045971 -0.096145  0.018469
  0.018469 -0.059729  0.014590  0.014590 -0.043866 -0.031963 -0.452849  0.090763
  0.090763  0.090763  0.286489 -0.064298 -0.302745  0.060780  0.060780  0.060780
 -0.094816  0.004108  0.004108  0.004108 -0.331680 -0.404213  0.390004 -0.731981
  0.404802 -0.094111  0.002302  0.002302  0.113505 -0.029134 -0.029134 -0.117867
  0.004836  0.004836  0.417595 -0.087029 -0.286752  0.054121  0.054121  0.054121
 -0.289910  0.054336  0.054336  0.054336  0.463129  0.008735 -0.130860  0.050787
  0.050787 -0.108564  0.359607 -0.115925  0.028690  0.028690 -0.153436  0.037266
  0.037266 -0.395580  0.179587  0.462268 -0.040409  0.125826 -0.020243 -0.111978
 -0.045761  0.119907 -0.021400 -0.021400 -0.218660  0.021005  0.021005  0.413713
  0.085021 -0.045971 -0.096145  0.018469  0.018469 -0.059729  0.014590  0.014590
 -0.043866 -0.031963 -0.452849  0.090763  0.090763  0.090763  0.286489 -0.064298
 -0.302745  0.060780  0.060780  0.060780 -0.094816  0.004108  0.004108  0.004108
 -0.331680 -0.404213  0.390004 -0.731981  0.404802 -0.094111  0.002302  0.002302
  0.113505 -0.029134 -0.029134 -0.117867  0.004836  0.004836  0.417595 -0.087029
 -0.286752  0.054121  0.054121  0.054121 -0.289910  0.054336  0.054336  0.054336
  0.463129  0.008735 -0.130860  0.050787  0.050787 -0.108564  0.359607 -0.115925
  0.028690  0.028690 -0.153436  0.037266  0.037266 -0.395580  0.179587  0.462268
 -0.040409  0.125826 -0.020243 -0.111978 -0.045761  0.119907 -0.021400 -0.021400
 -0.218660  0.021005  0.021005  0.413713  0.085021 -0.045971 -0.096145  0.018469
  0.018469 -0.059729  0.014590  0.014590 -0.043866 -0.031963 -0.452849  0.090763
  0.090763  0.090763  0.286489 -0.064298 -0.302745  0.060780  0.060780  0.060780
 -0.094816  0.004108  0.004108  0.004108 -0.331680 -0.404213  0.390004 -0.731981
  0.404802 -0.094111  0.002302  0.002302  0.113505 -0.029134 -0.029134 -0.117867
  0.004836  0.004836  0.417595 -0.087029 -0.286752  0.054121  0.054121  0.054121
 -0.289910  0.054336  0.054336  0.054336  0.463129  0.008735 -0.130860  0.050787
  0.050787 -0.108564  0.359607 -0.115925  0.028690  0.028690 -0.153436  0.037266
  0.037266 -0.395580  0.179587  0.462268 -0.040409  0.125826 -0.020243 -0.111978
 -0.045761  0.119907 -0.021400 -0.021400 -0.218660  0.021005  0.021005  0.413713
  0.085021 -0.045971 -0.096145  0.018469  0.018469 -0.059729  0.014590  0.014590
 -0.043866 -0.031963 -0.452849  0.090763  0.090763  0.090763  0.286489 -0.064298
 -0.302745  0.060780  0.060780  0.060780 -0.094816  0.004108  0.004108  0.004108
 -0.331680 -0.404213  0.390004 -0.731981  0.404802 -0.094111  0.002302  0.002302
  0.113505 -0.029134 -0.029134 -0.117867  0.004836  0.004836  0.417595 -0.087029
 -0.286752  0.054121  0.054121  0.054121 -0.289910  0.054336  0.054336  0.054336
  0.463129  0.008735 -0.130860  0.050787  0.050787 -0.108564  0.359607 -0.115925
  0.028690  0.028690 -0.153436  0.037266  0.037266 -0.395580  0.179587  0.462268
 -0.040409  0.125826 -0.020243 -0.111978 -0.045761  0.119907 -0.021400 -0.021400
 -0.218660  0.021005  0.021005  0.413713  0.085021 -0.045971 -0.096145  0.018469
  0.018469 -0.059729  0.014590  0.014590 -0.043866 -0.031963 -0.452849  0.090763
  0.090763  0.090763  0.286489 -0.064298 -0.302745  0.060780  0.060780  0.060780
 -0.094816  0.004108  0.004108  0.004108 -0.331680 -0.404213  0.390004 -0.731981
  0.404802 -0.094111  0.002302  0.002302  0.113505 -0.029134 -0.029134 -0.117867
  0.004836  0.004836  0.417595 -0.087029 -0.286752  0.054121  0.054121  0.054121
 -0.289910  0.054336  0.054336  0.054336  0.463129  0.008735 -0.130860  0.050787
  0.050787 -0.108564  0.359607 -0.115925  0.028690  0.028690 -0.153436  0.037266
  0.037266 -0.395580  0.179587  0.462268 -0.040409  0.125826 -0.020243 -0.111978
 -0.045761  0.119907 -0.021400 -0.021400 -0.218660  0.021005  0.021005  0.413713
  0.085021 -0.045971 -0.096145  0.018469  0.018469 -0.059729  0.014590  0.014590
 -0.043866 -0.031963 -0.452849  0.090763  0.090763  0.090763  0.286489 -0.064298
 -0.302745  0.060780  0.060780  0.060780 -0.094816  0.004108  0.004108  0.004108
 -0.331680 -0.404213  0.390004 -0.731981  0.404802 -0.094111  0.002302  0.002302
  0.113505 -0.029134 -0.029134 -0.117867  0.004836  0.004836  0.417595 -0.087029
 -0.286752  0.054121  0.054121  0.054121 -0.289910  0.054336  0.054336  0.054336
  0.463129  0.008735 -0.130860  0.050787  0.050787 -0.108564  0.359607 -0.115925
  0.028690  0.028690 -0.153436  0.037266  0.037266 -0.395580  0.179587  0.462268
 -0.040409  0.125826 -0.020243 -0.111978 -0.045761  0.119907 -0.021400 -0.021400
 -0.218660  0.021005  0.021005  0.413713  0.085021 -0.045971 -0.096145  0.018469
  0.018469 -0.059729  0.014590  0.014590 -0.043866 -0.031963 -0.452849  0.090763
  0.090763  0.090763  0.286489 -0.064298 -0.302745  0.060780  0.060780  0.060780
 -0.094816  0.004108  0.004108  0.004108 -0.331680 -0.404213  0.390004 -0.731981
  0.404802 -0.094111  0.002302  0.002302  0.113505 -0.029134 -0.029134 -0.117867
  0.004836  0.004836  0.417595 -0.087029 -0.286752  0.054121  0.054121  0.054121
 -0.289910  0.054336  0.054336  0.054336  0.463129  0.008735 -0.130860  0.050787
  0.050787 -0.108564  0.359607 -0.115925  0.028690  0.028690 -0.153436  0.037266
  0.037266 -0.395580  0.179587  0.462268 -0.040409  0.125826 -0.020243 -0.111978
 -0.045761  0.119907 -0.021400 -0.021400 -0.218660  0.021005  0.021005  0.413713
  0.085021 -0.045971 -0.096145  0.018469  0.018469 -0.059729  0.014590  0.014590
 -0.043866 -0.031963 -0.452849  0.090763  0.090763  0.090763  0.286489 -0.064298
 -0.302745  0.060780  0.060780  0.060780 -0.094816  0.004108  0.004108  0.004108
 -0.331680 -0.404213  0.390004 -0.731981  0.404802 -0.094111  0.002302  0.002302
  0.113505 -0.029134 -0.029134 -0.117867  0.004836  0.004836  0.417595 -0.087029
 -0.286752  0.054121  0.054121  0.054121 -0.289910  0.054336  0.054336  0.054336
  0.463129  0.008735 -0.130860  0.050787  0.050787 -0.108564  0.359607 -0.115925
  0.028690  0.028690 -0.153436  0.037266  0.037266 -0.395580  0.179587  0.462268
 -0.040409  0.125826 -0.020243 -0.111978 -0.045761  0.119907 -0.021400 -0.021400
 -0.218660  0.021005  0.021005  0.413713  0.085021 -0.045971 -0.096145  0.018469
  0.018469 -0.059729  0.014590  0.014590 -0.043866 -0.031963 -0.452849  0.090763
  0.090763  0.090763  0.286489 -0.064298 -0.302745  0.060780  0.060780  0.060780
 -0.094816  0.004108  0.004108  0.004108 -0.331680 -0.404213  0.390004 -0.731981
  0.404802 -0.094111  0.002302  0.002302  0.113505 -0.029134 -0.029134 -0.117867
  0.004836  0.004836  0.417595 -0.087029 -0.286752  0.054121  0.054121  0.054121
 -0.289910  0.054336  0.054336  0.054336  0.463129  0.008735 -0.130860  0.050787
  0.050787 -0.108564  0.359607 -0.115925  0.028690  0.028690 -0.153436  0.037266
  0.037266 -0.395580  0.179587  0.462268 -0.040409  0.125826 -0.020243 -0.111978
 -0.045761  0.119907 -0.021400 -0.021400 -0.218660  0.021005  0.021005  0.413713
  0.085021 -0.045971 -0.096145  0.018469  0.018469 -0.059729  0.014590  0.014590
 -0.043866 -0.031963 -0.452849  0.090763  0.090763  0.090763  0.286489 -0.064298
 -0.302745  0.060780  0.060780  0.060780 -0.094816  0.004108  0.004108  0.004108
 -0.331680 -0.404213  0.390004 -0.731981  0.404802 -0.094111  0.002302  0.002302
  0.113505 -0.029134 -0.029134 -0.117867  0.004836  0.004836  0.417595 -0.087029
 -0.286752  0.054121  0.054121  0.054121 -0.289910  0.054336  0.054336  0.054336
  0.463129  0.008735 -0.130860  0.050787  0.050787 -0.108564  0.359607 -0.115925
  0.028690  0.028690 -0.153436  0.037266  0.037266 -0.395580  0.179587  0.462268
 -0.040409  0.125826 -0.020243 -0.111978 -0.045761  0.119907 -0.021400 -0.021400
 -0.218660  0.021005  0.021005  0.413713  0.085021 -0.045971 -0.096145  0.018469
  0.018469 -0.059729  0.014590  0.014590 -0.043866 -0.031963 -0.452849  0.090763
  0.090763  0.090763  0.286489 -0.064298 -0.302745  0.060780  0.060780  0.060780
 -0.094816  0.004108  0.004108  0.004108 -0.331680 -0.404213  0.390004 -0.731981
  0.404802 -0.094111  0.002302  0.002302  0.113505 -0.029134 -0.029134 -0.117867
  0.004836  0.004836  0.417595 -0.087029 -0.286752  0.054121  0.054121  0.054121
 -0.289910  0.054336  0.054336  0.054336  0.463129  0.008735 -0.130860  0.050787
  0.050787 -0.108564  0.359607 -0.115925  0.028690  0.028690 -0.153436  0.037266
  0.037266 -0.395580  0.179587  0.462268 -0.040409  0.125826 -0.020243 -0.111978
 -0.045761  0.119907 -0.021400 -0.021400 -0.218660  0.021005  0.021005  0.413713
  0.085021 -0.045971 -0.096145  0.018469  0.018469 -0.059729  0.014590  0.014590
 -0.043866 -0.031963 -0.452849  0.090763  0.090763  0.090763  0.286489 -0.064298
 -0.302745  0.060780  0.060780  0.060780 -0.094816  0.004108  0.004108  0.004108
 -0.331680 -0.404213  0.390004 -0.731981  0.404802 -0.094111  0.002302  0.002302
  0.113505 -0.029134 -0.029134 -0.117867  0.004836  0.004836  0.417595 -0.087029
 -0.286752  0.054121  0.054121  0.054121 -0.289910  0.054336  0.054336  0.054336
  0.463129  0.008735 -0.130860  0.050787  0.050787 -0.108564  0.359607 -0.115925
  0.028690  0.028690 -0.153436  0.037266  0.037266 -0.395580  0.179587  0.462268
 -0.040409  0.125826 -0.020243 -0.111978 -0.045761  0.119907 -0.021400 -0.021400
 -0.218660  0.021005  0.021005  0.413713  0.085021 -0.045971 -0.096145  0.018469
  0.018469 -0.059729  0.014590  0.014590 -0.043866 -0.031963 -0.452849  0.090763
  0.090763  0.090763  0.286489 -0.064298 -0.302745  0.060780  0.060780  0.060780
 -0.094816  0.004108  0.004108  0.004108 -0.331680 -0.404213  0.390004 -0.731981
  0.404802 -0.094111  0.002302  0.002302  0.113505 -0.029134 -0.029134 -0.117867
  0.004836  0.004836  0.417595 -0.087029 -0.286752  0.054121  0.054121  0.054121
 -0.289910  0.054336  0.054336  0.054336  0.463129  0.008735 -0.130860  0.050787
  0.050787 -0.108564  0.359607 -0.115925  0.028690  0.028690 -0.153436  0.037266
  0.037266 -0.395580  0.179587  0.462268 -0.040409  0.125826 -0.020243 -0.111978
 -0.045761  0.119907 -0.021400 -0.021400 -0.218660  0.021005  0.021005  0.413713
  0.085021 -0.045971 -0.096145  0.018469  0.018469 -0.059729  0.014590  0.014590
 -0.043866 -0.031963 -0.452849  0.090763  0.090763  0.090763  0.286489 -0.064298
 -0.302745  0.060780  0.060780  0.060780 -0.094816  0.004108  0.004108  0.004108
 -0.331680 -0.404213  0.390004 -0.731981  0.404802 -0.094111  0.002302  0.002302
  0.113505 -0.029134 -0.029134 -0.117867  0.004836  0.004836  0.417595 -0.087029
 -0.286752  0.054121  0.054121  0.054121 -0.289910  0.054336  0.054336  0.054336
  0.463129  0.008735 -0.130860  0.050787  0.050787 -0.108564  0.359607 -0.115925
  0.028690  0.028690 -0.153436  0.037266  0.037266 -0.395580  0.179587  0.462268
 -0.040409  0.125826 -0.020243 -0.111978 -0.045761  0.119907 -0.021400 -0.021400
 -0.218660  0.021005  0.021005  0.413713  0.085021 -0.045971 -0.096145  0.018469
  0.018469 -0.059729  0.014590  0.014590 -0.043866 -0.031963 -0.452849  0.090763
  0.090763  0.090763  0.286489 -0.064298 -0.302745  0.060780  0.060780  0.060780
 -0.094816  0.004108  0.004108  0.004108 -0.331680 -0.404213  0.390004 -0.731981
  0.404802 -0.094111  0.002302  0.002302  0.113505 -0.029134 -0.029134 -0.117867
  0.004836  0.004836  0.417595 -0.087029 -0.286752  0.054121  0.054121  0.054121
 -0.289910  0.054336  0.054336  0.054336  0.463129  0.008735 -0.130860  0.050787
  0.050787 -0.108564  0.359607 -0.115925  0.028690  0.028690 -0.153436  0.037266
  0.037266 -0.395580  0.179587  0.462268 -0.040409  0.125826 -0.020243 -0.111978
 -0.045761  0.119907 -0.021400 -0.021400 -0.218660  0.021005  0.021005  0.413713
  0.085021 -0.045971 -0.096145  0.018469  0.018469 -0.059729  0.014590  0.014590
 -0.043866 -0.031963 -0.452849  0.090763  0.090763  0.090763  0.286489 -0.064298
 -0.302745  0.060780  0.060780  0.060780 -0.094816  0.004108  0.004108  0.004108
 -0.331680 -0.404213  0.390004 -0.731981  0.404802 -0.094111  0.002302  0.002302
  0.113505 -0.029134 -0.029134 -0.117867  0.004836  0.004836  0.417595 -0.087029
 -0.286752  0.054121  0.054121  0.054121 -0.289910  0.054336  0.054336  0.054336
  0.463129  0.008735 -0.130860  0.050787  0.050787 -0.108564  0.359607 -0.115925
  0.028690  0.028690 -0.153436  0.037266  0.037266 -0.395580  0.179587  0.462268
 -0.040409  0.125826 -0.020243 -0.111978 -0.045761  0.119907 -0.021400 -0.021400
 -0.218660  0.021005  0.021005  0.413713  0.085021 -0.045971 -0.096145  0.018469
  0.018469 -0.059729  0.014590  0.014590 -0.043866 -0.031963 -0.452849  0.090763
  0.090763  0.090763  0.286489 -0.064298 -0.302745  0.060780  0.060780  0.060780
 -0.094816  0.004108  0.004108  0.004108 -0.331680 -0.404213  0.390004 -0.731981
  0.404802 -0.094111  0.002302  0.002302  0.113505 -0.029134 -0.029134 -0.117867
  0.004836  0.004836  0.417595 -0.087029 -0.286752  0.054121  0.054121  0.054121
 -0.289910  0.054336  0.054336  0.054336  0.463129  0.008735 -0.130860  0.050787
  0.050787 -0.108564  0.359607 -0.115925  0.028690  0.028690 -0.153436  0.037266
  0.037266 -0.395580  0.179587  0.462268 -0.040409  0.125826 -0.020243 -0.111978
 -0.045761  0.119907 -0.021400 -0.021400 -0.218660  0.021005  0.021005  0.413713
  0.085021 -0.045971 -0.096145  0.018469  0.018469 -0.059729  0.014590  0.014590
 -0.043866 -0.031963 -0.452849  0.090763  0.090763  0.090763  0.286489 -0.064298
 -0.302745  0.060780  0.060780  0.060780 -0.094816  0.004108  0.004108  0.004108
 -0.331680 -0.404213  0.390004 -0.731981  0.404802 -0.094111  0.002302  0.002302
  0.113505 -0.029134 -0.029134 -0.117867  0.004836  0.004836  0.417595 -0.087029
 -0.286752  0.054121  0.054121  0.054121 -0.289910  0.054336  0.054336  0.054336
  0.463129  0.008735 -0.130860  0.050787  0.050787 -0.108564  0.359607 -0.115925
  0.028690  0.028690 -0.153436  0.037266  0.037266 -0.395580  0.179587  0.462268
 -0.040409  0.125826 -0.020243 -0.111978 -0.045761  0.119907 -0.021400 -0.021400
 -0.218660  0.021005  0.021005  0.413713  0.085021 -0.045971 -0.096145  0.018469
  0.018469 -0.059729  0.014590  0.014590 -0.043866 -0.031963 -0.452849  0.090763
  0.090763  0.090763  0.286489 -0.064298 -0.302745  0.060780  0.060780  0.060780
 -0.094816  0.004108  0.004108  0.004108 -0.331680 -0.404213  0.390004 -0.731981
  0.404802 -0.094111  0.002302  0.002302  0.113505 -0.029134 -0.029134 -0.117867
  0.004836  0.004836  0.417595 -0.087029 -0.286752  0.054121  0.054121  0.054121
 -0.289910  0.054336  0.054336  0.054336  0.463129  0.008735 -0.130860  0.050787
  0.050787 -0.108564  0.359607 -0.115925  0.028690  0.028690 -0.153436  0.037266
  0.037266 -0.395580  0.179587  0.462268 -0.040409  0.125826 -0.020243 -0.111978
 -0.045761  0.119907 -0.021400 -0.021400 -0.218660  0.021005  0.021005  0.413713
  0.085021 -0.045971 -0.096145  0.018469  0.018469 -0.059729  0.014590  0.014590
 -0.043866 -0.031963 -0.452849  0.090763  0.090763  0.090763  0.286489 -0.064298
 -0.302745  0.060780  0.060780  0.060780 -0.094816  0.004108  0.004108  0.004108
 -0.331680 -0.404213  0.390004 -0.731981  0.404802 -0.094111  0.002302  0.002302
  0.113505 -0.029134 -0.029134 -0.117867  0.004836  0.004836  0.417595 -0.087029
 -0.286752  0.054121  0.054121  0.054121 -0.289910  0.054336  0.054336  0.054336
  0.463129  0.008735 -0.130860  0.050787  0.050787 -0.108564  0.359607 -0.115925
  0.028690  0.028690 -0.153436  0.037266  0.037266 -0.395580  0.179587  0.462268
 -0.040409  0.125826 -0.020243 -0.111978 -0.045761  0.119907 -0.021400 -0.021400
 -0.218660  0.021005  0.021005  0.413713  0.085021 -0.045971 -0.096145  0.018469
  0.018469 -0.059729  0.014590  0.014590 -0.043866 -0.031963 -0.452849  0.090763
  0.090763  0.090763  0.286489 -0.064298 -0.302745  0.060780  0.060780  0.060780
 -0.094816  0.004108  0.004108  0.004108 -0.331680 -0.404213  0.390004 -0.731981
  0.404802 -0.094111  0.002302  0.002302  0.113505 -0.029134 -0.029134 -0.117867
  0.004836  0.004836  0.417595 -0.087029 -0.286752  0.054121  0.054121  0.054121
 -0.289910  0.054336  0.054336  0.054336  0.463129  0.008735 -0.130860  0.050787
  0.050787 -0.108564  0.359607 -0.115925  0.028690  0.028690 -0.153436  0.037266
  0.037266 -0.395580  0.179587  0.462268 -0.040409  0.125826 -0.020243 -0.111978
 -0.045761  0.119907 -0.021400 -0.021400 -0.218660  0.021005  0.021005  0.413713
  0.085021 -0.045971 -0.096145  0.018469  0.018469 -0.059729  0.014590  0.014590
 -0.043866 -0.031963 -0.452849  0.090763  0.090763  0.090763  0.286489 -0.064298
 -0.302745  0.060780  0.060780  0.060780 -0.094816  0.004108  0.004108  0.004108
 -0.331680 -0.404213  0.390004 -0.731981  0.404802 -0.094111  0.002302  0.002302
  0.113505 -0.029134 -0.029134 -0.117867  0.004836  0.004836  0.417595 -0.087029
 -0.286752  0.054121  0.054121  0.054121 -0.289910  0.054336  0.054336  0.054336
  0.463129  0.008735 -0.130860  0.050787  0.050787 -0.108564  0.359607 -0.115925
  0.028690  0.028690 -0.153436  0.037266  0.037266 -0.395580  0.179587  0.462268
 -0.040409  0.125826 -0.020243 -0.111978 -0.045761  0.119907 -0.021400 -0.021400
 -0.218660  0.021005  0.021005  0.413713  0.085021 -0.045971 -0.096145  0.018469
  0.018469 -0.059729  0.014590  0.014590 -0.043866 -0.031963 -0.452849  0.090763
  0.090763  0.090763  0.286489 -0.064298 -0.302745  0.060780  0.060780  0.060780
 -0.094816  0.004108  0.004108  0.004108 -0.331680 -0.404213  0.390004 -0.731981
  0.404802 -0.094111  0.002302  0.002302  0.113505 -0.029134 -0.029134 -0.117867
  0.004836  0.004836  0.417595 -0.087029 -0.286752  0.054121  0.054121  0.054121
 -0.289910  0.054336  0.054336  0.054336  0.463129  0.008735 -0.130860  0.050787
  0.050787 -0.108564  0.359607 -0.115925  0.028690  0.028690 -0.153436  0.037266
  0.037266 -0.395580  0.179587  0.462268 -0.040409  0.125826 -0.020243 -0.111978
 -0.045761  0.119907 -0.021400 -0.021400 -0.218660  0.021005  0.021005  0.413713
  0.085021 -0.045971 -0.096145  0.018469  0.018469 -0.059729  0.014590  0.014590
 -0.043866 -0.031963 -0.452849  0.090763  0.090763  0.090763  0.286489 -0.064298
 -0.302745  0.060780  0.060780  0.060780 -0.094816  0.004108  0.004108  0.004108
 -0.331680 -0.404213  0.390004 -0.731981  0.404802 -0.094111  0.002302  0.002302
  0.113505 -0.029134 -0.029134 -0.117867  0.004836  0.004836  0.417595 -0.087029
 -0.286752  0.054121  0.054121  0.054121 -0.289910  0.054336  0.054336  0.054336
  0.463129  0.008735 -0.130860  0.050787  0.050787 -0.108564  0.359607 -0.115925
  0.028690  0.028690 -0.153436  0.037266  0.037266 -0.395580  0.179587  0.462268
 -0.040409  0.125826 -0.020243 -0.111978 -0.045761  0.119907 -0.021400 -0.021400
 -0.218660  0.021005  0.021005  0.413713  0.085021 -0.045971 -0.096145  0.018469
  0.018469 -0.059729  0.014590  0.014590 -0.043866 -0.031963 -0.452849  0.090763
  0.090763  0.090763  0.286489 -0.064298 -0.302745  0.060780  0.060780  0.060780
 -0.094816  0.004108  0.004108  0.004108 -0.331680 -0.404213  0.390004 -0.731981
  0.404802 -0.094111  0.002302  0.002302  0.113505 -0.029134 -0.029134 -0.117867
  0.004836  0.004836  0.417595 -0.087029 -0.286752  0.054121  0.054121  0.054121
 -0.289910  0.054336  0.054336  0.054336  0.463129  0.008735 -0.130860  0.050787
  0.050787 -0.108564  0.359607 -0.115925  0.028690  0.028690 -0.153436  0.037266
  0.037266 -0.395580  0.179587  0.462268 -0.040409  0.125826 -0.020243 -0.111978
 -0.045761  0.119907 -0.021400 -0.021400 -0.218660  0.021005  0.021005  0.413713
  0.085021 -0.045971 -0.096145  0.018469  0.018469 -0.059729  0.014590  0.014590
 -0.043866 -0.031963 -0.452849  0.090763  0.090763  0.090763  0.286489 -0.064298
 -0.302745  0.060780  0.060780  0.060780 -0.094816  0.004108  0.004108  0.004108
 -0.331680 -0.404213  0.390004 -0.731981  0.404802 -0.094111  0.002302  0.002302
  0.113505 -0.029134 -0.029134 -0.117867  0.004836  0.004836  0.417595 -0.087029
 -0.286752  0.054121  0.054121  0.054121 -0.289910  0.054336  0.054336  0.054336
