 -0.711060  0.422443  0.103129  0.003817  0.022944 -0.021047  0.070444  0.027066
  0.034459  0.029245  0.006111 -0.076487  0.002914  0.025243  0.070639 -0.080761
  0.019480  0.020429 -0.055713  0.049596  0.018344 -0.079632  0.029768  0.024470
 -0.024971  0.038373  0.036005  0.083346 -0.011596 -0.256735  0.069631  0.036552
  0.075120 -0.085964 -0.110823  0.030199  0.041983 -0.242905  0.133441 -0.206977
  0.042596  0.072150  0.055400 -0.159852  0.053077  0.083497 -0.034768  0.060759
  0.038321 -0.010268 -0.004323 -0.004008  0.292511  0.014896 -0.191169  0.038905
  0.049151  0.039747  0.020188 -0.003689 -0.004578 -0.039540 -0.003534 -0.002816
  0.260669 -0.040523 -0.234656  0.044177  0.049323  0.049440 -0.235632  0.044181
  0.049872  0.049977 -0.711060  0.422443  0.103129  0.003817  0.022944 -0.021047
  0.070444  0.027066  0.034459  0.029245  0.006111 -0.076487  0.002914  0.025243
  0.070639 -0.080761  0.019480  0.020429 -0.055713  0.049596  0.018344 -0.079632
  0.029768  0.024470 -0.024971  0.038373  0.036005  0.083346 -0.011596 -0.256735
  0.069631  0.036552  0.075120 -0.085964 -0.110823  0.030199  0.041983 -0.242905
  0.133441 -0.206977  0.042596  0.072150  0.055400 -0.159852  0.053077  0.083497
 -0.034768  0.060759  0.038321 -0.010268 -0.004323 -0.004008  0.292511  0.014896
 -0.191169  0.038905  0.049151  0.039747  0.020188 -0.003689 -0.004578 -0.039540
 -0.003534 -0.002816  0.260669 -0.040523 -0.234656  0.044177  0.049323  0.049440
 -0.235632  0.044181  0.049872  0.049977 -0.711060  0.422443  0.103129  0.003817
  0.022944 -0.021047  0.070444  0.027066  0.034459  0.029245  0.006111 -0.076487
  0.002914  0.025243  0.070639 -0.080761  0.019480  0.020429 -0.055713  0.049596
  0.018344 -0.079632  0.029768  0.024470 -0.024971  0.038373  0.036005  0.083346
 -0.011596 -0.256735  0.069631  0.036552  0.075120 -0.085964 -0.110823  0.030199
  0.041983 -0.242905  0.133441 -0.206977  0.042596  0.072150  0.055400 -0.159852
  0.053077  0.083497 -0.034768  0.060759  0.038321 -0.010268 -0.004323 -0.004008
  0.292511  0.014896 -0.191169  0.038905  0.049151  0.039747  0.020188 -0.003689
 -0.004578 -0.039540 -0.003534 -0.002816  0.260669 -0.040523 -0.234656  0.044177
  0.049323  0.049440 -0.235632  0.044181  0.049872  0.049977 -0.711060  0.422443
  0.103129  0.003817  0.022944 -0.021047  0.070444  0.027066  0.034459  0.029245
  0.006111 -0.076487  0.002914  0.025243  0.070639 -0.080761  0.019480  0.020429
 -0.055713  0.049596  0.018344 -0.079632  0.029768  0.024470 -0.024971  0.038373
  0.036005  0.083346 -0.011596 -0.256735  0.069631  0.036552  0.075120 -0.085964
 -0.110823  0.030199  0.041983 -0.242905  0.133441 -0.206977  0.042596  0.072150
  0.055400 -0.159852  0.053077  0.083497 -0.034768  0.060759  0.038321 -0.010268
 -0.004323 -0.004008  0.292511  0.014896 -0.191169  0.038905  0.049151  0.039747
  0.020188 -0.003689 -0.004578 -0.039540 -0.003534 -0.002816  0.260669 -0.040523
 -0.234656  0.044177  0.049323  0.049440 -0.235632  0.044181  0.049872  0.049977
 -0.711060  0.422443  0.103129  0.003817  0.022944 -0.021047  0.070444  0.027066
  0.034459  0.029245  0.006111 -0.076487  0.002914  0.025243  0.070639 -0.080761
  0.019480  0.020429 -0.055713  0.049596  0.018344 -0.079632  0.029768  0.024470
 -0.024971  0.038373  0.036005  0.083346 -0.011596 -0.256735  0.069631  0.036552
  0.075120 -0.085964 -0.110823  0.030199  0.041983 -0.242905  0.133441 -0.206977
  0.042596  0.072150  0.055400 -0.159852  0.053077  0.083497 -0.034768  0.060759
  0.038321 -0.010268 -0.004323 -0.004008  0.292511  0.014896 -0.191169  0.038905
  0.049151  0.039747  0.020188 -0.003689 -0.004578 -0.039540 -0.003534 -0.002816
  0.260669 -0.040523 -0.234656  0.044177  0.049323  0.049440 -0.235632  0.044181
  0.049872  0.049977 -0.711060  0.422443  0.103129  0.003817  0.022944 -0.021047
  0.070444  0.027066  0.034459  0.029245  0.006111 -0.076487  0.002914  0.025243
  0.070639 -0.080761  0.019480  0.020429 -0.055713  0.049596  0.018344 -0.079632
  0.029768  0.024470 -0.024971  0.038373  0.036005  0.083346 -0.011596 -0.256735
  0.069631  0.036552  0.075120 -0.085964 -0.110823  0.030199  0.041983 -0.242905
  0.133441 -0.206977  0.042596  0.072150  0.055400 -0.159852  0.053077  0.083497
 -0.034768  0.060759  0.038321 -0.010268 -0.004323 -0.004008  0.292511  0.014896
 -0.191169  0.038905  0.049151  0.039747  0.020188 -0.003689 -0.004578 -0.039540
 -0.003534 -0.002816  0.260669 -0.040523 -0.234656  0.044177  0.049323  0.049440
 -0.235632  0.044181  0.049872  0.049977 -0.711060  0.422443  0.103129  0.003817
  0.022944 -0.021047  0.070444  0.027066  0.034459  0.029245  0.006111 -0.076487
  0.002914  0.025243  0.070639 -0.080761  0.019480  0.020429 -0.055713  0.049596
  0.018344 -0.079632  0.029768  0.024470 -0.024971  0.038373  0.036005  0.083346
 -0.011596 -0.256735  0.069631  0.036552  0.075120 -0.085964 -0.110823  0.030199
  0.041983 -0.242905  0.133441 -0.206977  0.042596  0.072150  0.055400 -0.159852
  0.053077  0.083497 -0.034768  0.060759  0.038321 -0.010268 -0.004323 -0.004008
  0.292511  0.014896 -0.191169  0.038905  0.049151  0.039747  0.020188 -0.003689
 -0.004578 -0.039540 -0.003534 -0.002816  0.260669 -0.040523 -0.234656  0.044177
  0.049323  0.049440 -0.235632  0.044181  0.049872  0.049977 -0.711060  0.422443
  0.103129  0.003817  0.022944 -0.021047  0.070444  0.027066  0.034459  0.029245
  0.006111 -0.076487  0.002914  0.025243  0.070639 -0.080761  0.019480  0.020429
 -0.055713  0.049596  0.018344 -0.079632  0.029768  0.024470 -0.024971  0.038373
  0.036005  0.083346 -0.011596 -0.256735  0.069631  0.036552  0.075120 -0.085964
 -0.110823  0.030199  0.041983 -0.242905  0.133441 -0.206977  0.042596  0.072150
  0.055400 -0.159852  0.053077  0.083497 -0.034768  0.060759  0.038321 -0.010268
 -0.004323 -0.004008  0.292511  0.014896 -0.191169  0.038905  0.049151  0.039747
  0.020188 -0.003689 -0.004578 -0.039540 -0.003534 -0.002816  0.260669 -0.040523
 -0.234656  0.044177  0.049323  0.049440 -0.235632  0.044181  0.049872  0.049977
 -0.711060  0.422443  0.103129  0.003817  0.022944 -0.021047  0.070444  0.027066
  0.034459  0.029245  0.006111 -0.076487  0.002914  0.025243  0.070639 -0.080761
  0.019480  0.020429 -0.055713  0.049596  0.018344 -0.079632  0.029768  0.024470
 -0.024971  0.038373  0.036005  0.083346 -0.011596 -0.256735  0.069631  0.036552
  0.075120 -0.085964 -0.110823  0.030199  0.041983 -0.242905  0.133441 -0.206977
  0.042596  0.072150  0.055400 -0.159852  0.053077  0.083497 -0.034768  0.060759
  0.038321 -0.010268 -0.004323 -0.004008  0.292511  0.014896 -0.191169  0.038905
  0.049151  0.039747  0.020188 -0.003689 -0.004578 -0.039540 -0.003534 -0.002816
  0.260669 -0.040523 -0.234656  0.044177  0.049323  0.049440 -0.235632  0.044181
  0.049872  0.049977 -0.711060  0.422443  0.103129  0.003817  0.022944 -0.021047
  0.070444  0.027066  0.034459  0.029245  0.006111 -0.076487  0.002914  0.025243
  0.070639 -0.080761  0.019480  0.020429 -0.055713  0.049596  0.018344 -0.079632
  0.029768  0.024470 -0.024971  0.038373  0.036005  0.083346 -0.011596 -0.256735
  0.069631  0.036552  0.075120 -0.085964 -0.110823  0.030199  0.041983 -0.242905
  0.133441 -0.206977  0.042596  0.072150  0.055400 -0.159852  0.053077  0.083497
 -0.034768  0.060759  0.038321 -0.010268 -0.004323 -0.004008  0.292511  0.014896
 -0.191169  0.038905  0.049151  0.039747  0.020188 -0.003689 -0.004578 -0.039540
 -0.003534 -0.002816  0.260669 -0.040523 -0.234656  0.044177  0.049323  0.049440
 -0.235632  0.044181  0.049872  0.049977 -0.711060  0.422443  0.103129  0.003817
  0.022944 -0.021047  0.070444  0.027066  0.034459  0.029245  0.006111 -0.076487
  0.002914  0.025243  0.070639 -0.080761  0.019480  0.020429 -0.055713  0.049596
  0.018344 -0.079632  0.029768  0.024470 -0.024971  0.038373  0.036005  0.083346
 -0.011596 -0.256735  0.069631  0.036552  0.075120 -0.085964 -0.110823  0.030199
  0.041983 -0.242905  0.133441 -0.206977  0.042596  0.072150  0.055400 -0.159852
  0.053077  0.083497 -0.034768  0.060759  0.038321 -0.010268 -0.004323 -0.004008
  0.292511  0.014896 -0.191169  0.038905  0.049151  0.039747  0.020188 -0.003689
 -0.004578 -0.039540 -0.003534 -0.002816  0.260669 -0.040523 -0.234656  0.044177
  0.049323  0.049440 -0.235632  0.044181  0.049872  0.049977 -0.711060  0.422443
  0.103129  0.003817  0.022944 -0.021047  0.070444  0.027066  0.034459  0.029245
  0.006111 -0.076487  0.002914  0.025243  0.070639 -0.080761  0.019480  0.020429
 -0.055713  0.049596  0.018344 -0.079632  0.029768  0.024470 -0.024971  0.038373
  0.036005  0.083346 -0.011596 -0.256735  0.069631  0.036552  0.075120 -0.085964
 -0.110823  0.030199  0.041983 -0.242905  0.133441 -0.206977  0.042596  0.072150
  0.055400 -0.159852  0.053077  0.083497 -0.034768  0.060759  0.038321 -0.010268
 -0.004323 -0.004008  0.292511  0.014896 -0.191169  0.038905  0.049151  0.039747
  0.020188 -0.003689 -0.004578 -0.039540 -0.003534 -0.002816  0.260669 -0.040523
 -0.234656  0.044177  0.049323  0.049440 -0.235632  0.044181  0.049872  0.049977
 -0.711060  0.422443  0.103129  0.003817  0.022944 -0.021047  0.070444  0.027066
  0.034459  0.029245  0.006111 -0.076487  0.002914  0.025243  0.070639 -0.080761
  0.019480  0.020429 -0.055713  0.049596  0.018344 -0.079632  0.029768  0.024470
 -0.024971  0.038373  0.036005  0.083346 -0.011596 -0.256735  0.069631  0.036552
  0.075120 -0.085964 -0.110823  0.030199  0.041983 -0.242905  0.133441 -0.206977
  0.042596  0.072150  0.055400 -0.159852  0.053077  0.083497 -0.034768  0.060759
  0.038321 -0.010268 -0.004323 -0.004008  0.292511  0.014896 -0.191169  0.038905
  0.049151  0.039747  0.020188 -0.003689 -0.004578 -0.039540 -0.003534 -0.002816
  0.260669 -0.040523 -0.234656  0.044177  0.049323  0.049440 -0.235632  0.044181
  0.049872  0.049977 -0.711060  0.422443  0.103129  0.003817  0.022944 -0.021047
  0.070444  0.027066  0.034459  0.029245  0.006111 -0.076487  0.002914  0.025243
  0.070639 -0.080761  0.019480  0.020429 -0.055713  0.049596  0.018344 -0.079632
  0.029768  0.024470 -0.024971  0.038373  0.036005  0.083346 -0.011596 -0.256735
  0.069631  0.036552  0.075120 -0.085964 -0.110823  0.030199  0.041983 -0.242905
  0.133441 -0.206977  0.042596  0.072150  0.055400 -0.159852  0.053077  0.083497
 -0.034768  0.060759  0.038321 -0.010268 -0.004323 -0.004008  0.292511  0.014896
 -0.191169  0.038905  0.049151  0.039747  0.020188 -0.003689 -0.004578 -0.039540
 -0.003534 -0.002816  0.260669 -0.040523 -0.234656  0.044177  0.049323  0.049440
 -0.235632  0.044181  0.049872  0.049977 -0.711060  0.422443  0.103129  0.003817
  0.022944 -0.021047  0.070444  0.027066  0.034459  0.029245  0.006111 -0.076487
  0.002914  0.025243  0.070639 -0.080761  0.019480  0.020429 -0.055713  0.049596
  0.018344 -0.079632  0.029768  0.024470 -0.024971  0.038373  0.036005  0.083346
 -0.011596 -0.256735  0.069631  0.036552  0.075120 -0.085964 -0.110823  0.030199
  0.041983 -0.242905  0.133441 -0.206977  0.042596  0.072150  0.055400 -0.159852
  0.053077  0.083497 -0.034768  0.060759  0.038321 -0.010268 -0.004323 -0.004008
  0.292511  0.014896 -0.191169  0.038905  0.049151  0.039747  0.020188 -0.003689
 -0.004578 -0.039540 -0.003534 -0.002816  0.260669 -0.040523 -0.234656  0.044177
  0.049323  0.049440 -0.235632  0.044181  0.049872  0.049977 -0.711060  0.422443
  0.103129  0.003817  0.022944 -0.021047  0.070444  0.027066  0.034459  0.029245
  0.006111 -0.076487  0.002914  0.025243  0.070639 -0.080761  0.019480  0.020429
 -0.055713  0.049596  0.018344 -0.079632  0.029768  0.024470 -0.024971  0.038373
  0.036005  0.083346 -0.011596 -0.256735  0.069631  0.036552  0.075120 -0.085964
 -0.110823  0.030199  0.041983 -0.242905  0.133441 -0.206977  0.042596  0.072150
  0.055400 -0.159852  0.053077  0.083497 -0.034768  0.060759  0.038321 -0.010268
 -0.004323 -0.004008  0.292511  0.014896 -0.191169  0.038905  0.049151  0.039747
  0.020188 -0.003689 -0.004578 -0.039540 -0.003534 -0.002816  0.260669 -0.040523
 -0.234656  0.044177  0.049323  0.049440 -0.235632  0.044181  0.049872  0.049977
 -0.711060  0.422443  0.103129  0.003817  0.022944 -0.021047  0.070444  0.027066
  0.034459  0.029245  0.006111 -0.076487  0.002914  0.025243  0.070639 -0.080761
  0.019480  0.020429 -0.055713  0.049596  0.018344 -0.079632  0.029768  0.024470
 -0.024971  0.038373  0.036005  0.083346 -0.011596 -0.256735  0.069631  0.036552
  0.075120 -0.085964 -0.110823  0.030199  0.041983 -0.242905  0.133441 -0.206977
  0.042596  0.072150  0.055400 -0.159852  0.053077  0.083497 -0.034768  0.060759
  0.038321 -0.010268 -0.004323 -0.004008  0.292511  0.014896 -0.191169  0.038905
  0.049151  0.039747  0.020188 -0.003689 -0.004578 -0.039540 -0.003534 -0.002816
  0.260669 -0.040523 -0.234656  0.044177  0.049323  0.049440 -0.235632  0.044181
  0.049872  0.049977 -0.711060  0.422443  0.103129  0.003817  0.022944 -0.021047
  0.070444  0.027066  0.034459  0.029245  0.006111 -0.076487  0.002914  0.025243
  0.070639 -0.080761  0.019480  0.020429 -0.055713  0.049596  0.018344 -0.079632
  0.029768  0.024470 -0.024971  0.038373  0.036005  0.083346 -0.011596 -0.256735
  0.069631  0.036552  0.075120 -0.085964 -0.110823  0.030199  0.041983 -0.242905
  0.133441 -0.206977  0.042596  0.072150  0.055400 -0.159852  0.053077  0.083497
 -0.034768  0.060759  0.038321 -0.010268 -0.004323 -0.004008  0.292511  0.014896
 -0.191169  0.038905  0.049151  0.039747  0.020188 -0.003689 -0.004578 -0.039540
 -0.003534 -0.002816  0.260669 -0.040523 -0.234656  0.044177  0.049323  0.049440
 -0.235632  0.044181  0.049872  0.049977 -0.711060  0.422443  0.103129  0.003817
  0.022944 -0.021047  0.070444  0.027066  0.034459  0.029245  0.006111 -0.076487
  0.002914  0.025243  0.070639 -0.080761  0.019480  0.020429 -0.055713  0.049596
  0.018344 -0.079632  0.029768  0.024470 -0.024971  0.038373  0.036005  0.083346
 -0.011596 -0.256735  0.069631  0.036552  0.075120 -0.085964 -0.110823  0.030199
  0.041983 -0.242905  0.133441 -0.206977  0.042596  0.072150  0.055400 -0.159852
  0.053077  0.083497 -0.034768  0.060759  0.038321 -0.010268 -0.004323 -0.004008
  0.292511  0.014896 -0.191169  0.038905  0.049151  0.039747  0.020188 -0.003689
 -0.004578 -0.039540 -0.003534 -0.002816  0.260669 -0.040523 -0.234656  0.044177
  0.049323  0.049440 -0.235632  0.044181  0.049872  0.049977 -0.711060  0.422443
  0.103129  0.003817  0.022944 -0.021047  0.070444  0.027066  0.034459  0.029245
  0.006111 -0.076487  0.002914  0.025243  0.070639 -0.080761  0.019480  0.020429
 -0.055713  0.049596  0.018344 -0.079632  0.029768  0.024470 -0.024971  0.038373
  0.036005  0.083346 -0.011596 -0.256735  0.069631  0.036552  0.075120 -0.085964
 -0.110823  0.030199  0.041983 -0.242905  0.133441 -0.206977  0.042596  0.072150
  0.055400 -0.159852  0.053077  0.083497 -0.034768  0.060759  0.038321 -0.010268
 -0.004323 -0.004008  0.292511  0.014896 -0.191169  0.038905  0.049151  0.039747
  0.020188 -0.003689 -0.004578 -0.039540 -0.003534 -0.002816  0.260669 -0.040523
 -0.234656  0.044177  0.049323  0.049440 -0.235632  0.044181  0.049872  0.049977
 -0.711060  0.422443  0.103129  0.003817  0.022944 -0.021047  0.070444  0.027066
  0.034459  0.029245  0.006111 -0.076487  0.002914  0.025243  0.070639 -0.080761
  0.019480  0.020429 -0.055713  0.049596  0.018344 -0.079632  0.029768  0.024470
 -0.024971  0.038373  0.036005  0.083346 -0.011596 -0.256735  0.069631  0.036552
  0.075120 -0.085964 -0.110823  0.030199  0.041983 -0.242905  0.133441 -0.206977
  0.042596  0.072150  0.055400 -0.159852  0.053077  0.083497 -0.034768  0.060759
  0.038321 -0.010268 -0.004323 -0.004008  0.292511  0.014896 -0.191169  0.038905
  0.049151  0.039747  0.020188 -0.003689 -0.004578 -0.039540 -0.003534 -0.002816
  0.260669 -0.040523 -0.234656  0.044177  0.049323  0.049440 -0.235632  0.044181
  0.049872  0.049977 -0.711060  0.422443  0.103129  0.003817  0.022944 -0.021047
  0.070444  0.027066  0.034459  0.029245  0.006111 -0.076487  0.002914  0.025243
  0.070639 -0.080761  0.019480  0.020429 -0.055713  0.049596  0.018344 -0.079632
  0.029768  0.024470 -0.024971  0.038373  0.036005  0.083346 -0.011596 -0.256735
  0.069631  0.036552  0.075120 -0.085964 -0.110823  0.030199  0.041983 -0.242905
  0.133441 -0.206977  0.042596  0.072150  0.055400 -0.159852  0.053077  0.083497
 -0.034768  0.060759  0.038321 -0.010268 -0.004323 -0.004008  0.292511  0.014896
 -0.191169  0.038905  0.049151  0.039747  0.020188 -0.003689 -0.004578 -0.039540
 -0.003534 -0.002816  0.260669 -0.040523 -0.234656  0.044177  0.049323  0.049440
 -0.235632  0.044181  0.049872  0.049977 -0.711060  0.422443  0.103129  0.003817
  0.022944 -0.021047  0.070444  0.027066  0.034459  0.029245  0.006111 -0.076487
  0.002914  0.025243  0.070639 -0.080761  0.019480  0.020429 -0.055713  0.049596
  0.018344 -0.079632  0.029768  0.024470 -0.024971  0.038373  0.036005  0.083346
 -0.011596 -0.256735  0.069631  0.036552  0.075120 -0.085964 -0.110823  0.030199
  0.041983 -0.242905  0.133441 -0.206977  0.042596  0.072150  0.055400 -0.159852
  0.053077  0.083497 -0.034768  0.060759  0.038321 -0.010268 -0.004323 -0.004008
  0.292511  0.014896 -0.191169  0.038905  0.049151  0.039747  0.020188 -0.003689
 -0.004578 -0.039540 -0.003534 -0.002816  0.260669 -0.040523 -0.234656  0.044177
  0.049323  0.049440 -0.235632  0.044181  0.049872  0.049977 -0.711060  0.422443
  0.103129  0.003817  0.022944 -0.021047  0.070444  0.027066  0.034459  0.029245
  0.006111 -0.076487  0.002914  0.025243  0.070639 -0.080761  0.019480  0.020429
 -0.055713  0.049596  0.018344 -0.079632  0.029768  0.024470 -0.024971  0.038373
  0.036005  0.083346 -0.011596 -0.256735  0.069631  0.036552  0.075120 -0.085964
 -0.110823  0.030199  0.041983 -0.242905  0.133441 -0.206977  0.042596  0.072150
  0.055400 -0.159852  0.053077  0.083497 -0.034768  0.060759  0.038321 -0.010268
 -0.004323 -0.004008  0.292511  0.014896 -0.191169  0.038905  0.049151  0.039747
  0.020188 -0.003689 -0.004578 -0.039540 -0.003534 -0.002816  0.260669 -0.040523
 -0.234656  0.044177  0.049323  0.049440 -0.235632  0.044181  0.049872  0.049977
 -0.711060  0.422443  0.103129  0.003817  0.022944 -0.021047  0.070444  0.027066
  0.034459  0.029245  0.006111 -0.076487  0.002914  0.025243  0.070639 -0.080761
  0.019480  0.020429 -0.055713  0.049596  0.018344 -0.079632  0.029768  0.024470
 -0.024971  0.038373  0.036005  0.083346 -0.011596 -0.256735  0.069631  0.036552
  0.075120 -0.085964 -0.110823  0.030199  0.041983 -0.242905  0.133441 -0.206977
  0.042596  0.072150  0.055400 -0.159852  0.053077  0.083497 -0.034768  0.060759
  0.038321 -0.010268 -0.004323 -0.004008  0.292511  0.014896 -0.191169  0.038905
  0.049151  0.039747  0.020188 -0.003689 -0.004578 -0.039540 -0.003534 -0.002816
  0.260669 -0.040523 -0.234656  0.044177  0.049323  0.049440 -0.235632  0.044181
  0.049872  0.049977 -0.711060  0.422443  0.103129  0.003817  0.022944 -0.021047
  0.070444  0.027066  0.034459  0.029245  0.006111 -0.076487  0.002914  0.025243
  0.070639 -0.080761  0.019480  0.020429 -0.055713  0.049596  0.018344 -0.079632
  0.029768  0.024470 -0.024971  0.038373  0.036005  0.083346 -0.011596 -0.256735
  0.069631  0.036552  0.075120 -0.085964 -0.110823  0.030199  0.041983 -0.242905
  0.133441 -0.206977  0.042596  0.072150  0.055400 -0.159852  0.053077  0.083497
 -0.034768  0.060759  0.038321 -0.010268 -0.004323 -0.004008  0.292511  0.014896
 -0.191169  0.038905  0.049151  0.039747  0.020188 -0.003689 -0.004578 -0.039540
 -0.003534 -0.002816  0.260669 -0.040523 -0.234656  0.044177  0.049323  0.049440
 -0.235632  0.044181  0.049872  0.049977 -0.711060  0.422443  0.103129  0.003817
  0.022944 -0.021047  0.070444  0.027066  0.034459  0.029245  0.006111 -0.076487
  0.002914  0.025243  0.070639 -0.080761  0.019480  0.020429 -0.055713  0.049596
  0.018344 -0.079632  0.029768  0.024470 -0.024971  0.038373  0.036005  0.083346
 -0.011596 -0.256735  0.069631  0.036552  0.075120 -0.085964 -0.110823  0.030199
  0.041983 -0.242905  0.133441 -0.206977  0.042596  0.072150  0.055400 -0.159852
  0.053077  0.083497 -0.034768  0.060759  0.038321 -0.010268 -0.004323 -0.004008
  0.292511  0.014896 -0.191169  0.038905  0.049151  0.039747  0.020188 -0.003689
 -0.004578 -0.039540 -0.003534 -0.002816  0.260669 -0.040523 -0.234656  0.044177
  0.049323  0.049440 -0.235632  0.044181  0.049872  0.049977 -0.711060  0.422443
  0.103129  0.003817  0.022944 -0.021047  0.070444  0.027066  0.034459  0.029245
  0.006111 -0.076487  0.002914  0.025243  0.070639 -0.080761  0.019480  0.020429
 -0.055713  0.049596  0.018344 -0.079632  0.029768  0.024470 -0.024971  0.038373
  0.036005  0.083346 -0.011596 -0.256735  0.069631  0.036552  0.075120 -0.085964
 -0.110823  0.030199  0.041983 -0.242905  0.133441 -0.206977  0.042596  0.072150
  0.055400 -0.159852  0.053077  0.083497 -0.034768  0.060759  0.038321 -0.010268
 -0.004323 -0.004008  0.292511  0.014896 -0.191169  0.038905  0.049151  0.039747
  0.020188 -0.003689 -0.004578 -0.039540 -0.003534 -0.002816  0.260669 -0.040523
 -0.234656  0.044177  0.049323  0.049440 -0.235632  0.044181  0.049872  0.049977
 -0.711060  0.422443  0.103129  0.003817  0.022944 -0.021047  0.070444  0.027066
  0.034459  0.029245  0.006111 -0.076487  0.002914  0.025243  0.070639 -0.080761
  0.019480  0.020429 -0.055713  0.049596  0.018344 -0.079632  0.029768  0.024470
 -0.024971  0.038373  0.036005  0.083346 -0.011596 -0.256735  0.069631  0.036552
  0.075120 -0.085964 -0.110823  0.030199  0.041983 -0.242905  0.133441 -0.206977
  0.042596  0.072150  0.055400 -0.159852  0.053077  0.083497 -0.034768  0.060759
  0.038321 -0.010268 -0.004323 -0.004008  0.292511  0.014896 -0.191169  0.038905
  0.049151  0.039747  0.020188 -0.003689 -0.004578 -0.039540 -0.003534 -0.002816
  0.260669 -0.040523 -0.234656  0.044177  0.049323  0.049440 -0.235632  0.044181
  0.049872  0.049977 -0.711060  0.422443  0.103129  0.003817  0.022944 -0.021047
  0.070444  0.027066  0.034459  0.029245  0.006111 -0.076487  0.002914  0.025243
  0.070639 -0.080761  0.019480  0.020429 -0.055713  0.049596  0.018344 -0.079632
  0.029768  0.024470 -0.024971  0.038373  0.036005  0.083346 -0.011596 -0.256735
  0.069631  0.036552  0.075120 -0.085964 -0.110823  0.030199  0.041983 -0.242905
  0.133441 -0.206977  0.042596  0.072150  0.055400 -0.159852  0.053077  0.083497
 -0.034768  0.060759  0.038321 -0.010268 -0.004323 -0.004008  0.292511  0.014896
 -0.191169  0.038905  0.049151  0.039747  0.020188 -0.003689 -0.004578 -0.039540
 -0.003534 -0.002816  0.260669 -0.040523 -0.234656  0.044177  0.049323  0.049440
 -0.235632  0.044181  0.049872  0.049977 -0.711060  0.422443  0.103129  0.003817
  0.022944 -0.021047  0.070444  0.027066  0.034459  0.029245  0.006111 -0.076487
  0.002914  0.025243  0.070639 -0.080761  0.019480  0.020429 -0.055713  0.049596
  0.018344 -0.079632  0.029768  0.024470 -0.024971  0.038373  0.036005  0.083346
 -0.011596 -0.256735  0.069631  0.036552  0.075120 -0.085964 -0.110823  0.030199
  0.041983 -0.242905  0.133441 -0.206977  0.042596  0.072150  0.055400 -0.159852
  0.053077  0.083497 -0.034768  0.060759  0.038321 -0.010268 -0.004323 -0.004008
  0.292511  0.014896 -0.191169  0.038905  0.049151  0.039747  0.020188 -0.003689
 -0.004578 -0.039540 -0.003534 -0.002816  0.260669 -0.040523 -0.234656  0.044177
  0.049323  0.049440 -0.235632  0.044181  0.049872  0.049977 -0.711060  0.422443
  0.103129  0.003817  0.022944 -0.021047  0.070444  0.027066  0.034459  0.029245
  0.006111 -0.076487  0.002914  0.025243  0.070639 -0.080761  0.019480  0.020429
 -0.055713  0.049596  0.018344 -0.079632  0.029768  0.024470 -0.024971  0.038373
  0.036005  0.083346 -0.011596 -0.256735  0.069631  0.036552  0.075120 -0.085964
 -0.110823  0.030199  0.041983 -0.242905  0.133441 -0.206977  0.042596  0.072150
  0.055400 -0.159852  0.053077  0.083497 -0.034768  0.060759  0.038321 -0.010268
 -0.004323 -0.004008  0.292511  0.014896 -0.191169  0.038905  0.049151  0.039747
  0.020188 -0.003689 -0.004578 -0.039540 -0.003534 -0.002816  0.260669 -0.040523
 -0.234656  0.044177  0.049323  0.049440 -0.235632  0.044181  0.049872  0.049977
 -0.711060  0.422443  0.103129  0.003817  0.022944 -0.021047  0.070444  0.027066
  0.034459  0.029245  0.006111 -0.076487  0.002914  0.025243  0.070639 -0.080761
  0.019480  0.020429 -0.055713  0.049596  0.018344 -0.079632  0.029768  0.024470
 -0.024971  0.038373  0.036005  0.083346 -0.011596 -0.256735  0.069631  0.036552
  0.075120 -0.085964 -0.110823  0.030199  0.041983 -0.242905  0.133441 -0.206977
  0.042596  0.072150  0.055400 -0.159852  0.053077  0.083497 -0.034768  0.060759
  0.038321 -0.010268 -0.004323 -0.004008  0.292511  0.014896 -0.191169  0.038905
  0.049151  0.039747  0.020188 -0.003689 -0.004578 -0.039540 -0.003534 -0.002816
  0.260669 -0.040523 -0.234656  0.044177  0.049323  0.049440 -0.235632  0.044181
  0.049872  0.049977 -0.711060  0.422443  0.103129  0.003817  0.022944 -0.021047
  0.070444  0.027066  0.034459  0.029245  0.006111 -0.076487  0.002914  0.025243
  0.070639 -0.080761  0.019480  0.020429 -0.055713  0.049596  0.018344 -0.079632
  0.029768  0.024470 -0.024971  0.038373  0.036005  0.083346 -0.011596 -0.256735
  0.069631  0.036552  0.075120 -0.085964 -0.110823  0.030199  0.041983 -0.242905
  0.133441 -0.206977  0.042596  0.072150  0.055400 -0.159852  0.053077  0.083497
 -0.034768  0.060759  0.038321 -0.010268 -0.004323 -0.004008  0.292511  0.014896
 -0.191169  0.038905  0.049151  0.039747  0.020188 -0.003689 -0.004578 -0.039540
 -0.003534 -0.002816  0.260669 -0.040523 -0.234656  0.044177  0.049323  0.049440
 -0.235632  0.044181  0.049872  0.049977 -0.711060  0.422443  0.103129  0.003817
  0.022944 -0.021047  0.070444  0.027066  0.034459  0.029245  0.006111 -0.076487
  0.002914  0.025243  0.070639 -0.080761  0.019480  0.020429 -0.055713  0.049596
  0.018344 -0.079632  0.029768  0.024470 -0.024971  0.038373  0.036005  0.083346
 -0.011596 -0.256735  0.069631  0.036552  0.075120 -0.085964 -0.110823  0.030199
  0.041983 -0.242905  0.133441 -0.206977  0.042596  0.072150  0.055400 -0.159852
  0.053077  0.083497 -0.034768  0.060759  0.038321 -0.010268 -0.004323 -0.004008
  0.292511  0.014896 -0.191169  0.038905  0.049151  0.039747  0.020188 -0.003689
 -0.004578 -0.039540 -0.003534 -0.002816  0.260669 -0.040523 -0.234656  0.044177
  0.049323  0.049440 -0.235632  0.044181  0.049872  0.049977 -0.711060  0.422443
  0.103129  0.003817  0.022944 -0.021047  0.070444  0.027066  0.034459  0.029245
  0.006111 -0.076487  0.002914  0.025243  0.070639 -0.080761  0.019480  0.020429
 -0.055713  0.049596  0.018344 -0.079632  0.029768  0.024470 -0.024971  0.038373
  0.036005  0.083346 -0.011596 -0.256735  0.069631  0.036552  0.075120 -0.085964
 -0.110823  0.030199  0.041983 -0.242905  0.133441 -0.206977  0.042596  0.072150
  0.055400 -0.159852  0.053077  0.083497 -0.034768  0.060759  0.038321 -0.010268
 -0.004323 -0.004008  0.292511  0.014896 -0.191169  0.038905  0.049151  0.039747
  0.020188 -0.003689 -0.004578 -0.039540 -0.003534 -0.002816  0.260669 -0.040523
 -0.234656  0.044177  0.049323  0.049440 -0.235632  0.044181  0.049872  0.049977
 -0.711060  0.422443  0.103129  0.003817  0.022944 -0.021047  0.070444  0.027066
  0.034459  0.029245  0.006111 -0.076487  0.002914  0.025243  0.070639 -0.080761
  0.019480  0.020429 -0.055713  0.049596  0.018344 -0.079632  0.029768  0.024470
 -0.024971  0.038373  0.036005  0.083346 -0.011596 -0.256735  0.069631  0.036552
  0.075120 -0.085964 -0.110823  0.030199  0.041983 -0.242905  0.133441 -0.206977
  0.042596  0.072150  0.055400 -0.159852  0.053077  0.083497 -0.034768  0.060759
  0.038321 -0.010268 -0.004323 -0.004008  0.292511  0.014896 -0.191169  0.038905
  0.049151  0.039747  0.020188 -0.003689 -0.004578 -0.039540 -0.003534 -0.002816
  0.260669 -0.040523 -0.234656  0.044177  0.049323  0.049440 -0.235632  0.044181
  0.049872  0.049977 -0.711060  0.422443  0.103129  0.003817  0.022944 -0.021047
  0.070444  0.027066  0.034459  0.029245  0.006111 -0.076487  0.002914  0.025243
  0.070639 -0.080761  0.019480  0.020429 -0.055713  0.049596  0.018344 -0.079632
  0.029768  0.024470 -0.024971  0.038373  0.036005  0.083346 -0.011596 -0.256735
  0.069631  0.036552  0.075120 -0.085964 -0.110823  0.030199  0.041983 -0.242905
  0.133441 -0.206977  0.042596  0.072150  0.055400 -0.159852  0.053077  0.083497
 -0.034768  0.060759  0.038321 -0.010268 -0.004323 -0.004008  0.292511  0.014896
 -0.191169  0.038905  0.049151  0.039747  0.020188 -0.003689 -0.004578 -0.039540
 -0.003534 -0.002816  0.260669 -0.040523 -0.234656  0.044177  0.049323  0.049440
 -0.235632  0.044181  0.049872  0.049977 -0.711060  0.422443  0.103129  0.003817
  0.022944 -0.021047  0.070444  0.027066  0.034459  0.029245  0.006111 -0.076487
  0.002914  0.025243  0.070639 -0.080761  0.019480  0.020429 -0.055713  0.049596
  0.018344 -0.079632  0.029768  0.024470 -0.024971  0.038373  0.036005  0.083346
 -0.011596 -0.256735  0.069631  0.036552  0.075120 -0.085964 -0.110823  0.030199
  0.041983 -0.242905  0.133441 -0.206977  0.042596  0.072150  0.055400 -0.159852
  0.053077  0.083497 -0.034768  0.060759  0.038321 -0.010268 -0.004323 -0.004008
  0.292511  0.014896 -0.191169  0.038905  0.049151  0.039747  0.020188 -0.003689
 -0.004578 -0.039540 -0.003534 -0.002816  0.260669 -0.040523 -0.234656  0.044177
  0.049323  0.049440 -0.235632  0.044181  0.049872  0.049977 -0.711060  0.422443
  0.103129  0.003817  0.022944 -0.021047  0.070444  0.027066  0.034459  0.029245
  0.006111 -0.076487  0.002914  0.025243  0.070639 -0.080761  0.019480  0.020429
 -0.055713  0.049596  0.018344 -0.079632  0.029768  0.024470 -0.024971  0.038373
  0.036005  0.083346 -0.011596 -0.256735  0.069631  0.036552  0.075120 -0.085964
 -0.110823  0.030199  0.041983 -0.242905  0.133441 -0.206977  0.042596  0.072150
  0.055400 -0.159852  0.053077  0.083497 -0.034768  0.060759  0.038321 -0.010268
 -0.004323 -0.004008  0.292511  0.014896 -0.191169  0.038905  0.049151  0.039747
  0.020188 -0.003689 -0.004578 -0.039540 -0.003534 -0.002816  0.260669 -0.040523
 -0.234656  0.044177  0.049323  0.049440 -0.235632  0.044181  0.049872  0.049977
 -0.711060  0.422443  0.103129  0.003817  0.022944 -0.021047  0.070444  0.027066
  0.034459  0.029245  0.006111 -0.076487  0.002914  0.025243  0.070639 -0.080761
  0.019480  0.020429 -0.055713  0.049596  0.018344 -0.079632  0.029768  0.024470
 -0.024971  0.038373  0.036005  0.083346 -0.011596 -0.256735  0.069631  0.036552
  0.075120 -0.085964 -0.110823  0.030199  0.041983 -0.242905  0.133441 -0.206977
  0.042596  0.072150  0.055400 -0.159852  0.053077  0.083497 -0.034768  0.060759
  0.038321 -0.010268 -0.004323 -0.004008  0.292511  0.014896 -0.191169  0.038905
  0.049151  0.039747  0.020188 -0.003689 -0.004578 -0.039540 -0.003534 -0.002816
  0.260669 -0.040523 -0.234656  0.044177  0.049323  0.049440 -0.235632  0.044181
  0.049872  0.049977 -0.711060  0.422443  0.103129  0.003817  0.022944 -0.021047
  0.070444  0.027066  0.034459  0.029245  0.006111 -0.076487  0.002914  0.025243
  0.070639 -0.080761  0.019480  0.020429 -0.055713  0.049596  0.018344 -0.079632
  0.029768  0.024470 -0.024971  0.038373  0.036005  0.083346 -0.011596 -0.256735
  0.069631  0.036552  0.075120 -0.085964 -0.110823  0.030199  0.041983 -0.242905
  0.133441 -0.206977  0.042596  0.072150  0.055400 -0.159852  0.053077  0.083497
 -0.034768  0.060759  0.038321 -0.010268 -0.004323 -0.004008  0.292511  0.014896
 -0.191169  0.038905  0.049151  0.039747  0.020188 -0.003689 -0.004578 -0.039540
 -0.003534 -0.002816  0.260669 -0.040523 -0.234656  0.044177  0.049323  0.049440
 -0.235632  0.044181  0.049872  0.049977 -0.711060  0.422443  0.103129  0.003817
  0.022944 -0.021047  0.070444  0.027066  0.034459  0.029245  0.006111 -0.076487
  0.002914  0.025243  0.070639 -0.080761  0.019480  0.020429 -0.055713  0.049596
  0.018344 -0.079632  0.029768  0.024470 -0.024971  0.038373  0.036005  0.083346
 -0.011596 -0.256735  0.069631  0.036552  0.075120 -0.085964 -0.110823  0.030199
  0.041983 -0.242905  0.133441 -0.206977  0.042596  0.072150  0.055400 -0.159852
  0.053077  0.083497 -0.034768  0.060759  0.038321 -0.010268 -0.004323 -0.004008
  0.292511  0.014896 -0.191169  0.038905  0.049151  0.039747  0.020188 -0.003689
 -0.004578 -0.039540 -0.003534 -0.002816  0.260669 -0.040523 -0.234656  0.044177
  0.049323  0.049440 -0.235632  0.044181  0.049872  0.049977 -0.711060  0.422443
  0.103129  0.003817  0.022944 -0.021047  0.070444  0.027066  0.034459  0.029245
  0.006111 -0.076487  0.002914  0.025243  0.070639 -0.080761  0.019480  0.020429
 -0.055713  0.049596  0.018344 -0.079632  0.029768  0.024470 -0.024971  0.038373
  0.036005  0.083346 -0.011596 -0.256735  0.069631  0.036552  0.075120 -0.085964
 -0.110823  0.030199  0.041983 -0.242905  0.133441 -0.206977  0.042596  0.072150
  0.055400 -0.159852  0.053077  0.083497 -0.034768  0.060759  0.038321 -0.010268
 -0.004323 -0.004008  0.292511  0.014896 -0.191169  0.038905  0.049151  0.039747
  0.020188 -0.003689 -0.004578 -0.039540 -0.003534 -0.002816  0.260669 -0.040523
 -0.234656  0.044177  0.049323  0.049440 -0.235632  0.044181  0.049872  0.049977
 -0.711060  0.422443  0.103129  0.003817  0.022944 -0.021047  0.070444  0.027066
  0.034459  0.029245  0.006111 -0.076487  0.002914  0.025243  0.070639 -0.080761
  0.019480  0.020429 -0.055713  0.049596  0.018344 -0.079632  0.029768  0.024470
 -0.024971  0.038373  0.036005  0.083346 -0.011596 -0.256735  0.069631  0.036552
  0.075120 -0.085964 -0.110823  0.030199  0.041983 -0.242905  0.133441 -0.206977
  0.042596  0.072150  0.055400 -0.159852  0.053077  0.083497 -0.034768  0.060759
  0.038321 -0.010268 -0.004323 -0.004008  0.292511  0.014896 -0.191169  0.038905
  0.049151  0.039747  0.020188 -0.003689 -0.004578 -0.039540 -0.003534 -0.002816
  0.260669 -0.040523 -0.234656  0.044177  0.049323  0.049440 -0.235632  0.044181
  0.049872  0.049977 -0.711060  0.422443  0.103129  0.003817  0.022944 -0.021047
  0.070444  0.027066  0.034459  0.029245  0.006111 -0.076487  0.002914  0.025243
  0.070639 -0.080761  0.019480  0.020429 -0.055713  0.049596  0.018344 -0.079632
  0.029768  0.024470 -0.024971  0.038373  0.036005  0.083346 -0.011596 -0.256735
  0.069631  0.036552  0.075120 -0.085964 -0.110823  0.030199  0.041983 -0.242905
  0.133441 -0.206977  0.042596  0.072150  0.055400 -0.159852  0.053077  0.083497
 -0.034768  0.060759  0.038321 -0.010268 -0.004323 -0.004008  0.292511  0.014896
 -0.191169  0.038905  0.049151  0.039747  0.020188 -0.003689 -0.004578 -0.039540
 -0.003534 -0.002816  0.260669 -0.040523 -0.234656  0.044177  0.049323  0.049440
 -0.235632  0.044181  0.049872  0.049977 -0.711060  0.422443  0.103129  0.003817
  0.022944 -0.021047  0.070444  0.027066  0.034459  0.029245  0.006111 -0.076487
  0.002914  0.025243  0.070639 -0.080761  0.019480  0.020429 -0.055713  0.049596
  0.018344 -0.079632  0.029768  0.024470 -0.024971  0.038373  0.036005  0.083346
 -0.011596 -0.256735  0.069631  0.036552  0.075120 -0.085964 -0.110823  0.030199
  0.041983 -0.242905  0.133441 -0.206977  0.042596  0.072150  0.055400 -0.159852
  0.053077  0.083497 -0.034768  0.060759  0.038321 -0.010268 -0.004323 -0.004008
  0.292511  0.014896 -0.191169  0.038905  0.049151  0.039747  0.020188 -0.003689
 -0.004578 -0.039540 -0.003534 -0.002816  0.260669 -0.040523 -0.234656  0.044177
  0.049323  0.049440 -0.235632  0.044181  0.049872  0.049977 -0.711060  0.422443
  0.103129  0.003817  0.022944 -0.021047  0.070444  0.027066  0.034459  0.029245
  0.006111 -0.076487  0.002914  0.025243  0.070639 -0.080761  0.019480  0.020429
 -0.055713  0.049596  0.018344 -0.079632  0.029768  0.024470 -0.024971  0.038373
  0.036005  0.083346 -0.011596 -0.256735  0.069631  0.036552  0.075120 -0.085964
 -0.110823  0.030199  0.041983 -0.242905  0.133441 -0.206977  0.042596  0.072150
  0.055400 -0.159852  0.053077  0.083497 -0.034768  0.060759  0.038321 -0.010268
 -0.004323 -0.004008  0.292511  0.014896 -0.191169  0.038905  0.049151  0.039747
  0.020188 -0.003689 -0.004578 -0.039540 -0.003534 -0.002816  0.260669 -0.040523
 -0.234656  0.044177  0.049323  0.049440 -0.235632  0.044181  0.049872  0.049977
 -0.711060  0.422443  0.103129  0.003817  0.022944 -0.021047  0.070444  0.027066
  0.034459  0.029245  0.006111 -0.076487  0.002914  0.025243  0.070639 -0.080761
  0.019480  0.020429 -0.055713  0.049596  0.018344 -0.079632  0.029768  0.024470
 -0.024971  0.038373  0.036005  0.083346 -0.011596 -0.256735  0.069631  0.036552
  0.075120 -0.085964 -0.110823  0.030199  0.041983 -0.242905  0.133441 -0.206977
  0.042596  0.072150  0.055400 -0.159852  0.053077  0.083497 -0.034768  0.060759
  0.038321 -0.010268 -0.004323 -0.004008  0.292511  0.014896 -0.191169  0.038905
  0.049151  0.039747  0.020188 -0.003689 -0.004578 -0.039540 -0.003534 -0.002816
  0.260669 -0.040523 -0.234656  0.044177  0.049323  0.049440 -0.235632  0.044181
  0.049872  0.049977 -0.711060  0.422443  0.103129  0.003817  0.022944 -0.021047
  0.070444  0.027066  0.034459  0.029245  0.006111 -0.076487  0.002914  0.025243
  0.070639 -0.080761  0.019480  0.020429 -0.055713  0.049596  0.018344 -0.079632
  0.029768  0.024470 -0.024971  0.038373  0.036005  0.083346 -0.011596 -0.256735
  0.069631  0.036552  0.075120 -0.085964 -0.110823  0.030199  0.041983 -0.242905
  0.133441 -0.206977  0.042596  0.072150  0.055400 -0.159852  0.053077  0.083497
 -0.034768  0.060759  0.038321 -0.010268 -0.004323 -0.004008  0.292511  0.014896
 -0.191169  0.038905  0.049151  0.039747  0.020188 -0.003689 -0.004578 -0.039540
 -0.003534 -0.002816  0.260669 -0.040523 -0.234656  0.044177  0.049323  0.049440
 -0.235632  0.044181  0.049872  0.049977 -0.711060  0.422443  0.103129  0.003817
  0.022944 -0.021047  0.070444  0.027066  0.034459  0.029245  0.006111 -0.076487
  0.002914  0.025243  0.070639 -0.080761  0.019480  0.020429 -0.055713  0.049596
  0.018344 -0.079632  0.029768  0.024470 -0.024971  0.038373  0.036005  0.083346
 -0.011596 -0.256735  0.069631  0.036552  0.075120 -0.085964 -0.110823  0.030199
  0.041983 -0.242905  0.133441 -0.206977  0.042596  0.072150  0.055400 -0.159852
  0.053077  0.083497 -0.034768  0.060759  0.038321 -0.010268 -0.004323 -0.004008
  0.292511  0.014896 -0.191169  0.038905  0.049151  0.039747  0.020188 -0.003689
 -0.004578 -0.039540 -0.003534 -0.002816  0.260669 -0.040523 -0.234656  0.044177
  0.049323  0.049440 -0.235632  0.044181  0.049872  0.049977 -0.711060  0.422443
  0.103129  0.003817  0.022944 -0.021047  0.070444  0.027066  0.034459  0.029245
  0.006111 -0.076487  0.002914  0.025243  0.070639 -0.080761  0.019480  0.020429
 -0.055713  0.049596  0.018344 -0.079632  0.029768  0.024470 -0.024971  0.038373
  0.036005  0.083346 -0.011596 -0.256735  0.069631  0.036552  0.075120 -0.085964
 -0.110823  0.030199  0.041983 -0.242905  0.133441 -0.206977  0.042596  0.072150
  0.055400 -0.159852  0.053077  0.083497 -0.034768  0.060759  0.038321 -0.010268
 -0.004323 -0.004008  0.292511  0.014896 -0.191169  0.038905  0.049151  0.039747
  0.020188 -0.003689 -0.004578 -0.039540 -0.003534 -0.002816  0.260669 -0.040523
 -0.234656  0.044177  0.049323  0.049440 -0.235632  0.044181  0.049872  0.049977
 -0.711060  0.422443  0.103129  0.003817  0.022944 -0.021047  0.070444  0.027066
  0.034459  0.029245  0.006111 -0.076487  0.002914  0.025243  0.070639 -0.080761
  0.019480  0.020429 -0.055713  0.049596  0.018344 -0.079632  0.029768  0.024470
 -0.024971  0.038373  0.036005  0.083346 -0.011596 -0.256735  0.069631  0.036552
  0.075120 -0.085964 -0.110823  0.030199  0.041983 -0.242905  0.133441 -0.206977
  0.042596  0.072150  0.055400 -0.159852  0.053077  0.083497 -0.034768  0.060759
  0.038321 -0.010268 -0.004323 -0.004008  0.292511  0.014896 -0.191169  0.038905
  0.049151  0.039747  0.020188 -0.003689 -0.004578 -0.039540 -0.003534 -0.002816
  0.260669 -0.040523 -0.234656  0.044177  0.049323  0.049440 -0.235632  0.044181
  0.049872  0.049977 -0.711060  0.422443  0.103129  0.003817  0.022944 -0.021047
  0.070444  0.027066  0.034459  0.029245  0.006111 -0.076487  0.002914  0.025243
  0.070639 -0.080761  0.019480  0.020429 -0.055713  0.049596  0.018344 -0.079632
  0.029768  0.024470 -0.024971  0.038373  0.036005  0.083346 -0.011596 -0.256735
  0.069631  0.036552  0.075120 -0.085964 -0.110823  0.030199  0.041983 -0.242905
  0.133441 -0.206977  0.042596  0.072150  0.055400 -0.159852  0.053077  0.083497
 -0.034768  0.060759  0.038321 -0.010268 -0.004323 -0.004008  0.292511  0.014896
 -0.191169  0.038905  0.049151  0.039747  0.020188 -0.003689 -0.004578 -0.039540
 -0.003534 -0.002816  0.260669 -0.040523 -0.234656  0.044177  0.049323  0.049440
 -0.235632  0.044181  0.049872  0.049977 -0.711060  0.422443  0.103129  0.003817
  0.022944 -0.021047  0.070444  0.027066  0.034459  0.029245  0.006111 -0.076487
  0.002914  0.025243  0.070639 -0.080761  0.019480  0.020429 -0.055713  0.049596
  0.018344 -0.079632  0.029768  0.024470 -0.024971  0.038373  0.036005  0.083346
 -0.011596 -0.256735  0.069631  0.036552  0.075120 -0.085964 -0.110823  0.030199
  0.041983 -0.242905  0.133441 -0.206977  0.042596  0.072150  0.055400 -0.159852
  0.053077  0.083497 -0.034768  0.060759  0.038321 -0.010268 -0.004323 -0.004008
  0.292511  0.014896 -0.191169  0.038905  0.049151  0.039747  0.020188 -0.003689
 -0.004578 -0.039540 -0.003534 -0.002816  0.260669 -0.040523 -0.234656  0.044177
  0.049323  0.049440 -0.235632  0.044181  0.049872  0.049977 -0.711060  0.422443
  0.103129  0.003817  0.022944 -0.021047  0.070444  0.027066  0.034459  0.029245
  0.006111 -0.076487  0.002914  0.025243  0.070639 -0.080761  0.019480  0.020429
 -0.055713  0.049596  0.018344 -0.079632  0.029768  0.024470 -0.024971  0.038373
  0.036005  0.083346 -0.011596 -0.256735  0.069631  0.036552  0.075120 -0.085964
 -0.110823  0.030199  0.041983 -0.242905  0.133441 -0.206977  0.042596  0.072150
  0.055400 -0.159852  0.053077  0.083497 -0.034768  0.060759  0.038321 -0.010268
 -0.004323 -0.004008  0.292511  0.014896 -0.191169  0.038905  0.049151  0.039747
  0.020188 -0.003689 -0.004578 -0.039540 -0.003534 -0.002816  0.260669 -0.040523
 -0.234656  0.044177  0.049323  0.049440 -0.235632  0.044181  0.049872  0.049977
 -0.711060  0.422443  0.103129  0.003817  0.022944 -0.021047  0.070444  0.027066
  0.034459  0.029245  0.006111 -0.076487  0.002914  0.025243  0.070639 -0.080761
  0.019480  0.020429 -0.055713  0.049596  0.018344 -0.079632  0.029768  0.024470
 -0.024971  0.038373  0.036005  0.083346 -0.011596 -0.256735  0.069631  0.036552
  0.075120 -0.085964 -0.110823  0.030199  0.041983 -0.242905  0.133441 -0.206977
  0.042596  0.072150  0.055400 -0.159852  0.053077  0.083497 -0.034768  0.060759
  0.038321 -0.010268 -0.004323 -0.004008  0.292511  0.014896 -0.191169  0.038905
  0.049151  0.039747  0.020188 -0.003689 -0.004578 -0.039540 -0.003534 -0.002816
  0.260669 -0.040523 -0.234656  0.044177  0.049323  0.049440 -0.235632  0.044181
  0.049872  0.049977 -0.711060  0.422443  0.103129  0.003817  0.022944 -0.021047
  0.070444  0.027066  0.034459  0.029245  0.006111 -0.076487  0.002914  0.025243
  0.070639 -0.080761  0.019480  0.020429 -0.055713  0.049596  0.018344 -0.079632
  0.029768  0.024470 -0.024971  0.038373  0.036005  0.083346 -0.011596 -0.256735
  0.069631  0.036552  0.075120 -0.085964 -0.110823  0.030199  0.041983 -0.242905
  0.133441 -0.206977  0.042596  0.072150  0.055400 -0.159852  0.053077  0.083497
 -0.034768  0.060759  0.038321 -0.010268 -0.004323 -0.004008  0.292511  0.014896
 -0.191169  0.038905  0.049151  0.039747  0.020188 -0.003689 -0.004578 -0.039540
 -0.003534 -0.002816  0.260669 -0.040523 -0.234656  0.044177  0.049323  0.049440
 -0.235632  0.044181  0.049872  0.049977 -0.711060  0.422443  0.103129  0.003817
  0.022944 -0.021047  0.070444  0.027066  0.034459  0.029245  0.006111 -0.076487
  0.002914  0.025243  0.070639 -0.080761  0.019480  0.020429 -0.055713  0.049596
  0.018344 -0.079632  0.029768  0.024470 -0.024971  0.038373  0.036005  0.083346
 -0.011596 -0.256735  0.069631  0.036552  0.075120 -0.085964 -0.110823  0.030199
  0.041983 -0.242905  0.133441 -0.206977  0.042596  0.072150  0.055400 -0.159852
  0.053077  0.083497 -0.034768  0.060759  0.038321 -0.010268 -0.004323 -0.004008
  0.292511  0.014896 -0.191169  0.038905  0.049151  0.039747  0.020188 -0.003689
 -0.004578 -0.039540 -0.003534 -0.002816  0.260669 -0.040523 -0.234656  0.044177
  0.049323  0.049440 -0.235632  0.044181  0.049872  0.049977 -0.711060  0.422443
  0.103129  0.003817  0.022944 -0.021047  0.070444  0.027066  0.034459  0.029245
  0.006111 -0.076487  0.002914  0.025243  0.070639 -0.080761  0.019480  0.020429
 -0.055713  0.049596  0.018344 -0.079632  0.029768  0.024470 -0.024971  0.038373
  0.036005  0.083346 -0.011596 -0.256735  0.069631  0.036552  0.075120 -0.085964
 -0.110823  0.030199  0.041983 -0.242905  0.133441 -0.206977  0.042596  0.072150
  0.055400 -0.159852  0.053077  0.083497 -0.034768  0.060759  0.038321 -0.010268
 -0.004323 -0.004008  0.292511  0.014896 -0.191169  0.038905  0.049151  0.039747
  0.020188 -0.003689 -0.004578 -0.039540 -0.003534 -0.002816  0.260669 -0.040523
 -0.234656  0.044177  0.049323  0.049440 -0.235632  0.044181  0.049872  0.049977
 -0.711060  0.422443  0.103129  0.003817  0.022944 -0.021047  0.070444  0.027066
  0.034459  0.029245  0.006111 -0.076487  0.002914  0.025243  0.070639 -0.080761
  0.019480  0.020429 -0.055713  0.049596  0.018344 -0.079632  0.029768  0.024470
 -0.024971  0.038373  0.036005  0.083346 -0.011596 -0.256735  0.069631  0.036552
  0.075120 -0.085964 -0.110823  0.030199  0.041983 -0.242905  0.133441 -0.206977
  0.042596  0.072150  0.055400 -0.159852  0.053077  0.083497 -0.034768  0.060759
  0.038321 -0.010268 -0.004323 -0.004008  0.292511  0.014896 -0.191169  0.038905
  0.049151  0.039747  0.020188 -0.003689 -0.004578 -0.039540 -0.003534 -0.002816
  0.260669 -0.040523 -0.234656  0.044177  0.049323  0.049440 -0.235632  0.044181
  0.049872  0.049977 -0.711060  0.422443  0.103129  0.003817  0.022944 -0.021047
  0.070444  0.027066  0.034459  0.029245  0.006111 -0.076487  0.002914  0.025243
  0.070639 -0.080761  0.019480  0.020429 -0.055713  0.049596  0.018344 -0.079632
  0.029768  0.024470 -0.024971  0.038373  0.036005  0.083346 -0.011596 -0.256735
  0.069631  0.036552  0.075120 -0.085964 -0.110823  0.030199  0.041983 -0.242905
  0.133441 -0.206977  0.042596  0.072150  0.055400 -0.159852  0.053077  0.083497
 -0.034768  0.060759  0.038321 -0.010268 -0.004323 -0.004008  0.292511  0.014896
 -0.191169  0.038905  0.049151  0.039747  0.020188 -0.003689 -0.004578 -0.039540
 -0.003534 -0.002816  0.260669 -0.040523 -0.234656  0.044177  0.049323  0.049440
 -0.235632  0.044181  0.049872  0.049977 -0.711060  0.422443  0.103129  0.003817
  0.022944 -0.021047  0.070444  0.027066  0.034459  0.029245  0.006111 -0.076487
  0.002914  0.025243  0.070639 -0.080761  0.019480  0.020429 -0.055713  0.049596
  0.018344 -0.079632  0.029768  0.024470 -0.024971  0.038373  0.036005  0.083346
 -0.011596 -0.256735  0.069631  0.036552  0.075120 -0.085964 -0.110823  0.030199
  0.041983 -0.242905  0.133441 -0.206977  0.042596  0.072150  0.055400 -0.159852
  0.053077  0.083497 -0.034768  0.060759  0.038321 -0.010268 -0.004323 -0.004008
  0.292511  0.014896 -0.191169  0.038905  0.049151  0.039747  0.020188 -0.003689
 -0.004578 -0.039540 -0.003534 -0.002816  0.260669 -0.040523 -0.234656  0.044177
  0.049323  0.049440 -0.235632  0.044181  0.049872  0.049977 -0.711060  0.422443
  0.103129  0.003817  0.022944 -0.021047  0.070444  0.027066  0.034459  0.029245
  0.006111 -0.076487  0.002914  0.025243  0.070639 -0.080761  0.019480  0.020429
 -0.055713  0.049596  0.018344 -0.079632  0.029768  0.024470 -0.024971  0.038373
  0.036005  0.083346 -0.011596 -0.256735  0.069631  0.036552  0.075120 -0.085964
 -0.110823  0.030199  0.041983 -0.242905  0.133441 -0.206977  0.042596  0.072150
  0.055400 -0.159852  0.053077  0.083497 -0.034768  0.060759  0.038321 -0.010268
 -0.004323 -0.004008  0.292511  0.014896 -0.191169  0.038905  0.049151  0.039747
  0.020188 -0.003689 -0.004578 -0.039540 -0.003534 -0.002816  0.260669 -0.040523
 -0.234656  0.044177  0.049323  0.049440 -0.235632  0.044181  0.049872  0.049977
 -0.711060  0.422443  0.103129  0.003817  0.022944 -0.021047  0.070444  0.027066
  0.034459  0.029245  0.006111 -0.076487  0.002914  0.025243  0.070639 -0.080761
  0.019480  0.020429 -0.055713  0.049596  0.018344 -0.079632  0.029768  0.024470
 -0.024971  0.038373  0.036005  0.083346 -0.011596 -0.256735  0.069631  0.036552
  0.075120 -0.085964 -0.110823  0.030199  0.041983 -0.242905  0.133441 -0.206977
  0.042596  0.072150  0.055400 -0.159852  0.053077  0.083497 -0.034768  0.060759
  0.038321 -0.010268 -0.004323 -0.004008  0.292511  0.014896 -0.191169  0.038905
  0.049151  0.039747  0.020188 -0.003689 -0.004578 -0.039540 -0.003534 -0.002816
  0.260669 -0.040523 -0.234656  0.044177  0.049323  0.049440 -0.235632  0.044181
  0.049872  0.049977 -0.711060  0.422443  0.103129  0.003817  0.022944 -0.021047
  0.070444  0.027066  0.034459  0.029245  0.006111 -0.076487  0.002914  0.025243
  0.070639 -0.080761  0.019480  0.020429 -0.055713  0.049596  0.018344 -0.079632
  0.029768  0.024470 -0.024971  0.038373  0.036005  0.083346 -0.011596 -0.256735
  0.069631  0.036552  0.075120 -0.085964 -0.110823  0.030199  0.041983 -0.242905
  0.133441 -0.206977  0.042596  0.072150  0.055400 -0.159852  0.053077  0.083497
 -0.034768  0.060759  0.038321 -0.010268 -0.004323 -0.004008  0.292511  0.014896
 -0.191169  0.038905  0.049151  0.039747  0.020188 -0.003689 -0.004578 -0.039540
 -0.003534 -0.002816  0.260669 -0.040523 -0.234656  0.044177  0.049323  0.049440
 -0.235632  0.044181  0.049872  0.049977 -0.711060  0.422443  0.103129  0.003817
  0.022944 -0.021047  0.070444  0.027066  0.034459  0.029245  0.006111 -0.076487
  0.002914  0.025243  0.070639 -0.080761  0.019480  0.020429 -0.055713  0.049596
  0.018344 -0.079632  0.029768  0.024470 -0.024971  0.038373  0.036005  0.083346
 -0.011596 -0.256735  0.069631  0.036552  0.075120 -0.085964 -0.110823  0.030199
  0.041983 -0.242905  0.133441 -0.206977  0.042596  0.072150  0.055400 -0.159852
  0.053077  0.083497 -0.034768  0.060759  0.038321 -0.010268 -0.004323 -0.004008
  0.292511  0.014896 -0.191169  0.038905  0.049151  0.039747  0.020188 -0.003689
 -0.004578 -0.039540 -0.003534 -0.002816  0.260669 -0.040523 -0.234656  0.044177
  0.049323  0.049440 -0.235632  0.044181  0.049872  0.049977 -0.711060  0.422443
  0.103129  0.003817  0.022944 -0.021047  0.070444  0.027066  0.034459  0.029245
  0.006111 -0.076487  0.002914  0.025243  0.070639 -0.080761  0.019480  0.020429
 -0.055713  0.049596  0.018344 -0.079632  0.029768  0.024470 -0.024971  0.038373
  0.036005  0.083346 -0.011596 -0.256735  0.069631  0.036552  0.075120 -0.085964
 -0.110823  0.030199  0.041983 -0.242905  0.133441 -0.206977  0.042596  0.072150
  0.055400 -0.159852  0.053077  0.083497 -0.034768  0.060759  0.038321 -0.010268
 -0.004323 -0.004008  0.292511  0.014896 -0.191169  0.038905  0.049151  0.039747
  0.020188 -0.003689 -0.004578 -0.039540 -0.003534 -0.002816  0.260669 -0.040523
 -0.234656  0.044177  0.049323  0.049440 -0.235632  0.044181  0.049872  0.049977
 -0.711060  0.422443  0.103129  0.003817  0.022944 -0.021047  0.070444  0.027066
  0.034459  0.029245  0.006111 -0.076487  0.002914  0.025243  0.070639 -0.080761
  0.019480  0.020429 -0.055713  0.049596  0.018344 -0.079632  0.029768  0.024470
 -0.024971  0.038373  0.036005  0.083346 -0.011596 -0.256735  0.069631  0.036552
  0.075120 -0.085964 -0.110823  0.030199  0.041983 -0.242905  0.133441 -0.206977
  0.042596  0.072150  0.055400 -0.159852  0.053077  0.083497 -0.034768  0.060759
  0.038321 -0.010268 -0.004323 -0.004008  0.292511  0.014896 -0.191169  0.038905
  0.049151  0.039747  0.020188 -0.003689 -0.004578 -0.039540 -0.003534 -0.002816
  0.260669 -0.040523 -0.234656  0.044177  0.049323  0.049440 -0.235632  0.044181
  0.049872  0.049977 -0.711060  0.422443  0.103129  0.003817  0.022944 -0.021047
  0.070444  0.027066  0.034459  0.029245  0.006111 -0.076487  0.002914  0.025243
  0.070639 -0.080761  0.019480  0.020429 -0.055713  0.049596  0.018344 -0.079632
  0.029768  0.024470 -0.024971  0.038373  0.036005  0.083346 -0.011596 -0.256735
  0.069631  0.036552  0.075120 -0.085964 -0.110823  0.030199  0.041983 -0.242905
  0.133441 -0.206977  0.042596  0.072150  0.055400 -0.159852  0.053077  0.083497
 -0.034768  0.060759  0.038321 -0.010268 -0.004323 -0.004008  0.292511  0.014896
 -0.191169  0.038905  0.049151  0.039747  0.020188 -0.003689 -0.004578 -0.039540
 -0.003534 -0.002816  0.260669 -0.040523 -0.234656  0.044177  0.049323  0.049440
 -0.235632  0.044181  0.049872  0.049977 -0.711060  0.422443  0.103129  0.003817
  0.022944 -0.021047  0.070444  0.027066  0.034459  0.029245  0.006111 -0.076487
  0.002914  0.025243  0.070639 -0.080761  0.019480  0.020429 -0.055713  0.049596
  0.018344 -0.079632  0.029768  0.024470 -0.024971  0.038373  0.036005  0.083346
 -0.011596 -0.256735  0.069631  0.036552  0.075120 -0.085964 -0.110823  0.030199
  0.041983 -0.242905  0.133441 -0.206977  0.042596  0.072150  0.055400 -0.159852
  0.053077  0.083497 -0.034768  0.060759  0.038321 -0.010268 -0.004323 -0.004008
  0.292511  0.014896 -0.191169  0.038905  0.049151  0.039747  0.020188 -0.003689
 -0.004578 -0.039540 -0.003534 -0.002816  0.260669 -0.040523 -0.234656  0.044177
  0.049323  0.049440 -0.235632  0.044181  0.049872  0.049977 -0.711060  0.422443
  0.103129  0.003817  0.022944 -0.021047  0.070444  0.027066  0.034459  0.029245
  0.006111 -0.076487  0.002914  0.025243  0.070639 -0.080761  0.019480  0.020429
 -0.055713  0.049596  0.018344 -0.079632  0.029768  0.024470 -0.024971  0.038373
  0.036005  0.083346 -0.011596 -0.256735  0.069631  0.036552  0.075120 -0.085964
 -0.110823  0.030199  0.041983 -0.242905  0.133441 -0.206977  0.042596  0.072150
  0.055400 -0.159852  0.053077  0.083497 -0.034768  0.060759  0.038321 -0.010268
 -0.004323 -0.004008  0.292511  0.014896 -0.191169  0.038905  0.049151  0.039747
  0.020188 -0.003689 -0.004578 -0.039540 -0.003534 -0.002816  0.260669 -0.040523
 -0.234656  0.044177  0.049323  0.049440 -0.235632  0.044181  0.049872  0.049977
 -0.711060  0.422443  0.103129  0.003817  0.022944 -0.021047  0.070444  0.027066
  0.034459  0.029245  0.006111 -0.076487  0.002914  0.025243  0.070639 -0.080761
  0.019480  0.020429 -0.055713  0.049596  0.018344 -0.079632  0.029768  0.024470
 -0.024971  0.038373  0.036005  0.083346 -0.011596 -0.256735  0.069631  0.036552
  0.075120 -0.085964 -0.110823  0.030199  0.041983 -0.242905  0.133441 -0.206977
  0.042596  0.072150  0.055400 -0.159852  0.053077  0.083497 -0.034768  0.060759
  0.038321 -0.010268 -0.004323 -0.004008  0.292511  0.014896 -0.191169  0.038905
  0.049151  0.039747  0.020188 -0.003689 -0.004578 -0.039540 -0.003534 -0.002816
  0.260669 -0.040523 -0.234656  0.044177  0.049323  0.049440 -0.235632  0.044181
  0.049872  0.049977 -0.711060  0.422443  0.103129  0.003817  0.022944 -0.021047
  0.070444  0.027066  0.034459  0.029245  0.006111 -0.076487  0.002914  0.025243
  0.070639 -0.080761  0.019480  0.020429 -0.055713  0.049596  0.018344 -0.079632
  0.029768  0.024470 -0.024971  0.038373  0.036005  0.083346 -0.011596 -0.256735
  0.069631  0.036552  0.075120 -0.085964 -0.110823  0.030199  0.041983 -0.242905
  0.133441 -0.206977  0.042596  0.072150  0.055400 -0.159852  0.053077  0.083497
 -0.034768  0.060759  0.038321 -0.010268 -0.004323 -0.004008  0.292511  0.014896
 -0.191169  0.038905  0.049151  0.039747  0.020188 -0.003689 -0.004578 -0.039540
 -0.003534 -0.002816  0.260669 -0.040523 -0.234656  0.044177  0.049323  0.049440
 -0.235632  0.044181  0.049872  0.049977 -0.711060  0.422443  0.103129  0.003817
  0.022944 -0.021047  0.070444  0.027066  0.034459  0.029245  0.006111 -0.076487
  0.002914  0.025243  0.070639 -0.080761  0.019480  0.020429 -0.055713  0.049596
  0.018344 -0.079632  0.029768  0.024470 -0.024971  0.038373  0.036005  0.083346
 -0.011596 -0.256735  0.069631  0.036552  0.075120 -0.085964 -0.110823  0.030199
  0.041983 -0.242905  0.133441 -0.206977  0.042596  0.072150  0.055400 -0.159852
  0.053077  0.083497 -0.034768  0.060759  0.038321 -0.010268 -0.004323 -0.004008
  0.292511  0.014896 -0.191169  0.038905  0.049151  0.039747  0.020188 -0.003689
 -0.004578 -0.039540 -0.003534 -0.002816  0.260669 -0.040523 -0.234656  0.044177
  0.049323  0.049440 -0.235632  0.044181  0.049872  0.049977 -0.711060  0.422443
  0.103129  0.003817  0.022944 -0.021047  0.070444  0.027066  0.034459  0.029245
  0.006111 -0.076487  0.002914  0.025243  0.070639 -0.080761  0.019480  0.020429
 -0.055713  0.049596  0.018344 -0.079632  0.029768  0.024470 -0.024971  0.038373
  0.036005  0.083346 -0.011596 -0.256735  0.069631  0.036552  0.075120 -0.085964
 -0.110823  0.030199  0.041983 -0.242905  0.133441 -0.206977  0.042596  0.072150
  0.055400 -0.159852  0.053077  0.083497 -0.034768  0.060759  0.038321 -0.010268
 -0.004323 -0.004008  0.292511  0.014896 -0.191169  0.038905  0.049151  0.039747
  0.020188 -0.003689 -0.004578 -0.039540 -0.003534 -0.002816  0.260669 -0.040523
 -0.234656  0.044177  0.049323  0.049440 -0.235632  0.044181  0.049872  0.049977
 -0.711060  0.422443  0.103129  0.003817  0.022944 -0.021047  0.070444  0.027066
  0.034459  0.029245  0.006111 -0.076487  0.002914  0.025243  0.070639 -0.080761
  0.019480  0.020429 -0.055713  0.049596  0.018344 -0.079632  0.029768  0.024470
 -0.024971  0.038373  0.036005  0.083346 -0.011596 -0.256735  0.069631  0.036552
  0.075120 -0.085964 -0.110823  0.030199  0.041983 -0.242905  0.133441 -0.206977
  0.042596  0.072150  0.055400 -0.159852  0.053077  0.083497 -0.034768  0.060759
  0.038321 -0.010268 -0.004323 -0.004008  0.292511  0.014896 -0.191169  0.038905
  0.049151  0.039747  0.020188 -0.003689 -0.004578 -0.039540 -0.003534 -0.002816
  0.260669 -0.040523 -0.234656  0.044177  0.049323  0.049440 -0.235632  0.044181
  0.049872  0.049977 -0.711060  0.422443  0.103129  0.003817  0.022944 -0.021047
  0.070444  0.027066  0.034459  0.029245  0.006111 -0.076487  0.002914  0.025243
  0.070639 -0.080761  0.019480  0.020429 -0.055713  0.049596  0.018344 -0.079632
  0.029768  0.024470 -0.024971  0.038373  0.036005  0.083346 -0.011596 -0.256735
  0.069631  0.036552  0.075120 -0.085964 -0.110823  0.030199  0.041983 -0.242905
  0.133441 -0.206977  0.042596  0.072150  0.055400 -0.159852  0.053077  0.083497
 -0.034768  0.060759  0.038321 -0.010268 -0.004323 -0.004008  0.292511  0.014896
 -0.191169  0.038905  0.049151  0.039747  0.020188 -0.003689 -0.004578 -0.039540
 -0.003534 -0.002816  0.260669 -0.040523 -0.234656  0.044177  0.049323  0.049440
 -0.235632  0.044181  0.049872  0.049977 -0.711060  0.422443  0.103129  0.003817
  0.022944 -0.021047  0.070444  0.027066  0.034459  0.029245  0.006111 -0.076487
  0.002914  0.025243  0.070639 -0.080761  0.019480  0.020429 -0.055713  0.049596
  0.018344 -0.079632  0.029768  0.024470 -0.024971  0.038373  0.036005  0.083346
 -0.011596 -0.256735  0.069631  0.036552  0.075120 -0.085964 -0.110823  0.030199
  0.041983 -0.242905  0.133441 -0.206977  0.042596  0.072150  0.055400 -0.159852
  0.053077  0.083497 -0.034768  0.060759  0.038321 -0.010268 -0.004323 -0.004008
  0.292511  0.014896 -0.191169  0.038905  0.049151  0.039747  0.020188 -0.003689
 -0.004578 -0.039540 -0.003534 -0.002816  0.260669 -0.040523 -0.234656  0.044177
  0.049323  0.049440 -0.235632  0.044181  0.049872  0.049977 -0.711060  0.422443
  0.103129  0.003817  0.022944 -0.021047  0.070444  0.027066  0.034459  0.029245
  0.006111 -0.076487  0.002914  0.025243  0.070639 -0.080761  0.019480  0.020429
 -0.055713  0.049596  0.018344 -0.079632  0.029768  0.024470 -0.024971  0.038373
  0.036005  0.083346 -0.011596 -0.256735  0.069631  0.036552  0.075120 -0.085964
 -0.110823  0.030199  0.041983 -0.242905  0.133441 -0.206977  0.042596  0.072150
  0.055400 -0.159852  0.053077  0.083497 -0.034768  0.060759  0.038321 -0.010268
 -0.004323 -0.004008  0.292511  0.014896 -0.191169  0.038905  0.049151  0.039747
  0.020188 -0.003689 -0.004578 -0.039540 -0.003534 -0.002816  0.260669 -0.040523
 -0.234656  0.044177  0.049323  0.049440 -0.235632  0.044181  0.049872  0.049977
 -0.711060  0.422443  0.103129  0.003817  0.022944 -0.021047  0.070444  0.027066
  0.034459  0.029245  0.006111 -0.076487  0.002914  0.025243  0.070639 -0.080761
  0.019480  0.020429 -0.055713  0.049596  0.018344 -0.079632  0.029768  0.024470
 -0.024971  0.038373  0.036005  0.083346 -0.011596 -0.256735  0.069631  0.036552
  0.075120 -0.085964 -0.110823  0.030199  0.041983 -0.242905  0.133441 -0.206977
  0.042596  0.072150  0.055400 -0.159852  0.053077  0.083497 -0.034768  0.060759
  0.038321 -0.010268 -0.004323 -0.004008  0.292511  0.014896 -0.191169  0.038905
  0.049151  0.039747  0.020188 -0.003689 -0.004578 -0.039540 -0.003534 -0.002816
  0.260669 -0.040523 -0.234656  0.044177  0.049323  0.049440 -0.235632  0.044181
  0.049872  0.049977 -0.711060  0.422443  0.103129  0.003817  0.022944 -0.021047
  0.070444  0.027066  0.034459  0.029245  0.006111 -0.076487  0.002914  0.025243
  0.070639 -0.080761  0.019480  0.020429 -0.055713  0.049596  0.018344 -0.079632
  0.029768  0.024470 -0.024971  0.038373  0.036005  0.083346 -0.011596 -0.256735
  0.069631  0.036552  0.075120 -0.085964 -0.110823  0.030199  0.041983 -0.242905
  0.133441 -0.206977  0.042596  0.072150  0.055400 -0.159852  0.053077  0.083497
 -0.034768  0.060759  0.038321 -0.010268 -0.004323 -0.004008  0.292511  0.014896
 -0.191169  0.038905  0.049151  0.039747  0.020188 -0.003689 -0.004578 -0.039540
 -0.003534 -0.002816  0.260669 -0.040523 -0.234656  0.044177  0.049323  0.049440
 -0.235632  0.044181  0.049872  0.049977 -0.711060  0.422443  0.103129  0.003817
  0.022944 -0.021047  0.070444  0.027066  0.034459  0.029245  0.006111 -0.076487
  0.002914  0.025243  0.070639 -0.080761  0.019480  0.020429 -0.055713  0.049596
  0.018344 -0.079632  0.029768  0.024470 -0.024971  0.038373  0.036005  0.083346
 -0.011596 -0.256735  0.069631  0.036552  0.075120 -0.085964 -0.110823  0.030199
  0.041983 -0.242905  0.133441 -0.206977  0.042596  0.072150  0.055400 -0.159852
  0.053077  0.083497 -0.034768  0.060759  0.038321 -0.010268 -0.004323 -0.004008
  0.292511  0.014896 -0.191169  0.038905  0.049151  0.039747  0.020188 -0.003689
 -0.004578 -0.039540 -0.003534 -0.002816  0.260669 -0.040523 -0.234656  0.044177
  0.049323  0.049440 -0.235632  0.044181  0.049872  0.049977 -0.711060  0.422443
  0.103129  0.003817  0.022944 -0.021047  0.070444  0.027066  0.034459  0.029245
  0.006111 -0.076487  0.002914  0.025243  0.070639 -0.080761  0.019480  0.020429
 -0.055713  0.049596  0.018344 -0.079632  0.029768  0.024470 -0.024971  0.038373
  0.036005  0.083346 -0.011596 -0.256735  0.069631  0.036552  0.075120 -0.085964
 -0.110823  0.030199  0.041983 -0.242905  0.133441 -0.206977  0.042596  0.072150
  0.055400 -0.159852  0.053077  0.083497 -0.034768  0.060759  0.038321 -0.010268
 -0.004323 -0.004008  0.292511  0.014896 -0.191169  0.038905  0.049151  0.039747
  0.020188 -0.003689 -0.004578 -0.039540 -0.003534 -0.002816  0.260669 -0.040523
 -0.234656  0.044177  0.049323  0.049440 -0.235632  0.044181  0.049872  0.049977
 -0.711060  0.422443  0.103129  0.003817  0.022944 -0.021047  0.070444  0.027066
  0.034459  0.029245  0.006111 -0.076487  0.002914  0.025243  0.070639 -0.080761
  0.019480  0.020429 -0.055713  0.049596  0.018344 -0.079632  0.029768  0.024470
 -0.024971  0.038373  0.036005  0.083346 -0.011596 -0.256735  0.069631  0.036552
  0.075120 -0.085964 -0.110823  0.030199  0.041983 -0.242905  0.133441 -0.206977
  0.042596  0.072150  0.055400 -0.159852  0.053077  0.083497 -0.034768  0.060759
  0.038321 -0.010268 -0.004323 -0.004008  0.292511  0.014896 -0.191169  0.038905
  0.049151  0.039747  0.020188 -0.003689 -0.004578 -0.039540 -0.003534 -0.002816
  0.260669 -0.040523 -0.234656  0.044177  0.049323  0.049440 -0.235632  0.044181
  0.049872  0.049977 -0.711060  0.422443  0.103129  0.003817  0.022944 -0.021047
  0.070444  0.027066  0.034459  0.029245  0.006111 -0.076487  0.002914  0.025243
  0.070639 -0.080761  0.019480  0.020429 -0.055713  0.049596  0.018344 -0.079632
  0.029768  0.024470 -0.024971  0.038373  0.036005  0.083346 -0.011596 -0.256735
  0.069631  0.036552  0.075120 -0.085964 -0.110823  0.030199  0.041983 -0.242905
  0.133441 -0.206977  0.042596  0.072150  0.055400 -0.159852  0.053077  0.083497
 -0.034768  0.060759  0.038321 -0.010268 -0.004323 -0.004008  0.292511  0.014896
 -0.191169  0.038905  0.049151  0.039747  0.020188 -0.003689 -0.004578 -0.039540
 -0.003534 -0.002816  0.260669 -0.040523 -0.234656  0.044177  0.049323  0.049440
 -0.235632  0.044181  0.049872  0.049977 -0.711060  0.422443  0.103129  0.003817
  0.022944 -0.021047  0.070444  0.027066  0.034459  0.029245  0.006111 -0.076487
  0.002914  0.025243  0.070639 -0.080761  0.019480  0.020429 -0.055713  0.049596
  0.018344 -0.079632  0.029768  0.024470 -0.024971  0.038373  0.036005  0.083346
 -0.011596 -0.256735  0.069631  0.036552  0.075120 -0.085964 -0.110823  0.030199
  0.041983 -0.242905  0.133441 -0.206977  0.042596  0.072150  0.055400 -0.159852
  0.053077  0.083497 -0.034768  0.060759  0.038321 -0.010268 -0.004323 -0.004008
  0.292511  0.014896 -0.191169  0.038905  0.049151  0.039747  0.020188 -0.003689
 -0.004578 -0.039540 -0.003534 -0.002816  0.260669 -0.040523 -0.234656  0.044177
  0.049323  0.049440 -0.235632  0.044181  0.049872  0.049977 -0.711060  0.422443
  0.103129  0.003817  0.022944 -0.021047  0.070444  0.027066  0.034459  0.029245
  0.006111 -0.076487  0.002914  0.025243  0.070639 -0.080761  0.019480  0.020429
 -0.055713  0.049596  0.018344 -0.079632  0.029768  0.024470 -0.024971  0.038373
  0.036005  0.083346 -0.011596 -0.256735  0.069631  0.036552  0.075120 -0.085964
 -0.110823  0.030199  0.041983 -0.242905  0.133441 -0.206977  0.042596  0.072150
  0.055400 -0.159852  0.053077  0.083497 -0.034768  0.060759  0.038321 -0.010268
 -0.004323 -0.004008  0.292511  0.014896 -0.191169  0.038905  0.049151  0.039747
  0.020188 -0.003689 -0.004578 -0.039540 -0.003534 -0.002816  0.260669 -0.040523
 -0.234656  0.044177  0.049323  0.049440 -0.235632  0.044181  0.049872  0.049977
 -0.711060  0.422443  0.103129  0.003817  0.022944 -0.021047  0.070444  0.027066
  0.034459  0.029245  0.006111 -0.076487  0.002914  0.025243  0.070639 -0.080761
  0.019480  0.020429 -0.055713  0.049596  0.018344 -0.079632  0.029768  0.024470
 -0.024971  0.038373  0.036005  0.083346 -0.011596 -0.256735  0.069631  0.036552
  0.075120 -0.085964 -0.110823  0.030199  0.041983 -0.242905  0.133441 -0.206977
  0.042596  0.072150  0.055400 -0.159852  0.053077  0.083497 -0.034768  0.060759
  0.038321 -0.010268 -0.004323 -0.004008  0.292511  0.014896 -0.191169  0.038905
  0.049151  0.039747  0.020188 -0.003689 -0.004578 -0.039540 -0.003534 -0.002816
  0.260669 -0.040523 -0.234656  0.044177  0.049323  0.049440 -0.235632  0.044181
  0.049872  0.049977 -0.711060  0.422443  0.103129  0.003817  0.022944 -0.021047
  0.070444  0.027066  0.034459  0.029245  0.006111 -0.076487  0.002914  0.025243
  0.070639 -0.080761  0.019480  0.020429 -0.055713  0.049596  0.018344 -0.079632
  0.029768  0.024470 -0.024971  0.038373  0.036005  0.083346 -0.011596 -0.256735
  0.069631  0.036552  0.075120 -0.085964 -0.110823  0.030199  0.041983 -0.242905
  0.133441 -0.206977  0.042596  0.072150  0.055400 -0.159852  0.053077  0.083497
 -0.034768  0.060759  0.038321 -0.010268 -0.004323 -0.004008  0.292511  0.014896
 -0.191169  0.038905  0.049151  0.039747  0.020188 -0.003689 -0.004578 -0.039540
 -0.003534 -0.002816  0.260669 -0.040523 -0.234656  0.044177  0.049323  0.049440
 -0.235632  0.044181  0.049872  0.049977 -0.711060  0.422443  0.103129  0.003817
  0.022944 -0.021047  0.070444  0.027066  0.034459  0.029245  0.006111 -0.076487
  0.002914  0.025243  0.070639 -0.080761  0.019480  0.020429 -0.055713  0.049596
  0.018344 -0.079632  0.029768  0.024470 -0.024971  0.038373  0.036005  0.083346
 -0.011596 -0.256735  0.069631  0.036552  0.075120 -0.085964 -0.110823  0.030199
  0.041983 -0.242905  0.133441 -0.206977  0.042596  0.072150  0.055400 -0.159852
  0.053077  0.083497 -0.034768  0.060759  0.038321 -0.010268 -0.004323 -0.004008
  0.292511  0.014896 -0.191169  0.038905  0.049151  0.039747  0.020188 -0.003689
 -0.004578 -0.039540 -0.003534 -0.002816  0.260669 -0.040523 -0.234656  0.044177
  0.049323  0.049440 -0.235632  0.044181  0.049872  0.049977 -0.711060  0.422443
  0.103129  0.003817  0.022944 -0.021047  0.070444  0.027066  0.034459  0.029245
  0.006111 -0.076487  0.002914  0.025243  0.070639 -0.080761  0.019480  0.020429
 -0.055713  0.049596  0.018344 -0.079632  0.029768  0.024470 -0.024971  0.038373
  0.036005  0.083346 -0.011596 -0.256735  0.069631  0.036552  0.075120 -0.085964
 -0.110823  0.030199  0.041983 -0.242905  0.133441 -0.206977  0.042596  0.072150
  0.055400 -0.159852  0.053077  0.083497 -0.034768  0.060759  0.038321 -0.010268
 -0.004323 -0.004008  0.292511  0.014896 -0.191169  0.038905  0.049151  0.039747
  0.020188 -0.003689 -0.004578 -0.039540 -0.003534 -0.002816  0.260669 -0.040523
 -0.234656  0.044177  0.049323  0.049440 -0.235632  0.044181  0.049872  0.049977
 -0.711060  0.422443  0.103129  0.003817  0.022944 -0.021047  0.070444  0.027066
  0.034459  0.029245  0.006111 -0.076487  0.002914  0.025243  0.070639 -0.080761
  0.019480  0.020429 -0.055713  0.049596  0.018344 -0.079632  0.029768  0.024470
 -0.024971  0.038373  0.036005  0.083346 -0.011596 -0.256735  0.069631  0.036552
  0.075120 -0.085964 -0.110823  0.030199  0.041983 -0.242905  0.133441 -0.206977
  0.042596  0.072150  0.055400 -0.159852  0.053077  0.083497 -0.034768  0.060759
  0.038321 -0.010268 -0.004323 -0.004008  0.292511  0.014896 -0.191169  0.038905
  0.049151  0.039747  0.020188 -0.003689 -0.004578 -0.039540 -0.003534 -0.002816
  0.260669 -0.040523 -0.234656  0.044177  0.049323  0.049440 -0.235632  0.044181
  0.049872  0.049977 -0.711060  0.422443  0.103129  0.003817  0.022944 -0.021047
  0.070444  0.027066  0.034459  0.029245  0.006111 -0.076487  0.002914  0.025243
  0.070639 -0.080761  0.019480  0.020429 -0.055713  0.049596  0.018344 -0.079632
  0.029768  0.024470 -0.024971  0.038373  0.036005  0.083346 -0.011596 -0.256735
  0.069631  0.036552  0.075120 -0.085964 -0.110823  0.030199  0.041983 -0.242905
  0.133441 -0.206977  0.042596  0.072150  0.055400 -0.159852  0.053077  0.083497
 -0.034768  0.060759  0.038321 -0.010268 -0.004323 -0.004008  0.292511  0.014896
 -0.191169  0.038905  0.049151  0.039747  0.020188 -0.003689 -0.004578 -0.039540
 -0.003534 -0.002816  0.260669 -0.040523 -0.234656  0.044177  0.049323  0.049440
 -0.235632  0.044181  0.049872  0.049977 -0.711060  0.422443  0.103129  0.003817
  0.022944 -0.021047  0.070444  0.027066  0.034459  0.029245  0.006111 -0.076487
  0.002914  0.025243  0.070639 -0.080761  0.019480  0.020429 -0.055713  0.049596
  0.018344 -0.079632  0.029768  0.024470 -0.024971  0.038373  0.036005  0.083346
 -0.011596 -0.256735  0.069631  0.036552  0.075120 -0.085964 -0.110823  0.030199
  0.041983 -0.242905  0.133441 -0.206977  0.042596  0.072150  0.055400 -0.159852
  0.053077  0.083497 -0.034768  0.060759  0.038321 -0.010268 -0.004323 -0.004008
  0.292511  0.014896 -0.191169  0.038905  0.049151  0.039747  0.020188 -0.003689
 -0.004578 -0.039540 -0.003534 -0.002816  0.260669 -0.040523 -0.234656  0.044177
  0.049323  0.049440 -0.235632  0.044181  0.049872  0.049977 -0.711060  0.422443
  0.103129  0.003817  0.022944 -0.021047  0.070444  0.027066  0.034459  0.029245
  0.006111 -0.076487  0.002914  0.025243  0.070639 -0.080761  0.019480  0.020429
 -0.055713  0.049596  0.018344 -0.079632  0.029768  0.024470 -0.024971  0.038373
  0.036005  0.083346 -0.011596 -0.256735  0.069631  0.036552  0.075120 -0.085964
 -0.110823  0.030199  0.041983 -0.242905  0.133441 -0.206977  0.042596  0.072150
  0.055400 -0.159852  0.053077  0.083497 -0.034768  0.060759  0.038321 -0.010268
 -0.004323 -0.004008  0.292511  0.014896 -0.191169  0.038905  0.049151  0.039747
  0.020188 -0.003689 -0.004578 -0.039540 -0.003534 -0.002816  0.260669 -0.040523
 -0.234656  0.044177  0.049323  0.049440 -0.235632  0.044181  0.049872  0.049977
 -0.711060  0.422443  0.103129  0.003817  0.022944 -0.021047  0.070444  0.027066
  0.034459  0.029245  0.006111 -0.076487  0.002914  0.025243  0.070639 -0.080761
  0.019480  0.020429 -0.055713  0.049596  0.018344 -0.079632  0.029768  0.024470
 -0.024971  0.038373  0.036005  0.083346 -0.011596 -0.256735  0.069631  0.036552
  0.075120 -0.085964 -0.110823  0.030199  0.041983 -0.242905  0.133441 -0.206977
  0.042596  0.072150  0.055400 -0.159852  0.053077  0.083497 -0.034768  0.060759
  0.038321 -0.010268 -0.004323 -0.004008  0.292511  0.014896 -0.191169  0.038905
  0.049151  0.039747  0.020188 -0.003689 -0.004578 -0.039540 -0.003534 -0.002816
  0.260669 -0.040523 -0.234656  0.044177  0.049323  0.049440 -0.235632  0.044181
  0.049872  0.049977 -0.711060  0.422443  0.103129  0.003817  0.022944 -0.021047
  0.070444  0.027066  0.034459  0.029245  0.006111 -0.076487  0.002914  0.025243
  0.070639 -0.080761  0.019480  0.020429 -0.055713  0.049596  0.018344 -0.079632
  0.029768  0.024470 -0.024971  0.038373  0.036005  0.083346 -0.011596 -0.256735
  0.069631  0.036552  0.075120 -0.085964 -0.110823  0.030199  0.041983 -0.242905
  0.133441 -0.206977  0.042596  0.072150  0.055400 -0.159852  0.053077  0.083497
 -0.034768  0.060759  0.038321 -0.010268 -0.004323 -0.004008  0.292511  0.014896
 -0.191169  0.038905  0.049151  0.039747  0.020188 -0.003689 -0.004578 -0.039540
 -0.003534 -0.002816  0.260669 -0.040523 -0.234656  0.044177  0.049323  0.049440
 -0.235632  0.044181  0.049872  0.049977 -0.711060  0.422443  0.103129  0.003817
  0.022944 -0.021047  0.070444  0.027066  0.034459  0.029245  0.006111 -0.076487
  0.002914  0.025243  0.070639 -0.080761  0.019480  0.020429 -0.055713  0.049596
  0.018344 -0.079632  0.029768  0.024470 -0.024971  0.038373  0.036005  0.083346
 -0.011596 -0.256735  0.069631  0.036552  0.075120 -0.085964 -0.110823  0.030199
  0.041983 -0.242905  0.133441 -0.206977  0.042596  0.072150  0.055400 -0.159852
  0.053077  0.083497 -0.034768  0.060759  0.038321 -0.010268 -0.004323 -0.004008
  0.292511  0.014896 -0.191169  0.038905  0.049151  0.039747  0.020188 -0.003689
 -0.004578 -0.039540 -0.003534 -0.002816  0.260669 -0.040523 -0.234656  0.044177
  0.049323  0.049440 -0.235632  0.044181  0.049872  0.049977 -0.711060  0.422443
  0.103129  0.003817  0.022944 -0.021047  0.070444  0.027066  0.034459  0.029245
  0.006111 -0.076487  0.002914  0.025243  0.070639 -0.080761  0.019480  0.020429
 -0.055713  0.049596  0.018344 -0.079632  0.029768  0.024470 -0.024971  0.038373
  0.036005  0.083346 -0.011596 -0.256735  0.069631  0.036552  0.075120 -0.085964
 -0.110823  0.030199  0.041983 -0.242905  0.133441 -0.206977  0.042596  0.072150
  0.055400 -0.159852  0.053077  0.083497 -0.034768  0.060759  0.038321 -0.010268
 -0.004323 -0.004008  0.292511  0.014896 -0.191169  0.038905  0.049151  0.039747
  0.020188 -0.003689 -0.004578 -0.039540 -0.003534 -0.002816  0.260669 -0.040523
 -0.234656  0.044177  0.049323  0.049440 -0.235632  0.044181  0.049872  0.049977
