 -0.711060  0.422443  0.103129  0.003817  0.022944 -0.021047  0.070444  0.027066
  0.034459  0.029245  0.006111 -0.091775  0.015007  0.015007  0.070639 -0.098080
  0.029031  0.029031 -0.072010  0.034009  0.034009 -0.121221  0.040041  0.040041
 -0.067421  0.049290  0.049290  0.083346 -0.011596 -0.118710  0.025041  0.025041
  0.025041 -0.085964 -0.066867  0.014503  0.014503 -0.242905  0.133441 -0.083282
  0.026285  0.026285  0.026285 -0.190206  0.080498  0.080498 -0.058616  0.057716
  0.057716 -0.010285 -0.004300 -0.004300  0.292511  0.014896 -0.120994  0.023895
  0.023895  0.023895  0.006624  0.002154  0.002154 -0.065020  0.003917  0.003917
  0.260669 -0.040523 -0.207776  0.040326  0.040326  0.040326 -0.207776  0.040326
  0.040326  0.040326 -0.711060  0.422443  0.103129  0.003817  0.022944 -0.021047
  0.070444  0.027066  0.034459  0.029245  0.006111 -0.091775  0.015007  0.015007
  0.070639 -0.098080  0.029031  0.029031 -0.072010  0.034009  0.034009 -0.121221
  0.040041  0.040041 -0.067421  0.049290  0.049290  0.083346 -0.011596 -0.118710
  0.025041  0.025041  0.025041 -0.085964 -0.066867  0.014503  0.014503 -0.242905
  0.133441 -0.083282  0.026285  0.026285  0.026285 -0.190206  0.080498  0.080498
 -0.058616  0.057716  0.057716 -0.010285 -0.004300 -0.004300  0.292511  0.014896
 -0.120994  0.023895  0.023895  0.023895  0.006624  0.002154  0.002154 -0.065020
  0.003917  0.003917  0.260669 -0.040523 -0.207776  0.040326  0.040326  0.040326
 -0.207776  0.040326  0.040326  0.040326 -0.711060  0.422443  0.103129  0.003817
  0.022944 -0.021047  0.070444  0.027066  0.034459  0.029245  0.006111 -0.091775
  0.015007  0.015007  0.070639 -0.098080  0.029031  0.029031 -0.072010  0.034009
  0.034009 -0.121221  0.040041  0.040041 -0.067421  0.049290  0.049290  0.083346
 -0.011596 -0.118710  0.025041  0.025041  0.025041 -0.085964 -0.066867  0.014503
  0.014503 -0.242905  0.133441 -0.083282  0.026285  0.026285  0.026285 -0.190206
  0.080498  0.080498 -0.058616  0.057716  0.057716 -0.010285 -0.004300 -0.004300
  0.292511  0.014896 -0.120994  0.023895  0.023895  0.023895  0.006624  0.002154
  0.002154 -0.065020  0.003917  0.003917  0.260669 -0.040523 -0.207776  0.040326
  0.040326  0.040326 -0.207776  0.040326  0.040326  0.040326 -0.711060  0.422443
  0.103129  0.003817  0.022944 -0.021047  0.070444  0.027066  0.034459  0.029245
  0.006111 -0.091775  0.015007  0.015007  0.070639 -0.098080  0.029031  0.029031
 -0.072010  0.034009  0.034009 -0.121221  0.040041  0.040041 -0.067421  0.049290
  0.049290  0.083346 -0.011596 -0.118710  0.025041  0.025041  0.025041 -0.085964
 -0.066867  0.014503  0.014503 -0.242905  0.133441 -0.083282  0.026285  0.026285
  0.026285 -0.190206  0.080498  0.080498 -0.058616  0.057716  0.057716 -0.010285
 -0.004300 -0.004300  0.292511  0.014896 -0.120994  0.023895  0.023895  0.023895
  0.006624  0.002154  0.002154 -0.065020  0.003917  0.003917  0.260669 -0.040523
 -0.207776  0.040326  0.040326  0.040326 -0.207776  0.040326  0.040326  0.040326
 -0.711060  0.422443  0.103129  0.003817  0.022944 -0.021047  0.070444  0.027066
  0.034459  0.029245  0.006111 -0.091775  0.015007  0.015007  0.070639 -0.098080
  0.029031  0.029031 -0.072010  0.034009  0.034009 -0.121221  0.040041  0.040041
 -0.067421  0.049290  0.049290  0.083346 -0.011596 -0.118710  0.025041  0.025041
  0.025041 -0.085964 -0.066867  0.014503  0.014503 -0.242905  0.133441 -0.083282
  0.026285  0.026285  0.026285 -0.190206  0.080498  0.080498 -0.058616  0.057716
  0.057716 -0.010285 -0.004300 -0.004300  0.292511  0.014896 -0.120994  0.023895
  0.023895  0.023895  0.006624  0.002154  0.002154 -0.065020  0.003917  0.003917
  0.260669 -0.040523 -0.207776  0.040326  0.040326  0.040326 -0.207776  0.040326
  0.040326  0.040326 -0.711060  0.422443  0.103129  0.003817  0.022944 -0.021047
  0.070444  0.027066  0.034459  0.029245  0.006111 -0.091775  0.015007  0.015007
  0.070639 -0.098080  0.029031  0.029031 -0.072010  0.034009  0.034009 -0.121221
  0.040041  0.040041 -0.067421  0.049290  0.049290  0.083346 -0.011596 -0.118710
  0.025041  0.025041  0.025041 -0.085964 -0.066867  0.014503  0.014503 -0.242905
  0.133441 -0.083282  0.026285  0.026285  0.026285 -0.190206  0.080498  0.080498
 -0.058616  0.057716  0.057716 -0.010285 -0.004300 -0.004300  0.292511  0.014896
 -0.120994  0.023895  0.023895  0.023895  0.006624  0.002154  0.002154 -0.065020
  0.003917  0.003917  0.260669 -0.040523 -0.207776  0.040326  0.040326  0.040326
 -0.207776  0.040326  0.040326  0.040326 -0.711060  0.422443  0.103129  0.003817
  0.022944 -0.021047  0.070444  0.027066  0.034459  0.029245  0.006111 -0.091775
  0.015007  0.015007  0.070639 -0.098080  0.029031  0.029031 -0.072010  0.034009
  0.034009 -0.121221  0.040041  0.040041 -0.067421  0.049290  0.049290  0.083346
 -0.011596 -0.118710  0.025041  0.025041  0.025041 -0.085964 -0.066867  0.014503
  0.014503 -0.242905  0.133441 -0.083282  0.026285  0.026285  0.026285 -0.190206
  0.080498  0.080498 -0.058616  0.057716  0.057716 -0.010285 -0.004300 -0.004300
  0.292511  0.014896 -0.120994  0.023895  0.023895  0.023895  0.006624  0.002154
  0.002154 -0.065020  0.003917  0.003917  0.260669 -0.040523 -0.207776  0.040326
  0.040326  0.040326 -0.207776  0.040326  0.040326  0.040326 -0.711060  0.422443
  0.103129  0.003817  0.022944 -0.021047  0.070444  0.027066  0.034459  0.029245
  0.006111 -0.091775  0.015007  0.015007  0.070639 -0.098080  0.029031  0.029031
 -0.072010  0.034009  0.034009 -0.121221  0.040041  0.040041 -0.067421  0.049290
  0.049290  0.083346 -0.011596 -0.118710  0.025041  0.025041  0.025041 -0.085964
 -0.066867  0.014503  0.014503 -0.242905  0.133441 -0.083282  0.026285  0.026285
  0.026285 -0.190206  0.080498  0.080498 -0.058616  0.057716  0.057716 -0.010285
 -0.004300 -0.004300  0.292511  0.014896 -0.120994  0.023895  0.023895  0.023895
  0.006624  0.002154  0.002154 -0.065020  0.003917  0.003917  0.260669 -0.040523
 -0.207776  0.040326  0.040326  0.040326 -0.207776  0.040326  0.040326  0.040326
 -0.711060  0.422443  0.103129  0.003817  0.022944 -0.021047  0.070444  0.027066
  0.034459  0.029245  0.006111 -0.091775  0.015007  0.015007  0.070639 -0.098080
  0.029031  0.029031 -0.072010  0.034009  0.034009 -0.121221  0.040041  0.040041
 -0.067421  0.049290  0.049290  0.083346 -0.011596 -0.118710  0.025041  0.025041
  0.025041 -0.085964 -0.066867  0.014503  0.014503 -0.242905  0.133441 -0.083282
  0.026285  0.026285  0.026285 -0.190206  0.080498  0.080498 -0.058616  0.057716
  0.057716 -0.010285 -0.004300 -0.004300  0.292511  0.014896 -0.120994  0.023895
  0.023895  0.023895  0.006624  0.002154  0.002154 -0.065020  0.003917  0.003917
  0.260669 -0.040523 -0.207776  0.040326  0.040326  0.040326 -0.207776  0.040326
  0.040326  0.040326 -0.711060  0.422443  0.103129  0.003817  0.022944 -0.021047
  0.070444  0.027066  0.034459  0.029245  0.006111 -0.091775  0.015007  0.015007
  0.070639 -0.098080  0.029031  0.029031 -0.072010  0.034009  0.034009 -0.121221
  0.040041  0.040041 -0.067421  0.049290  0.049290  0.083346 -0.011596 -0.118710
  0.025041  0.025041  0.025041 -0.085964 -0.066867  0.014503  0.014503 -0.242905
  0.133441 -0.083282  0.026285  0.026285  0.026285 -0.190206  0.080498  0.080498
 -0.058616  0.057716  0.057716 -0.010285 -0.004300 -0.004300  0.292511  0.014896
 -0.120994  0.023895  0.023895  0.023895  0.006624  0.002154  0.002154 -0.065020
  0.003917  0.003917  0.260669 -0.040523 -0.207776  0.040326  0.040326  0.040326
 -0.207776  0.040326  0.040326  0.040326 -0.711060  0.422443  0.103129  0.003817
  0.022944 -0.021047  0.070444  0.027066  0.034459  0.029245  0.006111 -0.091775
  0.015007  0.015007  0.070639 -0.098080  0.029031  0.029031 -0.072010  0.034009
  0.034009 -0.121221  0.040041  0.040041 -0.067421  0.049290  0.049290  0.083346
 -0.011596 -0.118710  0.025041  0.025041  0.025041 -0.085964 -0.066867  0.014503
  0.014503 -0.242905  0.133441 -0.083282  0.026285  0.026285  0.026285 -0.190206
  0.080498  0.080498 -0.058616  0.057716  0.057716 -0.010285 -0.004300 -0.004300
  0.292511  0.014896 -0.120994  0.023895  0.023895  0.023895  0.006624  0.002154
  0.002154 -0.065020  0.003917  0.003917  0.260669 -0.040523 -0.207776  0.040326
  0.040326  0.040326 -0.207776  0.040326  0.040326  0.040326 -0.711060  0.422443
  0.103129  0.003817  0.022944 -0.021047  0.070444  0.027066  0.034459  0.029245
  0.006111 -0.091775  0.015007  0.015007  0.070639 -0.098080  0.029031  0.029031
 -0.072010  0.034009  0.034009 -0.121221  0.040041  0.040041 -0.067421  0.049290
  0.049290  0.083346 -0.011596 -0.118710  0.025041  0.025041  0.025041 -0.085964
 -0.066867  0.014503  0.014503 -0.242905  0.133441 -0.083282  0.026285  0.026285
  0.026285 -0.190206  0.080498  0.080498 -0.058616  0.057716  0.057716 -0.010285
 -0.004300 -0.004300  0.292511  0.014896 -0.120994  0.023895  0.023895  0.023895
  0.006624  0.002154  0.002154 -0.065020  0.003917  0.003917  0.260669 -0.040523
 -0.207776  0.040326  0.040326  0.040326 -0.207776  0.040326  0.040326  0.040326
 -0.711060  0.422443  0.103129  0.003817  0.022944 -0.021047  0.070444  0.027066
  0.034459  0.029245  0.006111 -0.091775  0.015007  0.015007  0.070639 -0.098080
  0.029031  0.029031 -0.072010  0.034009  0.034009 -0.121221  0.040041  0.040041
 -0.067421  0.049290  0.049290  0.083346 -0.011596 -0.118710  0.025041  0.025041
  0.025041 -0.085964 -0.066867  0.014503  0.014503 -0.242905  0.133441 -0.083282
  0.026285  0.026285  0.026285 -0.190206  0.080498  0.080498 -0.058616  0.057716
  0.057716 -0.010285 -0.004300 -0.004300  0.292511  0.014896 -0.120994  0.023895
  0.023895  0.023895  0.006624  0.002154  0.002154 -0.065020  0.003917  0.003917
  0.260669 -0.040523 -0.207776  0.040326  0.040326  0.040326 -0.207776  0.040326
  0.040326  0.040326 -0.711060  0.422443  0.103129  0.003817  0.022944 -0.021047
  0.070444  0.027066  0.034459  0.029245  0.006111 -0.091775  0.015007  0.015007
  0.070639 -0.098080  0.029031  0.029031 -0.072010  0.034009  0.034009 -0.121221
  0.040041  0.040041 -0.067421  0.049290  0.049290  0.083346 -0.011596 -0.118710
  0.025041  0.025041  0.025041 -0.085964 -0.066867  0.014503  0.014503 -0.242905
  0.133441 -0.083282  0.026285  0.026285  0.026285 -0.190206  0.080498  0.080498
 -0.058616  0.057716  0.057716 -0.010285 -0.004300 -0.004300  0.292511  0.014896
 -0.120994  0.023895  0.023895  0.023895  0.006624  0.002154  0.002154 -0.065020
  0.003917  0.003917  0.260669 -0.040523 -0.207776  0.040326  0.040326  0.040326
 -0.207776  0.040326  0.040326  0.040326 -0.711060  0.422443  0.103129  0.003817
  0.022944 -0.021047  0.070444  0.027066  0.034459  0.029245  0.006111 -0.091775
  0.015007  0.015007  0.070639 -0.098080  0.029031  0.029031 -0.072010  0.034009
  0.034009 -0.121221  0.040041  0.040041 -0.067421  0.049290  0.049290  0.083346
 -0.011596 -0.118710  0.025041  0.025041  0.025041 -0.085964 -0.066867  0.014503
  0.014503 -0.242905  0.133441 -0.083282  0.026285  0.026285  0.026285 -0.190206
  0.080498  0.080498 -0.058616  0.057716  0.057716 -0.010285 -0.004300 -0.004300
  0.292511  0.014896 -0.120994  0.023895  0.023895  0.023895  0.006624  0.002154
  0.002154 -0.065020  0.003917  0.003917  0.260669 -0.040523 -0.207776  0.040326
  0.040326  0.040326 -0.207776  0.040326  0.040326  0.040326 -0.711060  0.422443
  0.103129  0.003817  0.022944 -0.021047  0.070444  0.027066  0.034459  0.029245
  0.006111 -0.091775  0.015007  0.015007  0.070639 -0.098080  0.029031  0.029031
 -0.072010  0.034009  0.034009 -0.121221  0.040041  0.040041 -0.067421  0.049290
  0.049290  0.083346 -0.011596 -0.118710  0.025041  0.025041  0.025041 -0.085964
 -0.066867  0.014503  0.014503 -0.242905  0.133441 -0.083282  0.026285  0.026285
  0.026285 -0.190206  0.080498  0.080498 -0.058616  0.057716  0.057716 -0.010285
 -0.004300 -0.004300  0.292511  0.014896 -0.120994  0.023895  0.023895  0.023895
  0.006624  0.002154  0.002154 -0.065020  0.003917  0.003917  0.260669 -0.040523
 -0.207776  0.040326  0.040326  0.040326 -0.207776  0.040326  0.040326  0.040326
 -0.711060  0.422443  0.103129  0.003817  0.022944 -0.021047  0.070444  0.027066
  0.034459  0.029245  0.006111 -0.091775  0.015007  0.015007  0.070639 -0.098080
  0.029031  0.029031 -0.072010  0.034009  0.034009 -0.121221  0.040041  0.040041
 -0.067421  0.049290  0.049290  0.083346 -0.011596 -0.118710  0.025041  0.025041
  0.025041 -0.085964 -0.066867  0.014503  0.014503 -0.242905  0.133441 -0.083282
  0.026285  0.026285  0.026285 -0.190206  0.080498  0.080498 -0.058616  0.057716
  0.057716 -0.010285 -0.004300 -0.004300  0.292511  0.014896 -0.120994  0.023895
  0.023895  0.023895  0.006624  0.002154  0.002154 -0.065020  0.003917  0.003917
  0.260669 -0.040523 -0.207776  0.040326  0.040326  0.040326 -0.207776  0.040326
  0.040326  0.040326 -0.711060  0.422443  0.103129  0.003817  0.022944 -0.021047
  0.070444  0.027066  0.034459  0.029245  0.006111 -0.091775  0.015007  0.015007
  0.070639 -0.098080  0.029031  0.029031 -0.072010  0.034009  0.034009 -0.121221
  0.040041  0.040041 -0.067421  0.049290  0.049290  0.083346 -0.011596 -0.118710
  0.025041  0.025041  0.025041 -0.085964 -0.066867  0.014503  0.014503 -0.242905
  0.133441 -0.083282  0.026285  0.026285  0.026285 -0.190206  0.080498  0.080498
 -0.058616  0.057716  0.057716 -0.010285 -0.004300 -0.004300  0.292511  0.014896
 -0.120994  0.023895  0.023895  0.023895  0.006624  0.002154  0.002154 -0.065020
  0.003917  0.003917  0.260669 -0.040523 -0.207776  0.040326  0.040326  0.040326
 -0.207776  0.040326  0.040326  0.040326 -0.711060  0.422443  0.103129  0.003817
  0.022944 -0.021047  0.070444  0.027066  0.034459  0.029245  0.006111 -0.091775
  0.015007  0.015007  0.070639 -0.098080  0.029031  0.029031 -0.072010  0.034009
  0.034009 -0.121221  0.040041  0.040041 -0.067421  0.049290  0.049290  0.083346
 -0.011596 -0.118710  0.025041  0.025041  0.025041 -0.085964 -0.066867  0.014503
  0.014503 -0.242905  0.133441 -0.083282  0.026285  0.026285  0.026285 -0.190206
  0.080498  0.080498 -0.058616  0.057716  0.057716 -0.010285 -0.004300 -0.004300
  0.292511  0.014896 -0.120994  0.023895  0.023895  0.023895  0.006624  0.002154
  0.002154 -0.065020  0.003917  0.003917  0.260669 -0.040523 -0.207776  0.040326
  0.040326  0.040326 -0.207776  0.040326  0.040326  0.040326 -0.711060  0.422443
  0.103129  0.003817  0.022944 -0.021047  0.070444  0.027066  0.034459  0.029245
  0.006111 -0.091775  0.015007  0.015007  0.070639 -0.098080  0.029031  0.029031
 -0.072010  0.034009  0.034009 -0.121221  0.040041  0.040041 -0.067421  0.049290
  0.049290  0.083346 -0.011596 -0.118710  0.025041  0.025041  0.025041 -0.085964
 -0.066867  0.014503  0.014503 -0.242905  0.133441 -0.083282  0.026285  0.026285
  0.026285 -0.190206  0.080498  0.080498 -0.058616  0.057716  0.057716 -0.010285
 -0.004300 -0.004300  0.292511  0.014896 -0.120994  0.023895  0.023895  0.023895
  0.006624  0.002154  0.002154 -0.065020  0.003917  0.003917  0.260669 -0.040523
 -0.207776  0.040326  0.040326  0.040326 -0.207776  0.040326  0.040326  0.040326
 -0.711060  0.422443  0.103129  0.003817  0.022944 -0.021047  0.070444  0.027066
  0.034459  0.029245  0.006111 -0.091775  0.015007  0.015007  0.070639 -0.098080
  0.029031  0.029031 -0.072010  0.034009  0.034009 -0.121221  0.040041  0.040041
 -0.067421  0.049290  0.049290  0.083346 -0.011596 -0.118710  0.025041  0.025041
  0.025041 -0.085964 -0.066867  0.014503  0.014503 -0.242905  0.133441 -0.083282
  0.026285  0.026285  0.026285 -0.190206  0.080498  0.080498 -0.058616  0.057716
  0.057716 -0.010285 -0.004300 -0.004300  0.292511  0.014896 -0.120994  0.023895
  0.023895  0.023895  0.006624  0.002154  0.002154 -0.065020  0.003917  0.003917
  0.260669 -0.040523 -0.207776  0.040326  0.040326  0.040326 -0.207776  0.040326
  0.040326  0.040326 -0.711060  0.422443  0.103129  0.003817  0.022944 -0.021047
  0.070444  0.027066  0.034459  0.029245  0.006111 -0.091775  0.015007  0.015007
  0.070639 -0.098080  0.029031  0.029031 -0.072010  0.034009  0.034009 -0.121221
  0.040041  0.040041 -0.067421  0.049290  0.049290  0.083346 -0.011596 -0.118710
  0.025041  0.025041  0.025041 -0.085964 -0.066867  0.014503  0.014503 -0.242905
  0.133441 -0.083282  0.026285  0.026285  0.026285 -0.190206  0.080498  0.080498
 -0.058616  0.057716  0.057716 -0.010285 -0.004300 -0.004300  0.292511  0.014896
 -0.120994  0.023895  0.023895  0.023895  0.006624  0.002154  0.002154 -0.065020
  0.003917  0.003917  0.260669 -0.040523 -0.207776  0.040326  0.040326  0.040326
 -0.207776  0.040326  0.040326  0.040326 -0.711060  0.422443  0.103129  0.003817
  0.022944 -0.021047  0.070444  0.027066  0.034459  0.029245  0.006111 -0.091775
  0.015007  0.015007  0.070639 -0.098080  0.029031  0.029031 -0.072010  0.034009
  0.034009 -0.121221  0.040041  0.040041 -0.067421  0.049290  0.049290  0.083346
 -0.011596 -0.118710  0.025041  0.025041  0.025041 -0.085964 -0.066867  0.014503
  0.014503 -0.242905  0.133441 -0.083282  0.026285  0.026285  0.026285 -0.190206
  0.080498  0.080498 -0.058616  0.057716  0.057716 -0.010285 -0.004300 -0.004300
  0.292511  0.014896 -0.120994  0.023895  0.023895  0.023895  0.006624  0.002154
  0.002154 -0.065020  0.003917  0.003917  0.260669 -0.040523 -0.207776  0.040326
  0.040326  0.040326 -0.207776  0.040326  0.040326  0.040326 -0.711060  0.422443
  0.103129  0.003817  0.022944 -0.021047  0.070444  0.027066  0.034459  0.029245
  0.006111 -0.091775  0.015007  0.015007  0.070639 -0.098080  0.029031  0.029031
 -0.072010  0.034009  0.034009 -0.121221  0.040041  0.040041 -0.067421  0.049290
  0.049290  0.083346 -0.011596 -0.118710  0.025041  0.025041  0.025041 -0.085964
 -0.066867  0.014503  0.014503 -0.242905  0.133441 -0.083282  0.026285  0.026285
  0.026285 -0.190206  0.080498  0.080498 -0.058616  0.057716  0.057716 -0.010285
 -0.004300 -0.004300  0.292511  0.014896 -0.120994  0.023895  0.023895  0.023895
  0.006624  0.002154  0.002154 -0.065020  0.003917  0.003917  0.260669 -0.040523
 -0.207776  0.040326  0.040326  0.040326 -0.207776  0.040326  0.040326  0.040326
 -0.711060  0.422443  0.103129  0.003817  0.022944 -0.021047  0.070444  0.027066
  0.034459  0.029245  0.006111 -0.091775  0.015007  0.015007  0.070639 -0.098080
  0.029031  0.029031 -0.072010  0.034009  0.034009 -0.121221  0.040041  0.040041
 -0.067421  0.049290  0.049290  0.083346 -0.011596 -0.118710  0.025041  0.025041
  0.025041 -0.085964 -0.066867  0.014503  0.014503 -0.242905  0.133441 -0.083282
  0.026285  0.026285  0.026285 -0.190206  0.080498  0.080498 -0.058616  0.057716
  0.057716 -0.010285 -0.004300 -0.004300  0.292511  0.014896 -0.120994  0.023895
  0.023895  0.023895  0.006624  0.002154  0.002154 -0.065020  0.003917  0.003917
  0.260669 -0.040523 -0.207776  0.040326  0.040326  0.040326 -0.207776  0.040326
  0.040326  0.040326 -0.711060  0.422443  0.103129  0.003817  0.022944 -0.021047
  0.070444  0.027066  0.034459  0.029245  0.006111 -0.091775  0.015007  0.015007
  0.070639 -0.098080  0.029031  0.029031 -0.072010  0.034009  0.034009 -0.121221
  0.040041  0.040041 -0.067421  0.049290  0.049290  0.083346 -0.011596 -0.118710
  0.025041  0.025041  0.025041 -0.085964 -0.066867  0.014503  0.014503 -0.242905
  0.133441 -0.083282  0.026285  0.026285  0.026285 -0.190206  0.080498  0.080498
 -0.058616  0.057716  0.057716 -0.010285 -0.004300 -0.004300  0.292511  0.014896
 -0.120994  0.023895  0.023895  0.023895  0.006624  0.002154  0.002154 -0.065020
  0.003917  0.003917  0.260669 -0.040523 -0.207776  0.040326  0.040326  0.040326
 -0.207776  0.040326  0.040326  0.040326 -0.711060  0.422443  0.103129  0.003817
  0.022944 -0.021047  0.070444  0.027066  0.034459  0.029245  0.006111 -0.091775
  0.015007  0.015007  0.070639 -0.098080  0.029031  0.029031 -0.072010  0.034009
  0.034009 -0.121221  0.040041  0.040041 -0.067421  0.049290  0.049290  0.083346
 -0.011596 -0.118710  0.025041  0.025041  0.025041 -0.085964 -0.066867  0.014503
  0.014503 -0.242905  0.133441 -0.083282  0.026285  0.026285  0.026285 -0.190206
  0.080498  0.080498 -0.058616  0.057716  0.057716 -0.010285 -0.004300 -0.004300
  0.292511  0.014896 -0.120994  0.023895  0.023895  0.023895  0.006624  0.002154
  0.002154 -0.065020  0.003917  0.003917  0.260669 -0.040523 -0.207776  0.040326
  0.040326  0.040326 -0.207776  0.040326  0.040326  0.040326 -0.711060  0.422443
  0.103129  0.003817  0.022944 -0.021047  0.070444  0.027066  0.034459  0.029245
  0.006111 -0.091775  0.015007  0.015007  0.070639 -0.098080  0.029031  0.029031
 -0.072010  0.034009  0.034009 -0.121221  0.040041  0.040041 -0.067421  0.049290
  0.049290  0.083346 -0.011596 -0.118710  0.025041  0.025041  0.025041 -0.085964
 -0.066867  0.014503  0.014503 -0.242905  0.133441 -0.083282  0.026285  0.026285
  0.026285 -0.190206  0.080498  0.080498 -0.058616  0.057716  0.057716 -0.010285
 -0.004300 -0.004300  0.292511  0.014896 -0.120994  0.023895  0.023895  0.023895
  0.006624  0.002154  0.002154 -0.065020  0.003917  0.003917  0.260669 -0.040523
 -0.207776  0.040326  0.040326  0.040326 -0.207776  0.040326  0.040326  0.040326
 -0.711060  0.422443  0.103129  0.003817  0.022944 -0.021047  0.070444  0.027066
  0.034459  0.029245  0.006111 -0.091775  0.015007  0.015007  0.070639 -0.098080
  0.029031  0.029031 -0.072010  0.034009  0.034009 -0.121221  0.040041  0.040041
 -0.067421  0.049290  0.049290  0.083346 -0.011596 -0.118710  0.025041  0.025041
  0.025041 -0.085964 -0.066867  0.014503  0.014503 -0.242905  0.133441 -0.083282
  0.026285  0.026285  0.026285 -0.190206  0.080498  0.080498 -0.058616  0.057716
  0.057716 -0.010285 -0.004300 -0.004300  0.292511  0.014896 -0.120994  0.023895
  0.023895  0.023895  0.006624  0.002154  0.002154 -0.065020  0.003917  0.003917
  0.260669 -0.040523 -0.207776  0.040326  0.040326  0.040326 -0.207776  0.040326
  0.040326  0.040326 -0.711060  0.422443  0.103129  0.003817  0.022944 -0.021047
  0.070444  0.027066  0.034459  0.029245  0.006111 -0.091775  0.015007  0.015007
  0.070639 -0.098080  0.029031  0.029031 -0.072010  0.034009  0.034009 -0.121221
  0.040041  0.040041 -0.067421  0.049290  0.049290  0.083346 -0.011596 -0.118710
  0.025041  0.025041  0.025041 -0.085964 -0.066867  0.014503  0.014503 -0.242905
  0.133441 -0.083282  0.026285  0.026285  0.026285 -0.190206  0.080498  0.080498
 -0.058616  0.057716  0.057716 -0.010285 -0.004300 -0.004300  0.292511  0.014896
 -0.120994  0.023895  0.023895  0.023895  0.006624  0.002154  0.002154 -0.065020
  0.003917  0.003917  0.260669 -0.040523 -0.207776  0.040326  0.040326  0.040326
 -0.207776  0.040326  0.040326  0.040326 -0.711060  0.422443  0.103129  0.003817
  0.022944 -0.021047  0.070444  0.027066  0.034459  0.029245  0.006111 -0.091775
  0.015007  0.015007  0.070639 -0.098080  0.029031  0.029031 -0.072010  0.034009
  0.034009 -0.121221  0.040041  0.040041 -0.067421  0.049290  0.049290  0.083346
 -0.011596 -0.118710  0.025041  0.025041  0.025041 -0.085964 -0.066867  0.014503
  0.014503 -0.242905  0.133441 -0.083282  0.026285  0.026285  0.026285 -0.190206
  0.080498  0.080498 -0.058616  0.057716  0.057716 -0.010285 -0.004300 -0.004300
  0.292511  0.014896 -0.120994  0.023895  0.023895  0.023895  0.006624  0.002154
  0.002154 -0.065020  0.003917  0.003917  0.260669 -0.040523 -0.207776  0.040326
  0.040326  0.040326 -0.207776  0.040326  0.040326  0.040326 -0.711060  0.422443
  0.103129  0.003817  0.022944 -0.021047  0.070444  0.027066  0.034459  0.029245
  0.006111 -0.091775  0.015007  0.015007  0.070639 -0.098080  0.029031  0.029031
 -0.072010  0.034009  0.034009 -0.121221  0.040041  0.040041 -0.067421  0.049290
  0.049290  0.083346 -0.011596 -0.118710  0.025041  0.025041  0.025041 -0.085964
 -0.066867  0.014503  0.014503 -0.242905  0.133441 -0.083282  0.026285  0.026285
  0.026285 -0.190206  0.080498  0.080498 -0.058616  0.057716  0.057716 -0.010285
 -0.004300 -0.004300  0.292511  0.014896 -0.120994  0.023895  0.023895  0.023895
  0.006624  0.002154  0.002154 -0.065020  0.003917  0.003917  0.260669 -0.040523
 -0.207776  0.040326  0.040326  0.040326 -0.207776  0.040326  0.040326  0.040326
 -0.711060  0.422443  0.103129  0.003817  0.022944 -0.021047  0.070444  0.027066
  0.034459  0.029245  0.006111 -0.091775  0.015007  0.015007  0.070639 -0.098080
  0.029031  0.029031 -0.072010  0.034009  0.034009 -0.121221  0.040041  0.040041
 -0.067421  0.049290  0.049290  0.083346 -0.011596 -0.118710  0.025041  0.025041
  0.025041 -0.085964 -0.066867  0.014503  0.014503 -0.242905  0.133441 -0.083282
  0.026285  0.026285  0.026285 -0.190206  0.080498  0.080498 -0.058616  0.057716
  0.057716 -0.010285 -0.004300 -0.004300  0.292511  0.014896 -0.120994  0.023895
  0.023895  0.023895  0.006624  0.002154  0.002154 -0.065020  0.003917  0.003917
  0.260669 -0.040523 -0.207776  0.040326  0.040326  0.040326 -0.207776  0.040326
  0.040326  0.040326 -0.711060  0.422443  0.103129  0.003817  0.022944 -0.021047
  0.070444  0.027066  0.034459  0.029245  0.006111 -0.091775  0.015007  0.015007
  0.070639 -0.098080  0.029031  0.029031 -0.072010  0.034009  0.034009 -0.121221
  0.040041  0.040041 -0.067421  0.049290  0.049290  0.083346 -0.011596 -0.118710
  0.025041  0.025041  0.025041 -0.085964 -0.066867  0.014503  0.014503 -0.242905
  0.133441 -0.083282  0.026285  0.026285  0.026285 -0.190206  0.080498  0.080498
 -0.058616  0.057716  0.057716 -0.010285 -0.004300 -0.004300  0.292511  0.014896
 -0.120994  0.023895  0.023895  0.023895  0.006624  0.002154  0.002154 -0.065020
  0.003917  0.003917  0.260669 -0.040523 -0.207776  0.040326  0.040326  0.040326
 -0.207776  0.040326  0.040326  0.040326 -0.711060  0.422443  0.103129  0.003817
  0.022944 -0.021047  0.070444  0.027066  0.034459  0.029245  0.006111 -0.091775
  0.015007  0.015007  0.070639 -0.098080  0.029031  0.029031 -0.072010  0.034009
  0.034009 -0.121221  0.040041  0.040041 -0.067421  0.049290  0.049290  0.083346
 -0.011596 -0.118710  0.025041  0.025041  0.025041 -0.085964 -0.066867  0.014503
  0.014503 -0.242905  0.133441 -0.083282  0.026285  0.026285  0.026285 -0.190206
  0.080498  0.080498 -0.058616  0.057716  0.057716 -0.010285 -0.004300 -0.004300
  0.292511  0.014896 -0.120994  0.023895  0.023895  0.023895  0.006624  0.002154
  0.002154 -0.065020  0.003917  0.003917  0.260669 -0.040523 -0.207776  0.040326
  0.040326  0.040326 -0.207776  0.040326  0.040326  0.040326 -0.711060  0.422443
  0.103129  0.003817  0.022944 -0.021047  0.070444  0.027066  0.034459  0.029245
  0.006111 -0.091775  0.015007  0.015007  0.070639 -0.098080  0.029031  0.029031
 -0.072010  0.034009  0.034009 -0.121221  0.040041  0.040041 -0.067421  0.049290
  0.049290  0.083346 -0.011596 -0.118710  0.025041  0.025041  0.025041 -0.085964
 -0.066867  0.014503  0.014503 -0.242905  0.133441 -0.083282  0.026285  0.026285
  0.026285 -0.190206  0.080498  0.080498 -0.058616  0.057716  0.057716 -0.010285
 -0.004300 -0.004300  0.292511  0.014896 -0.120994  0.023895  0.023895  0.023895
  0.006624  0.002154  0.002154 -0.065020  0.003917  0.003917  0.260669 -0.040523
 -0.207776  0.040326  0.040326  0.040326 -0.207776  0.040326  0.040326  0.040326
 -0.711060  0.422443  0.103129  0.003817  0.022944 -0.021047  0.070444  0.027066
  0.034459  0.029245  0.006111 -0.091775  0.015007  0.015007  0.070639 -0.098080
  0.029031  0.029031 -0.072010  0.034009  0.034009 -0.121221  0.040041  0.040041
 -0.067421  0.049290  0.049290  0.083346 -0.011596 -0.118710  0.025041  0.025041
  0.025041 -0.085964 -0.066867  0.014503  0.014503 -0.242905  0.133441 -0.083282
  0.026285  0.026285  0.026285 -0.190206  0.080498  0.080498 -0.058616  0.057716
  0.057716 -0.010285 -0.004300 -0.004300  0.292511  0.014896 -0.120994  0.023895
  0.023895  0.023895  0.006624  0.002154  0.002154 -0.065020  0.003917  0.003917
  0.260669 -0.040523 -0.207776  0.040326  0.040326  0.040326 -0.207776  0.040326
  0.040326  0.040326 -0.711060  0.422443  0.103129  0.003817  0.022944 -0.021047
  0.070444  0.027066  0.034459  0.029245  0.006111 -0.091775  0.015007  0.015007
  0.070639 -0.098080  0.029031  0.029031 -0.072010  0.034009  0.034009 -0.121221
  0.040041  0.040041 -0.067421  0.049290  0.049290  0.083346 -0.011596 -0.118710
  0.025041  0.025041  0.025041 -0.085964 -0.066867  0.014503  0.014503 -0.242905
  0.133441 -0.083282  0.026285  0.026285  0.026285 -0.190206  0.080498  0.080498
 -0.058616  0.057716  0.057716 -0.010285 -0.004300 -0.004300  0.292511  0.014896
 -0.120994  0.023895  0.023895  0.023895  0.006624  0.002154  0.002154 -0.065020
  0.003917  0.003917  0.260669 -0.040523 -0.207776  0.040326  0.040326  0.040326
 -0.207776  0.040326  0.040326  0.040326 -0.711060  0.422443  0.103129  0.003817
  0.022944 -0.021047  0.070444  0.027066  0.034459  0.029245  0.006111 -0.091775
  0.015007  0.015007  0.070639 -0.098080  0.029031  0.029031 -0.072010  0.034009
  0.034009 -0.121221  0.040041  0.040041 -0.067421  0.049290  0.049290  0.083346
 -0.011596 -0.118710  0.025041  0.025041  0.025041 -0.085964 -0.066867  0.014503
  0.014503 -0.242905  0.133441 -0.083282  0.026285  0.026285  0.026285 -0.190206
  0.080498  0.080498 -0.058616  0.057716  0.057716 -0.010285 -0.004300 -0.004300
  0.292511  0.014896 -0.120994  0.023895  0.023895  0.023895  0.006624  0.002154
  0.002154 -0.065020  0.003917  0.003917  0.260669 -0.040523 -0.207776  0.040326
  0.040326  0.040326 -0.207776  0.040326  0.040326  0.040326 -0.711060  0.422443
  0.103129  0.003817  0.022944 -0.021047  0.070444  0.027066  0.034459  0.029245
  0.006111 -0.091775  0.015007  0.015007  0.070639 -0.098080  0.029031  0.029031
 -0.072010  0.034009  0.034009 -0.121221  0.040041  0.040041 -0.067421  0.049290
  0.049290  0.083346 -0.011596 -0.118710  0.025041  0.025041  0.025041 -0.085964
 -0.066867  0.014503  0.014503 -0.242905  0.133441 -0.083282  0.026285  0.026285
  0.026285 -0.190206  0.080498  0.080498 -0.058616  0.057716  0.057716 -0.010285
 -0.004300 -0.004300  0.292511  0.014896 -0.120994  0.023895  0.023895  0.023895
  0.006624  0.002154  0.002154 -0.065020  0.003917  0.003917  0.260669 -0.040523
 -0.207776  0.040326  0.040326  0.040326 -0.207776  0.040326  0.040326  0.040326
 -0.711060  0.422443  0.103129  0.003817  0.022944 -0.021047  0.070444  0.027066
  0.034459  0.029245  0.006111 -0.091775  0.015007  0.015007  0.070639 -0.098080
  0.029031  0.029031 -0.072010  0.034009  0.034009 -0.121221  0.040041  0.040041
 -0.067421  0.049290  0.049290  0.083346 -0.011596 -0.118710  0.025041  0.025041
  0.025041 -0.085964 -0.066867  0.014503  0.014503 -0.242905  0.133441 -0.083282
  0.026285  0.026285  0.026285 -0.190206  0.080498  0.080498 -0.058616  0.057716
  0.057716 -0.010285 -0.004300 -0.004300  0.292511  0.014896 -0.120994  0.023895
  0.023895  0.023895  0.006624  0.002154  0.002154 -0.065020  0.003917  0.003917
  0.260669 -0.040523 -0.207776  0.040326  0.040326  0.040326 -0.207776  0.040326
  0.040326  0.040326 -0.711060  0.422443  0.103129  0.003817  0.022944 -0.021047
  0.070444  0.027066  0.034459  0.029245  0.006111 -0.091775  0.015007  0.015007
  0.070639 -0.098080  0.029031  0.029031 -0.072010  0.034009  0.034009 -0.121221
  0.040041  0.040041 -0.067421  0.049290  0.049290  0.083346 -0.011596 -0.118710
  0.025041  0.025041  0.025041 -0.085964 -0.066867  0.014503  0.014503 -0.242905
  0.133441 -0.083282  0.026285  0.026285  0.026285 -0.190206  0.080498  0.080498
 -0.058616  0.057716  0.057716 -0.010285 -0.004300 -0.004300  0.292511  0.014896
 -0.120994  0.023895  0.023895  0.023895  0.006624  0.002154  0.002154 -0.065020
  0.003917  0.003917  0.260669 -0.040523 -0.207776  0.040326  0.040326  0.040326
 -0.207776  0.040326  0.040326  0.040326 -0.711060  0.422443  0.103129  0.003817
  0.022944 -0.021047  0.070444  0.027066  0.034459  0.029245  0.006111 -0.091775
  0.015007  0.015007  0.070639 -0.098080  0.029031  0.029031 -0.072010  0.034009
  0.034009 -0.121221  0.040041  0.040041 -0.067421  0.049290  0.049290  0.083346
 -0.011596 -0.118710  0.025041  0.025041  0.025041 -0.085964 -0.066867  0.014503
  0.014503 -0.242905  0.133441 -0.083282  0.026285  0.026285  0.026285 -0.190206
  0.080498  0.080498 -0.058616  0.057716  0.057716 -0.010285 -0.004300 -0.004300
  0.292511  0.014896 -0.120994  0.023895  0.023895  0.023895  0.006624  0.002154
  0.002154 -0.065020  0.003917  0.003917  0.260669 -0.040523 -0.207776  0.040326
  0.040326  0.040326 -0.207776  0.040326  0.040326  0.040326 -0.711060  0.422443
  0.103129  0.003817  0.022944 -0.021047  0.070444  0.027066  0.034459  0.029245
  0.006111 -0.091775  0.015007  0.015007  0.070639 -0.098080  0.029031  0.029031
 -0.072010  0.034009  0.034009 -0.121221  0.040041  0.040041 -0.067421  0.049290
  0.049290  0.083346 -0.011596 -0.118710  0.025041  0.025041  0.025041 -0.085964
 -0.066867  0.014503  0.014503 -0.242905  0.133441 -0.083282  0.026285  0.026285
  0.026285 -0.190206  0.080498  0.080498 -0.058616  0.057716  0.057716 -0.010285
 -0.004300 -0.004300  0.292511  0.014896 -0.120994  0.023895  0.023895  0.023895
  0.006624  0.002154  0.002154 -0.065020  0.003917  0.003917  0.260669 -0.040523
 -0.207776  0.040326  0.040326  0.040326 -0.207776  0.040326  0.040326  0.040326
 -0.711060  0.422443  0.103129  0.003817  0.022944 -0.021047  0.070444  0.027066
  0.034459  0.029245  0.006111 -0.091775  0.015007  0.015007  0.070639 -0.098080
  0.029031  0.029031 -0.072010  0.034009  0.034009 -0.121221  0.040041  0.040041
 -0.067421  0.049290  0.049290  0.083346 -0.011596 -0.118710  0.025041  0.025041
  0.025041 -0.085964 -0.066867  0.014503  0.014503 -0.242905  0.133441 -0.083282
  0.026285  0.026285  0.026285 -0.190206  0.080498  0.080498 -0.058616  0.057716
  0.057716 -0.010285 -0.004300 -0.004300  0.292511  0.014896 -0.120994  0.023895
  0.023895  0.023895  0.006624  0.002154  0.002154 -0.065020  0.003917  0.003917
  0.260669 -0.040523 -0.207776  0.040326  0.040326  0.040326 -0.207776  0.040326
  0.040326  0.040326 -0.711060  0.422443  0.103129  0.003817  0.022944 -0.021047
  0.070444  0.027066  0.034459  0.029245  0.006111 -0.091775  0.015007  0.015007
  0.070639 -0.098080  0.029031  0.029031 -0.072010  0.034009  0.034009 -0.121221
  0.040041  0.040041 -0.067421  0.049290  0.049290  0.083346 -0.011596 -0.118710
  0.025041  0.025041  0.025041 -0.085964 -0.066867  0.014503  0.014503 -0.242905
  0.133441 -0.083282  0.026285  0.026285  0.026285 -0.190206  0.080498  0.080498
 -0.058616  0.057716  0.057716 -0.010285 -0.004300 -0.004300  0.292511  0.014896
 -0.120994  0.023895  0.023895  0.023895  0.006624  0.002154  0.002154 -0.065020
  0.003917  0.003917  0.260669 -0.040523 -0.207776  0.040326  0.040326  0.040326
 -0.207776  0.040326  0.040326  0.040326 -0.711060  0.422443  0.103129  0.003817
  0.022944 -0.021047  0.070444  0.027066  0.034459  0.029245  0.006111 -0.091775
  0.015007  0.015007  0.070639 -0.098080  0.029031  0.029031 -0.072010  0.034009
  0.034009 -0.121221  0.040041  0.040041 -0.067421  0.049290  0.049290  0.083346
 -0.011596 -0.118710  0.025041  0.025041  0.025041 -0.085964 -0.066867  0.014503
  0.014503 -0.242905  0.133441 -0.083282  0.026285  0.026285  0.026285 -0.190206
  0.080498  0.080498 -0.058616  0.057716  0.057716 -0.010285 -0.004300 -0.004300
  0.292511  0.014896 -0.120994  0.023895  0.023895  0.023895  0.006624  0.002154
  0.002154 -0.065020  0.003917  0.003917  0.260669 -0.040523 -0.207776  0.040326
  0.040326  0.040326 -0.207776  0.040326  0.040326  0.040326 -0.711060  0.422443
  0.103129  0.003817  0.022944 -0.021047  0.070444  0.027066  0.034459  0.029245
  0.006111 -0.091775  0.015007  0.015007  0.070639 -0.098080  0.029031  0.029031
 -0.072010  0.034009  0.034009 -0.121221  0.040041  0.040041 -0.067421  0.049290
  0.049290  0.083346 -0.011596 -0.118710  0.025041  0.025041  0.025041 -0.085964
 -0.066867  0.014503  0.014503 -0.242905  0.133441 -0.083282  0.026285  0.026285
  0.026285 -0.190206  0.080498  0.080498 -0.058616  0.057716  0.057716 -0.010285
 -0.004300 -0.004300  0.292511  0.014896 -0.120994  0.023895  0.023895  0.023895
  0.006624  0.002154  0.002154 -0.065020  0.003917  0.003917  0.260669 -0.040523
 -0.207776  0.040326  0.040326  0.040326 -0.207776  0.040326  0.040326  0.040326
 -0.711060  0.422443  0.103129  0.003817  0.022944 -0.021047  0.070444  0.027066
  0.034459  0.029245  0.006111 -0.091775  0.015007  0.015007  0.070639 -0.098080
  0.029031  0.029031 -0.072010  0.034009  0.034009 -0.121221  0.040041  0.040041
 -0.067421  0.049290  0.049290  0.083346 -0.011596 -0.118710  0.025041  0.025041
  0.025041 -0.085964 -0.066867  0.014503  0.014503 -0.242905  0.133441 -0.083282
  0.026285  0.026285  0.026285 -0.190206  0.080498  0.080498 -0.058616  0.057716
  0.057716 -0.010285 -0.004300 -0.004300  0.292511  0.014896 -0.120994  0.023895
  0.023895  0.023895  0.006624  0.002154  0.002154 -0.065020  0.003917  0.003917
  0.260669 -0.040523 -0.207776  0.040326  0.040326  0.040326 -0.207776  0.040326
  0.040326  0.040326 -0.711060  0.422443  0.103129  0.003817  0.022944 -0.021047
  0.070444  0.027066  0.034459  0.029245  0.006111 -0.091775  0.015007  0.015007
  0.070639 -0.098080  0.029031  0.029031 -0.072010  0.034009  0.034009 -0.121221
  0.040041  0.040041 -0.067421  0.049290  0.049290  0.083346 -0.011596 -0.118710
  0.025041  0.025041  0.025041 -0.085964 -0.066867  0.014503  0.014503 -0.242905
  0.133441 -0.083282  0.026285  0.026285  0.026285 -0.190206  0.080498  0.080498
 -0.058616  0.057716  0.057716 -0.010285 -0.004300 -0.004300  0.292511  0.014896
 -0.120994  0.023895  0.023895  0.023895  0.006624  0.002154  0.002154 -0.065020
  0.003917  0.003917  0.260669 -0.040523 -0.207776  0.040326  0.040326  0.040326
 -0.207776  0.040326  0.040326  0.040326 -0.711060  0.422443  0.103129  0.003817
  0.022944 -0.021047  0.070444  0.027066  0.034459  0.029245  0.006111 -0.091775
  0.015007  0.015007  0.070639 -0.098080  0.029031  0.029031 -0.072010  0.034009
  0.034009 -0.121221  0.040041  0.040041 -0.067421  0.049290  0.049290  0.083346
 -0.011596 -0.118710  0.025041  0.025041  0.025041 -0.085964 -0.066867  0.014503
  0.014503 -0.242905  0.133441 -0.083282  0.026285  0.026285  0.026285 -0.190206
  0.080498  0.080498 -0.058616  0.057716  0.057716 -0.010285 -0.004300 -0.004300
  0.292511  0.014896 -0.120994  0.023895  0.023895  0.023895  0.006624  0.002154
  0.002154 -0.065020  0.003917  0.003917  0.260669 -0.040523 -0.207776  0.040326
  0.040326  0.040326 -0.207776  0.040326  0.040326  0.040326 -0.711060  0.422443
  0.103129  0.003817  0.022944 -0.021047  0.070444  0.027066  0.034459  0.029245
  0.006111 -0.091775  0.015007  0.015007  0.070639 -0.098080  0.029031  0.029031
 -0.072010  0.034009  0.034009 -0.121221  0.040041  0.040041 -0.067421  0.049290
  0.049290  0.083346 -0.011596 -0.118710  0.025041  0.025041  0.025041 -0.085964
 -0.066867  0.014503  0.014503 -0.242905  0.133441 -0.083282  0.026285  0.026285
  0.026285 -0.190206  0.080498  0.080498 -0.058616  0.057716  0.057716 -0.010285
 -0.004300 -0.004300  0.292511  0.014896 -0.120994  0.023895  0.023895  0.023895
  0.006624  0.002154  0.002154 -0.065020  0.003917  0.003917  0.260669 -0.040523
 -0.207776  0.040326  0.040326  0.040326 -0.207776  0.040326  0.040326  0.040326
 -0.711060  0.422443  0.103129  0.003817  0.022944 -0.021047  0.070444  0.027066
  0.034459  0.029245  0.006111 -0.091775  0.015007  0.015007  0.070639 -0.098080
  0.029031  0.029031 -0.072010  0.034009  0.034009 -0.121221  0.040041  0.040041
 -0.067421  0.049290  0.049290  0.083346 -0.011596 -0.118710  0.025041  0.025041
  0.025041 -0.085964 -0.066867  0.014503  0.014503 -0.242905  0.133441 -0.083282
  0.026285  0.026285  0.026285 -0.190206  0.080498  0.080498 -0.058616  0.057716
  0.057716 -0.010285 -0.004300 -0.004300  0.292511  0.014896 -0.120994  0.023895
  0.023895  0.023895  0.006624  0.002154  0.002154 -0.065020  0.003917  0.003917
  0.260669 -0.040523 -0.207776  0.040326  0.040326  0.040326 -0.207776  0.040326
  0.040326  0.040326 -0.711060  0.422443  0.103129  0.003817  0.022944 -0.021047
  0.070444  0.027066  0.034459  0.029245  0.006111 -0.091775  0.015007  0.015007
  0.070639 -0.098080  0.029031  0.029031 -0.072010  0.034009  0.034009 -0.121221
  0.040041  0.040041 -0.067421  0.049290  0.049290  0.083346 -0.011596 -0.118710
  0.025041  0.025041  0.025041 -0.085964 -0.066867  0.014503  0.014503 -0.242905
  0.133441 -0.083282  0.026285  0.026285  0.026285 -0.190206  0.080498  0.080498
 -0.058616  0.057716  0.057716 -0.010285 -0.004300 -0.004300  0.292511  0.014896
 -0.120994  0.023895  0.023895  0.023895  0.006624  0.002154  0.002154 -0.065020
  0.003917  0.003917  0.260669 -0.040523 -0.207776  0.040326  0.040326  0.040326
 -0.207776  0.040326  0.040326  0.040326 -0.711060  0.422443  0.103129  0.003817
  0.022944 -0.021047  0.070444  0.027066  0.034459  0.029245  0.006111 -0.091775
  0.015007  0.015007  0.070639 -0.098080  0.029031  0.029031 -0.072010  0.034009
  0.034009 -0.121221  0.040041  0.040041 -0.067421  0.049290  0.049290  0.083346
 -0.011596 -0.118710  0.025041  0.025041  0.025041 -0.085964 -0.066867  0.014503
  0.014503 -0.242905  0.133441 -0.083282  0.026285  0.026285  0.026285 -0.190206
  0.080498  0.080498 -0.058616  0.057716  0.057716 -0.010285 -0.004300 -0.004300
  0.292511  0.014896 -0.120994  0.023895  0.023895  0.023895  0.006624  0.002154
  0.002154 -0.065020  0.003917  0.003917  0.260669 -0.040523 -0.207776  0.040326
  0.040326  0.040326 -0.207776  0.040326  0.040326  0.040326 -0.711060  0.422443
  0.103129  0.003817  0.022944 -0.021047  0.070444  0.027066  0.034459  0.029245
  0.006111 -0.091775  0.015007  0.015007  0.070639 -0.098080  0.029031  0.029031
 -0.072010  0.034009  0.034009 -0.121221  0.040041  0.040041 -0.067421  0.049290
  0.049290  0.083346 -0.011596 -0.118710  0.025041  0.025041  0.025041 -0.085964
 -0.066867  0.014503  0.014503 -0.242905  0.133441 -0.083282  0.026285  0.026285
  0.026285 -0.190206  0.080498  0.080498 -0.058616  0.057716  0.057716 -0.010285
 -0.004300 -0.004300  0.292511  0.014896 -0.120994  0.023895  0.023895  0.023895
  0.006624  0.002154  0.002154 -0.065020  0.003917  0.003917  0.260669 -0.040523
 -0.207776  0.040326  0.040326  0.040326 -0.207776  0.040326  0.040326  0.040326
 -0.711060  0.422443  0.103129  0.003817  0.022944 -0.021047  0.070444  0.027066
  0.034459  0.029245  0.006111 -0.091775  0.015007  0.015007  0.070639 -0.098080
  0.029031  0.029031 -0.072010  0.034009  0.034009 -0.121221  0.040041  0.040041
 -0.067421  0.049290  0.049290  0.083346 -0.011596 -0.118710  0.025041  0.025041
  0.025041 -0.085964 -0.066867  0.014503  0.014503 -0.242905  0.133441 -0.083282
  0.026285  0.026285  0.026285 -0.190206  0.080498  0.080498 -0.058616  0.057716
  0.057716 -0.010285 -0.004300 -0.004300  0.292511  0.014896 -0.120994  0.023895
  0.023895  0.023895  0.006624  0.002154  0.002154 -0.065020  0.003917  0.003917
  0.260669 -0.040523 -0.207776  0.040326  0.040326  0.040326 -0.207776  0.040326
  0.040326  0.040326 -0.711060  0.422443  0.103129  0.003817  0.022944 -0.021047
  0.070444  0.027066  0.034459  0.029245  0.006111 -0.091775  0.015007  0.015007
  0.070639 -0.098080  0.029031  0.029031 -0.072010  0.034009  0.034009 -0.121221
  0.040041  0.040041 -0.067421  0.049290  0.049290  0.083346 -0.011596 -0.118710
  0.025041  0.025041  0.025041 -0.085964 -0.066867  0.014503  0.014503 -0.242905
  0.133441 -0.083282  0.026285  0.026285  0.026285 -0.190206  0.080498  0.080498
 -0.058616  0.057716  0.057716 -0.010285 -0.004300 -0.004300  0.292511  0.014896
 -0.120994  0.023895  0.023895  0.023895  0.006624  0.002154  0.002154 -0.065020
  0.003917  0.003917  0.260669 -0.040523 -0.207776  0.040326  0.040326  0.040326
 -0.207776  0.040326  0.040326  0.040326 -0.711060  0.422443  0.103129  0.003817
  0.022944 -0.021047  0.070444  0.027066  0.034459  0.029245  0.006111 -0.091775
  0.015007  0.015007  0.070639 -0.098080  0.029031  0.029031 -0.072010  0.034009
  0.034009 -0.121221  0.040041  0.040041 -0.067421  0.049290  0.049290  0.083346
 -0.011596 -0.118710  0.025041  0.025041  0.025041 -0.085964 -0.066867  0.014503
  0.014503 -0.242905  0.133441 -0.083282  0.026285  0.026285  0.026285 -0.190206
  0.080498  0.080498 -0.058616  0.057716  0.057716 -0.010285 -0.004300 -0.004300
  0.292511  0.014896 -0.120994  0.023895  0.023895  0.023895  0.006624  0.002154
  0.002154 -0.065020  0.003917  0.003917  0.260669 -0.040523 -0.207776  0.040326
  0.040326  0.040326 -0.207776  0.040326  0.040326  0.040326 -0.711060  0.422443
  0.103129  0.003817  0.022944 -0.021047  0.070444  0.027066  0.034459  0.029245
  0.006111 -0.091775  0.015007  0.015007  0.070639 -0.098080  0.029031  0.029031
 -0.072010  0.034009  0.034009 -0.121221  0.040041  0.040041 -0.067421  0.049290
  0.049290  0.083346 -0.011596 -0.118710  0.025041  0.025041  0.025041 -0.085964
 -0.066867  0.014503  0.014503 -0.242905  0.133441 -0.083282  0.026285  0.026285
  0.026285 -0.190206  0.080498  0.080498 -0.058616  0.057716  0.057716 -0.010285
 -0.004300 -0.004300  0.292511  0.014896 -0.120994  0.023895  0.023895  0.023895
  0.006624  0.002154  0.002154 -0.065020  0.003917  0.003917  0.260669 -0.040523
 -0.207776  0.040326  0.040326  0.040326 -0.207776  0.040326  0.040326  0.040326
 -0.711060  0.422443  0.103129  0.003817  0.022944 -0.021047  0.070444  0.027066
  0.034459  0.029245  0.006111 -0.091775  0.015007  0.015007  0.070639 -0.098080
  0.029031  0.029031 -0.072010  0.034009  0.034009 -0.121221  0.040041  0.040041
 -0.067421  0.049290  0.049290  0.083346 -0.011596 -0.118710  0.025041  0.025041
  0.025041 -0.085964 -0.066867  0.014503  0.014503 -0.242905  0.133441 -0.083282
  0.026285  0.026285  0.026285 -0.190206  0.080498  0.080498 -0.058616  0.057716
  0.057716 -0.010285 -0.004300 -0.004300  0.292511  0.014896 -0.120994  0.023895
  0.023895  0.023895  0.006624  0.002154  0.002154 -0.065020  0.003917  0.003917
  0.260669 -0.040523 -0.207776  0.040326  0.040326  0.040326 -0.207776  0.040326
  0.040326  0.040326 -0.711060  0.422443  0.103129  0.003817  0.022944 -0.021047
  0.070444  0.027066  0.034459  0.029245  0.006111 -0.091775  0.015007  0.015007
  0.070639 -0.098080  0.029031  0.029031 -0.072010  0.034009  0.034009 -0.121221
  0.040041  0.040041 -0.067421  0.049290  0.049290  0.083346 -0.011596 -0.118710
  0.025041  0.025041  0.025041 -0.085964 -0.066867  0.014503  0.014503 -0.242905
  0.133441 -0.083282  0.026285  0.026285  0.026285 -0.190206  0.080498  0.080498
 -0.058616  0.057716  0.057716 -0.010285 -0.004300 -0.004300  0.292511  0.014896
 -0.120994  0.023895  0.023895  0.023895  0.006624  0.002154  0.002154 -0.065020
  0.003917  0.003917  0.260669 -0.040523 -0.207776  0.040326  0.040326  0.040326
 -0.207776  0.040326  0.040326  0.040326 -0.711060  0.422443  0.103129  0.003817
  0.022944 -0.021047  0.070444  0.027066  0.034459  0.029245  0.006111 -0.091775
  0.015007  0.015007  0.070639 -0.098080  0.029031  0.029031 -0.072010  0.034009
  0.034009 -0.121221  0.040041  0.040041 -0.067421  0.049290  0.049290  0.083346
 -0.011596 -0.118710  0.025041  0.025041  0.025041 -0.085964 -0.066867  0.014503
  0.014503 -0.242905  0.133441 -0.083282  0.026285  0.026285  0.026285 -0.190206
  0.080498  0.080498 -0.058616  0.057716  0.057716 -0.010285 -0.004300 -0.004300
  0.292511  0.014896 -0.120994  0.023895  0.023895  0.023895  0.006624  0.002154
  0.002154 -0.065020  0.003917  0.003917  0.260669 -0.040523 -0.207776  0.040326
  0.040326  0.040326 -0.207776  0.040326  0.040326  0.040326 -0.711060  0.422443
  0.103129  0.003817  0.022944 -0.021047  0.070444  0.027066  0.034459  0.029245
  0.006111 -0.091775  0.015007  0.015007  0.070639 -0.098080  0.029031  0.029031
 -0.072010  0.034009  0.034009 -0.121221  0.040041  0.040041 -0.067421  0.049290
  0.049290  0.083346 -0.011596 -0.118710  0.025041  0.025041  0.025041 -0.085964
 -0.066867  0.014503  0.014503 -0.242905  0.133441 -0.083282  0.026285  0.026285
  0.026285 -0.190206  0.080498  0.080498 -0.058616  0.057716  0.057716 -0.010285
 -0.004300 -0.004300  0.292511  0.014896 -0.120994  0.023895  0.023895  0.023895
  0.006624  0.002154  0.002154 -0.065020  0.003917  0.003917  0.260669 -0.040523
 -0.207776  0.040326  0.040326  0.040326 -0.207776  0.040326  0.040326  0.040326
 -0.711060  0.422443  0.103129  0.003817  0.022944 -0.021047  0.070444  0.027066
  0.034459  0.029245  0.006111 -0.091775  0.015007  0.015007  0.070639 -0.098080
  0.029031  0.029031 -0.072010  0.034009  0.034009 -0.121221  0.040041  0.040041
 -0.067421  0.049290  0.049290  0.083346 -0.011596 -0.118710  0.025041  0.025041
  0.025041 -0.085964 -0.066867  0.014503  0.014503 -0.242905  0.133441 -0.083282
  0.026285  0.026285  0.026285 -0.190206  0.080498  0.080498 -0.058616  0.057716
  0.057716 -0.010285 -0.004300 -0.004300  0.292511  0.014896 -0.120994  0.023895
  0.023895  0.023895  0.006624  0.002154  0.002154 -0.065020  0.003917  0.003917
  0.260669 -0.040523 -0.207776  0.040326  0.040326  0.040326 -0.207776  0.040326
  0.040326  0.040326 -0.711060  0.422443  0.103129  0.003817  0.022944 -0.021047
  0.070444  0.027066  0.034459  0.029245  0.006111 -0.091775  0.015007  0.015007
  0.070639 -0.098080  0.029031  0.029031 -0.072010  0.034009  0.034009 -0.121221
  0.040041  0.040041 -0.067421  0.049290  0.049290  0.083346 -0.011596 -0.118710
  0.025041  0.025041  0.025041 -0.085964 -0.066867  0.014503  0.014503 -0.242905
  0.133441 -0.083282  0.026285  0.026285  0.026285 -0.190206  0.080498  0.080498
 -0.058616  0.057716  0.057716 -0.010285 -0.004300 -0.004300  0.292511  0.014896
 -0.120994  0.023895  0.023895  0.023895  0.006624  0.002154  0.002154 -0.065020
  0.003917  0.003917  0.260669 -0.040523 -0.207776  0.040326  0.040326  0.040326
 -0.207776  0.040326  0.040326  0.040326 -0.711060  0.422443  0.103129  0.003817
  0.022944 -0.021047  0.070444  0.027066  0.034459  0.029245  0.006111 -0.091775
  0.015007  0.015007  0.070639 -0.098080  0.029031  0.029031 -0.072010  0.034009
  0.034009 -0.121221  0.040041  0.040041 -0.067421  0.049290  0.049290  0.083346
 -0.011596 -0.118710  0.025041  0.025041  0.025041 -0.085964 -0.066867  0.014503
  0.014503 -0.242905  0.133441 -0.083282  0.026285  0.026285  0.026285 -0.190206
  0.080498  0.080498 -0.058616  0.057716  0.057716 -0.010285 -0.004300 -0.004300
  0.292511  0.014896 -0.120994  0.023895  0.023895  0.023895  0.006624  0.002154
  0.002154 -0.065020  0.003917  0.003917  0.260669 -0.040523 -0.207776  0.040326
  0.040326  0.040326 -0.207776  0.040326  0.040326  0.040326 -0.711060  0.422443
  0.103129  0.003817  0.022944 -0.021047  0.070444  0.027066  0.034459  0.029245
  0.006111 -0.091775  0.015007  0.015007  0.070639 -0.098080  0.029031  0.029031
 -0.072010  0.034009  0.034009 -0.121221  0.040041  0.040041 -0.067421  0.049290
  0.049290  0.083346 -0.011596 -0.118710  0.025041  0.025041  0.025041 -0.085964
 -0.066867  0.014503  0.014503 -0.242905  0.133441 -0.083282  0.026285  0.026285
  0.026285 -0.190206  0.080498  0.080498 -0.058616  0.057716  0.057716 -0.010285
 -0.004300 -0.004300  0.292511  0.014896 -0.120994  0.023895  0.023895  0.023895
  0.006624  0.002154  0.002154 -0.065020  0.003917  0.003917  0.260669 -0.040523
 -0.207776  0.040326  0.040326  0.040326 -0.207776  0.040326  0.040326  0.040326
 -0.711060  0.422443  0.103129  0.003817  0.022944 -0.021047  0.070444  0.027066
  0.034459  0.029245  0.006111 -0.091775  0.015007  0.015007  0.070639 -0.098080
  0.029031  0.029031 -0.072010  0.034009  0.034009 -0.121221  0.040041  0.040041
 -0.067421  0.049290  0.049290  0.083346 -0.011596 -0.118710  0.025041  0.025041
  0.025041 -0.085964 -0.066867  0.014503  0.014503 -0.242905  0.133441 -0.083282
  0.026285  0.026285  0.026285 -0.190206  0.080498  0.080498 -0.058616  0.057716
  0.057716 -0.010285 -0.004300 -0.004300  0.292511  0.014896 -0.120994  0.023895
  0.023895  0.023895  0.006624  0.002154  0.002154 -0.065020  0.003917  0.003917
  0.260669 -0.040523 -0.207776  0.040326  0.040326  0.040326 -0.207776  0.040326
  0.040326  0.040326 -0.711060  0.422443  0.103129  0.003817  0.022944 -0.021047
  0.070444  0.027066  0.034459  0.029245  0.006111 -0.091775  0.015007  0.015007
  0.070639 -0.098080  0.029031  0.029031 -0.072010  0.034009  0.034009 -0.121221
  0.040041  0.040041 -0.067421  0.049290  0.049290  0.083346 -0.011596 -0.118710
  0.025041  0.025041  0.025041 -0.085964 -0.066867  0.014503  0.014503 -0.242905
  0.133441 -0.083282  0.026285  0.026285  0.026285 -0.190206  0.080498  0.080498
 -0.058616  0.057716  0.057716 -0.010285 -0.004300 -0.004300  0.292511  0.014896
 -0.120994  0.023895  0.023895  0.023895  0.006624  0.002154  0.002154 -0.065020
  0.003917  0.003917  0.260669 -0.040523 -0.207776  0.040326  0.040326  0.040326
 -0.207776  0.040326  0.040326  0.040326 -0.711060  0.422443  0.103129  0.003817
  0.022944 -0.021047  0.070444  0.027066  0.034459  0.029245  0.006111 -0.091775
  0.015007  0.015007  0.070639 -0.098080  0.029031  0.029031 -0.072010  0.034009
  0.034009 -0.121221  0.040041  0.040041 -0.067421  0.049290  0.049290  0.083346
 -0.011596 -0.118710  0.025041  0.025041  0.025041 -0.085964 -0.066867  0.014503
  0.014503 -0.242905  0.133441 -0.083282  0.026285  0.026285  0.026285 -0.190206
  0.080498  0.080498 -0.058616  0.057716  0.057716 -0.010285 -0.004300 -0.004300
  0.292511  0.014896 -0.120994  0.023895  0.023895  0.023895  0.006624  0.002154
  0.002154 -0.065020  0.003917  0.003917  0.260669 -0.040523 -0.207776  0.040326
  0.040326  0.040326 -0.207776  0.040326  0.040326  0.040326 -0.711060  0.422443
  0.103129  0.003817  0.022944 -0.021047  0.070444  0.027066  0.034459  0.029245
  0.006111 -0.091775  0.015007  0.015007  0.070639 -0.098080  0.029031  0.029031
 -0.072010  0.034009  0.034009 -0.121221  0.040041  0.040041 -0.067421  0.049290
  0.049290  0.083346 -0.011596 -0.118710  0.025041  0.025041  0.025041 -0.085964
 -0.066867  0.014503  0.014503 -0.242905  0.133441 -0.083282  0.026285  0.026285
  0.026285 -0.190206  0.080498  0.080498 -0.058616  0.057716  0.057716 -0.010285
 -0.004300 -0.004300  0.292511  0.014896 -0.120994  0.023895  0.023895  0.023895
  0.006624  0.002154  0.002154 -0.065020  0.003917  0.003917  0.260669 -0.040523
 -0.207776  0.040326  0.040326  0.040326 -0.207776  0.040326  0.040326  0.040326
 -0.711060  0.422443  0.103129  0.003817  0.022944 -0.021047  0.070444  0.027066
  0.034459  0.029245  0.006111 -0.091775  0.015007  0.015007  0.070639 -0.098080
  0.029031  0.029031 -0.072010  0.034009  0.034009 -0.121221  0.040041  0.040041
 -0.067421  0.049290  0.049290  0.083346 -0.011596 -0.118710  0.025041  0.025041
  0.025041 -0.085964 -0.066867  0.014503  0.014503 -0.242905  0.133441 -0.083282
  0.026285  0.026285  0.026285 -0.190206  0.080498  0.080498 -0.058616  0.057716
  0.057716 -0.010285 -0.004300 -0.004300  0.292511  0.014896 -0.120994  0.023895
  0.023895  0.023895  0.006624  0.002154  0.002154 -0.065020  0.003917  0.003917
  0.260669 -0.040523 -0.207776  0.040326  0.040326  0.040326 -0.207776  0.040326
  0.040326  0.040326 -0.711060  0.422443  0.103129  0.003817  0.022944 -0.021047
  0.070444  0.027066  0.034459  0.029245  0.006111 -0.091775  0.015007  0.015007
  0.070639 -0.098080  0.029031  0.029031 -0.072010  0.034009  0.034009 -0.121221
  0.040041  0.040041 -0.067421  0.049290  0.049290  0.083346 -0.011596 -0.118710
  0.025041  0.025041  0.025041 -0.085964 -0.066867  0.014503  0.014503 -0.242905
  0.133441 -0.083282  0.026285  0.026285  0.026285 -0.190206  0.080498  0.080498
 -0.058616  0.057716  0.057716 -0.010285 -0.004300 -0.004300  0.292511  0.014896
 -0.120994  0.023895  0.023895  0.023895  0.006624  0.002154  0.002154 -0.065020
  0.003917  0.003917  0.260669 -0.040523 -0.207776  0.040326  0.040326  0.040326
 -0.207776  0.040326  0.040326  0.040326 -0.711060  0.422443  0.103129  0.003817
  0.022944 -0.021047  0.070444  0.027066  0.034459  0.029245  0.006111 -0.091775
  0.015007  0.015007  0.070639 -0.098080  0.029031  0.029031 -0.072010  0.034009
  0.034009 -0.121221  0.040041  0.040041 -0.067421  0.049290  0.049290  0.083346
 -0.011596 -0.118710  0.025041  0.025041  0.025041 -0.085964 -0.066867  0.014503
  0.014503 -0.242905  0.133441 -0.083282  0.026285  0.026285  0.026285 -0.190206
  0.080498  0.080498 -0.058616  0.057716  0.057716 -0.010285 -0.004300 -0.004300
  0.292511  0.014896 -0.120994  0.023895  0.023895  0.023895  0.006624  0.002154
  0.002154 -0.065020  0.003917  0.003917  0.260669 -0.040523 -0.207776  0.040326
  0.040326  0.040326 -0.207776  0.040326  0.040326  0.040326 -0.711060  0.422443
  0.103129  0.003817  0.022944 -0.021047  0.070444  0.027066  0.034459  0.029245
  0.006111 -0.091775  0.015007  0.015007  0.070639 -0.098080  0.029031  0.029031
 -0.072010  0.034009  0.034009 -0.121221  0.040041  0.040041 -0.067421  0.049290
  0.049290  0.083346 -0.011596 -0.118710  0.025041  0.025041  0.025041 -0.085964
 -0.066867  0.014503  0.014503 -0.242905  0.133441 -0.083282  0.026285  0.026285
  0.026285 -0.190206  0.080498  0.080498 -0.058616  0.057716  0.057716 -0.010285
 -0.004300 -0.004300  0.292511  0.014896 -0.120994  0.023895  0.023895  0.023895
  0.006624  0.002154  0.002154 -0.065020  0.003917  0.003917  0.260669 -0.040523
 -0.207776  0.040326  0.040326  0.040326 -0.207776  0.040326  0.040326  0.040326
 -0.711060  0.422443  0.103129  0.003817  0.022944 -0.021047  0.070444  0.027066
  0.034459  0.029245  0.006111 -0.091775  0.015007  0.015007  0.070639 -0.098080
  0.029031  0.029031 -0.072010  0.034009  0.034009 -0.121221  0.040041  0.040041
 -0.067421  0.049290  0.049290  0.083346 -0.011596 -0.118710  0.025041  0.025041
  0.025041 -0.085964 -0.066867  0.014503  0.014503 -0.242905  0.133441 -0.083282
  0.026285  0.026285  0.026285 -0.190206  0.080498  0.080498 -0.058616  0.057716
  0.057716 -0.010285 -0.004300 -0.004300  0.292511  0.014896 -0.120994  0.023895
  0.023895  0.023895  0.006624  0.002154  0.002154 -0.065020  0.003917  0.003917
  0.260669 -0.040523 -0.207776  0.040326  0.040326  0.040326 -0.207776  0.040326
  0.040326  0.040326 -0.711060  0.422443  0.103129  0.003817  0.022944 -0.021047
  0.070444  0.027066  0.034459  0.029245  0.006111 -0.091775  0.015007  0.015007
  0.070639 -0.098080  0.029031  0.029031 -0.072010  0.034009  0.034009 -0.121221
  0.040041  0.040041 -0.067421  0.049290  0.049290  0.083346 -0.011596 -0.118710
  0.025041  0.025041  0.025041 -0.085964 -0.066867  0.014503  0.014503 -0.242905
  0.133441 -0.083282  0.026285  0.026285  0.026285 -0.190206  0.080498  0.080498
 -0.058616  0.057716  0.057716 -0.010285 -0.004300 -0.004300  0.292511  0.014896
 -0.120994  0.023895  0.023895  0.023895  0.006624  0.002154  0.002154 -0.065020
  0.003917  0.003917  0.260669 -0.040523 -0.207776  0.040326  0.040326  0.040326
 -0.207776  0.040326  0.040326  0.040326 -0.711060  0.422443  0.103129  0.003817
  0.022944 -0.021047  0.070444  0.027066  0.034459  0.029245  0.006111 -0.091775
  0.015007  0.015007  0.070639 -0.098080  0.029031  0.029031 -0.072010  0.034009
  0.034009 -0.121221  0.040041  0.040041 -0.067421  0.049290  0.049290  0.083346
 -0.011596 -0.118710  0.025041  0.025041  0.025041 -0.085964 -0.066867  0.014503
  0.014503 -0.242905  0.133441 -0.083282  0.026285  0.026285  0.026285 -0.190206
  0.080498  0.080498 -0.058616  0.057716  0.057716 -0.010285 -0.004300 -0.004300
  0.292511  0.014896 -0.120994  0.023895  0.023895  0.023895  0.006624  0.002154
  0.002154 -0.065020  0.003917  0.003917  0.260669 -0.040523 -0.207776  0.040326
  0.040326  0.040326 -0.207776  0.040326  0.040326  0.040326 -0.711060  0.422443
  0.103129  0.003817  0.022944 -0.021047  0.070444  0.027066  0.034459  0.029245
  0.006111 -0.091775  0.015007  0.015007  0.070639 -0.098080  0.029031  0.029031
 -0.072010  0.034009  0.034009 -0.121221  0.040041  0.040041 -0.067421  0.049290
  0.049290  0.083346 -0.011596 -0.118710  0.025041  0.025041  0.025041 -0.085964
 -0.066867  0.014503  0.014503 -0.242905  0.133441 -0.083282  0.026285  0.026285
  0.026285 -0.190206  0.080498  0.080498 -0.058616  0.057716  0.057716 -0.010285
 -0.004300 -0.004300  0.292511  0.014896 -0.120994  0.023895  0.023895  0.023895
  0.006624  0.002154  0.002154 -0.065020  0.003917  0.003917  0.260669 -0.040523
 -0.207776  0.040326  0.040326  0.040326 -0.207776  0.040326  0.040326  0.040326
 -0.711060  0.422443  0.103129  0.003817  0.022944 -0.021047  0.070444  0.027066
  0.034459  0.029245  0.006111 -0.091775  0.015007  0.015007  0.070639 -0.098080
  0.029031  0.029031 -0.072010  0.034009  0.034009 -0.121221  0.040041  0.040041
 -0.067421  0.049290  0.049290  0.083346 -0.011596 -0.118710  0.025041  0.025041
  0.025041 -0.085964 -0.066867  0.014503  0.014503 -0.242905  0.133441 -0.083282
  0.026285  0.026285  0.026285 -0.190206  0.080498  0.080498 -0.058616  0.057716
  0.057716 -0.010285 -0.004300 -0.004300  0.292511  0.014896 -0.120994  0.023895
  0.023895  0.023895  0.006624  0.002154  0.002154 -0.065020  0.003917  0.003917
  0.260669 -0.040523 -0.207776  0.040326  0.040326  0.040326 -0.207776  0.040326
  0.040326  0.040326 -0.711060  0.422443  0.103129  0.003817  0.022944 -0.021047
  0.070444  0.027066  0.034459  0.029245  0.006111 -0.091775  0.015007  0.015007
  0.070639 -0.098080  0.029031  0.029031 -0.072010  0.034009  0.034009 -0.121221
  0.040041  0.040041 -0.067421  0.049290  0.049290  0.083346 -0.011596 -0.118710
  0.025041  0.025041  0.025041 -0.085964 -0.066867  0.014503  0.014503 -0.242905
  0.133441 -0.083282  0.026285  0.026285  0.026285 -0.190206  0.080498  0.080498
 -0.058616  0.057716  0.057716 -0.010285 -0.004300 -0.004300  0.292511  0.014896
 -0.120994  0.023895  0.023895  0.023895  0.006624  0.002154  0.002154 -0.065020
  0.003917  0.003917  0.260669 -0.040523 -0.207776  0.040326  0.040326  0.040326
 -0.207776  0.040326  0.040326  0.040326 -0.711060  0.422443  0.103129  0.003817
  0.022944 -0.021047  0.070444  0.027066  0.034459  0.029245  0.006111 -0.091775
  0.015007  0.015007  0.070639 -0.098080  0.029031  0.029031 -0.072010  0.034009
  0.034009 -0.121221  0.040041  0.040041 -0.067421  0.049290  0.049290  0.083346
 -0.011596 -0.118710  0.025041  0.025041  0.025041 -0.085964 -0.066867  0.014503
  0.014503 -0.242905  0.133441 -0.083282  0.026285  0.026285  0.026285 -0.190206
  0.080498  0.080498 -0.058616  0.057716  0.057716 -0.010285 -0.004300 -0.004300
  0.292511  0.014896 -0.120994  0.023895  0.023895  0.023895  0.006624  0.002154
  0.002154 -0.065020  0.003917  0.003917  0.260669 -0.040523 -0.207776  0.040326
  0.040326  0.040326 -0.207776  0.040326  0.040326  0.040326 -0.711060  0.422443
  0.103129  0.003817  0.022944 -0.021047  0.070444  0.027066  0.034459  0.029245
  0.006111 -0.091775  0.015007  0.015007  0.070639 -0.098080  0.029031  0.029031
 -0.072010  0.034009  0.034009 -0.121221  0.040041  0.040041 -0.067421  0.049290
  0.049290  0.083346 -0.011596 -0.118710  0.025041  0.025041  0.025041 -0.085964
 -0.066867  0.014503  0.014503 -0.242905  0.133441 -0.083282  0.026285  0.026285
  0.026285 -0.190206  0.080498  0.080498 -0.058616  0.057716  0.057716 -0.010285
 -0.004300 -0.004300  0.292511  0.014896 -0.120994  0.023895  0.023895  0.023895
  0.006624  0.002154  0.002154 -0.065020  0.003917  0.003917  0.260669 -0.040523
 -0.207776  0.040326  0.040326  0.040326 -0.207776  0.040326  0.040326  0.040326
 -0.711060  0.422443  0.103129  0.003817  0.022944 -0.021047  0.070444  0.027066
  0.034459  0.029245  0.006111 -0.091775  0.015007  0.015007  0.070639 -0.098080
  0.029031  0.029031 -0.072010  0.034009  0.034009 -0.121221  0.040041  0.040041
 -0.067421  0.049290  0.049290  0.083346 -0.011596 -0.118710  0.025041  0.025041
  0.025041 -0.085964 -0.066867  0.014503  0.014503 -0.242905  0.133441 -0.083282
  0.026285  0.026285  0.026285 -0.190206  0.080498  0.080498 -0.058616  0.057716
  0.057716 -0.010285 -0.004300 -0.004300  0.292511  0.014896 -0.120994  0.023895
  0.023895  0.023895  0.006624  0.002154  0.002154 -0.065020  0.003917  0.003917
  0.260669 -0.040523 -0.207776  0.040326  0.040326  0.040326 -0.207776  0.040326
  0.040326  0.040326 -0.711060  0.422443  0.103129  0.003817  0.022944 -0.021047
  0.070444  0.027066  0.034459  0.029245  0.006111 -0.091775  0.015007  0.015007
  0.070639 -0.098080  0.029031  0.029031 -0.072010  0.034009  0.034009 -0.121221
  0.040041  0.040041 -0.067421  0.049290  0.049290  0.083346 -0.011596 -0.118710
  0.025041  0.025041  0.025041 -0.085964 -0.066867  0.014503  0.014503 -0.242905
  0.133441 -0.083282  0.026285  0.026285  0.026285 -0.190206  0.080498  0.080498
 -0.058616  0.057716  0.057716 -0.010285 -0.004300 -0.004300  0.292511  0.014896
 -0.120994  0.023895  0.023895  0.023895  0.006624  0.002154  0.002154 -0.065020
  0.003917  0.003917  0.260669 -0.040523 -0.207776  0.040326  0.040326  0.040326
 -0.207776  0.040326  0.040326  0.040326 -0.711060  0.422443  0.103129  0.003817
  0.022944 -0.021047  0.070444  0.027066  0.034459  0.029245  0.006111 -0.091775
  0.015007  0.015007  0.070639 -0.098080  0.029031  0.029031 -0.072010  0.034009
  0.034009 -0.121221  0.040041  0.040041 -0.067421  0.049290  0.049290  0.083346
 -0.011596 -0.118710  0.025041  0.025041  0.025041 -0.085964 -0.066867  0.014503
  0.014503 -0.242905  0.133441 -0.083282  0.026285  0.026285  0.026285 -0.190206
  0.080498  0.080498 -0.058616  0.057716  0.057716 -0.010285 -0.004300 -0.004300
  0.292511  0.014896 -0.120994  0.023895  0.023895  0.023895  0.006624  0.002154
  0.002154 -0.065020  0.003917  0.003917  0.260669 -0.040523 -0.207776  0.040326
  0.040326  0.040326 -0.207776  0.040326  0.040326  0.040326 -0.711060  0.422443
  0.103129  0.003817  0.022944 -0.021047  0.070444  0.027066  0.034459  0.029245
  0.006111 -0.091775  0.015007  0.015007  0.070639 -0.098080  0.029031  0.029031
 -0.072010  0.034009  0.034009 -0.121221  0.040041  0.040041 -0.067421  0.049290
  0.049290  0.083346 -0.011596 -0.118710  0.025041  0.025041  0.025041 -0.085964
 -0.066867  0.014503  0.014503 -0.242905  0.133441 -0.083282  0.026285  0.026285
  0.026285 -0.190206  0.080498  0.080498 -0.058616  0.057716  0.057716 -0.010285
 -0.004300 -0.004300  0.292511  0.014896 -0.120994  0.023895  0.023895  0.023895
  0.006624  0.002154  0.002154 -0.065020  0.003917  0.003917  0.260669 -0.040523
 -0.207776  0.040326  0.040326  0.040326 -0.207776  0.040326  0.040326  0.040326
 -0.711060  0.422443  0.103129  0.003817  0.022944 -0.021047  0.070444  0.027066
  0.034459  0.029245  0.006111 -0.091775  0.015007  0.015007  0.070639 -0.098080
  0.029031  0.029031 -0.072010  0.034009  0.034009 -0.121221  0.040041  0.040041
 -0.067421  0.049290  0.049290  0.083346 -0.011596 -0.118710  0.025041  0.025041
  0.025041 -0.085964 -0.066867  0.014503  0.014503 -0.242905  0.133441 -0.083282
  0.026285  0.026285  0.026285 -0.190206  0.080498  0.080498 -0.058616  0.057716
  0.057716 -0.010285 -0.004300 -0.004300  0.292511  0.014896 -0.120994  0.023895
  0.023895  0.023895  0.006624  0.002154  0.002154 -0.065020  0.003917  0.003917
  0.260669 -0.040523 -0.207776  0.040326  0.040326  0.040326 -0.207776  0.040326
  0.040326  0.040326 -0.711060  0.422443  0.103129  0.003817  0.022944 -0.021047
  0.070444  0.027066  0.034459  0.029245  0.006111 -0.091775  0.015007  0.015007
  0.070639 -0.098080  0.029031  0.029031 -0.072010  0.034009  0.034009 -0.121221
  0.040041  0.040041 -0.067421  0.049290  0.049290  0.083346 -0.011596 -0.118710
  0.025041  0.025041  0.025041 -0.085964 -0.066867  0.014503  0.014503 -0.242905
  0.133441 -0.083282  0.026285  0.026285  0.026285 -0.190206  0.080498  0.080498
 -0.058616  0.057716  0.057716 -0.010285 -0.004300 -0.004300  0.292511  0.014896
 -0.120994  0.023895  0.023895  0.023895  0.006624  0.002154  0.002154 -0.065020
  0.003917  0.003917  0.260669 -0.040523 -0.207776  0.040326  0.040326  0.040326
 -0.207776  0.040326  0.040326  0.040326 -0.711060  0.422443  0.103129  0.003817
  0.022944 -0.021047  0.070444  0.027066  0.034459  0.029245  0.006111 -0.091775
  0.015007  0.015007  0.070639 -0.098080  0.029031  0.029031 -0.072010  0.034009
  0.034009 -0.121221  0.040041  0.040041 -0.067421  0.049290  0.049290  0.083346
 -0.011596 -0.118710  0.025041  0.025041  0.025041 -0.085964 -0.066867  0.014503
  0.014503 -0.242905  0.133441 -0.083282  0.026285  0.026285  0.026285 -0.190206
  0.080498  0.080498 -0.058616  0.057716  0.057716 -0.010285 -0.004300 -0.004300
  0.292511  0.014896 -0.120994  0.023895  0.023895  0.023895  0.006624  0.002154
  0.002154 -0.065020  0.003917  0.003917  0.260669 -0.040523 -0.207776  0.040326
  0.040326  0.040326 -0.207776  0.040326  0.040326  0.040326 -0.711060  0.422443
  0.103129  0.003817  0.022944 -0.021047  0.070444  0.027066  0.034459  0.029245
  0.006111 -0.091775  0.015007  0.015007  0.070639 -0.098080  0.029031  0.029031
 -0.072010  0.034009  0.034009 -0.121221  0.040041  0.040041 -0.067421  0.049290
  0.049290  0.083346 -0.011596 -0.118710  0.025041  0.025041  0.025041 -0.085964
 -0.066867  0.014503  0.014503 -0.242905  0.133441 -0.083282  0.026285  0.026285
  0.026285 -0.190206  0.080498  0.080498 -0.058616  0.057716  0.057716 -0.010285
 -0.004300 -0.004300  0.292511  0.014896 -0.120994  0.023895  0.023895  0.023895
  0.006624  0.002154  0.002154 -0.065020  0.003917  0.003917  0.260669 -0.040523
 -0.207776  0.040326  0.040326  0.040326 -0.207776  0.040326  0.040326  0.040326
 -0.711060  0.422443  0.103129  0.003817  0.022944 -0.021047  0.070444  0.027066
  0.034459  0.029245  0.006111 -0.091775  0.015007  0.015007  0.070639 -0.098080
  0.029031  0.029031 -0.072010  0.034009  0.034009 -0.121221  0.040041  0.040041
 -0.067421  0.049290  0.049290  0.083346 -0.011596 -0.118710  0.025041  0.025041
  0.025041 -0.085964 -0.066867  0.014503  0.014503 -0.242905  0.133441 -0.083282
  0.026285  0.026285  0.026285 -0.190206  0.080498  0.080498 -0.058616  0.057716
  0.057716 -0.010285 -0.004300 -0.004300  0.292511  0.014896 -0.120994  0.023895
  0.023895  0.023895  0.006624  0.002154  0.002154 -0.065020  0.003917  0.003917
  0.260669 -0.040523 -0.207776  0.040326  0.040326  0.040326 -0.207776  0.040326
  0.040326  0.040326 -0.711060  0.422443  0.103129  0.003817  0.022944 -0.021047
  0.070444  0.027066  0.034459  0.029245  0.006111 -0.091775  0.015007  0.015007
  0.070639 -0.098080  0.029031  0.029031 -0.072010  0.034009  0.034009 -0.121221
  0.040041  0.040041 -0.067421  0.049290  0.049290  0.083346 -0.011596 -0.118710
  0.025041  0.025041  0.025041 -0.085964 -0.066867  0.014503  0.014503 -0.242905
  0.133441 -0.083282  0.026285  0.026285  0.026285 -0.190206  0.080498  0.080498
 -0.058616  0.057716  0.057716 -0.010285 -0.004300 -0.004300  0.292511  0.014896
 -0.120994  0.023895  0.023895  0.023895  0.006624  0.002154  0.002154 -0.065020
  0.003917  0.003917  0.260669 -0.040523 -0.207776  0.040326  0.040326  0.040326
 -0.207776  0.040326  0.040326  0.040326 -0.711060  0.422443  0.103129  0.003817
  0.022944 -0.021047  0.070444  0.027066  0.034459  0.029245  0.006111 -0.091775
  0.015007  0.015007  0.070639 -0.098080  0.029031  0.029031 -0.072010  0.034009
  0.034009 -0.121221  0.040041  0.040041 -0.067421  0.049290  0.049290  0.083346
 -0.011596 -0.118710  0.025041  0.025041  0.025041 -0.085964 -0.066867  0.014503
  0.014503 -0.242905  0.133441 -0.083282  0.026285  0.026285  0.026285 -0.190206
  0.080498  0.080498 -0.058616  0.057716  0.057716 -0.010285 -0.004300 -0.004300
  0.292511  0.014896 -0.120994  0.023895  0.023895  0.023895  0.006624  0.002154
  0.002154 -0.065020  0.003917  0.003917  0.260669 -0.040523 -0.207776  0.040326
  0.040326  0.040326 -0.207776  0.040326  0.040326  0.040326 -0.711060  0.422443
  0.103129  0.003817  0.022944 -0.021047  0.070444  0.027066  0.034459  0.029245
  0.006111 -0.091775  0.015007  0.015007  0.070639 -0.098080  0.029031  0.029031
 -0.072010  0.034009  0.034009 -0.121221  0.040041  0.040041 -0.067421  0.049290
  0.049290  0.083346 -0.011596 -0.118710  0.025041  0.025041  0.025041 -0.085964
 -0.066867  0.014503  0.014503 -0.242905  0.133441 -0.083282  0.026285  0.026285
  0.026285 -0.190206  0.080498  0.080498 -0.058616  0.057716  0.057716 -0.010285
 -0.004300 -0.004300  0.292511  0.014896 -0.120994  0.023895  0.023895  0.023895
  0.006624  0.002154  0.002154 -0.065020  0.003917  0.003917  0.260669 -0.040523
 -0.207776  0.040326  0.040326  0.040326 -0.207776  0.040326  0.040326  0.040326
 -0.711060  0.422443  0.103129  0.003817  0.022944 -0.021047  0.070444  0.027066
  0.034459  0.029245  0.006111 -0.091775  0.015007  0.015007  0.070639 -0.098080
  0.029031  0.029031 -0.072010  0.034009  0.034009 -0.121221  0.040041  0.040041
 -0.067421  0.049290  0.049290  0.083346 -0.011596 -0.118710  0.025041  0.025041
  0.025041 -0.085964 -0.066867  0.014503  0.014503 -0.242905  0.133441 -0.083282
  0.026285  0.026285  0.026285 -0.190206  0.080498  0.080498 -0.058616  0.057716
  0.057716 -0.010285 -0.004300 -0.004300  0.292511  0.014896 -0.120994  0.023895
  0.023895  0.023895  0.006624  0.002154  0.002154 -0.065020  0.003917  0.003917
  0.260669 -0.040523 -0.207776  0.040326  0.040326  0.040326 -0.207776  0.040326
  0.040326  0.040326 -0.711060  0.422443  0.103129  0.003817  0.022944 -0.021047
  0.070444  0.027066  0.034459  0.029245  0.006111 -0.091775  0.015007  0.015007
  0.070639 -0.098080  0.029031  0.029031 -0.072010  0.034009  0.034009 -0.121221
  0.040041  0.040041 -0.067421  0.049290  0.049290  0.083346 -0.011596 -0.118710
  0.025041  0.025041  0.025041 -0.085964 -0.066867  0.014503  0.014503 -0.242905
  0.133441 -0.083282  0.026285  0.026285  0.026285 -0.190206  0.080498  0.080498
 -0.058616  0.057716  0.057716 -0.010285 -0.004300 -0.004300  0.292511  0.014896
 -0.120994  0.023895  0.023895  0.023895  0.006624  0.002154  0.002154 -0.065020
  0.003917  0.003917  0.260669 -0.040523 -0.207776  0.040326  0.040326  0.040326
 -0.207776  0.040326  0.040326  0.040326 -0.711060  0.422443  0.103129  0.003817
  0.022944 -0.021047  0.070444  0.027066  0.034459  0.029245  0.006111 -0.091775
  0.015007  0.015007  0.070639 -0.098080  0.029031  0.029031 -0.072010  0.034009
  0.034009 -0.121221  0.040041  0.040041 -0.067421  0.049290  0.049290  0.083346
 -0.011596 -0.118710  0.025041  0.025041  0.025041 -0.085964 -0.066867  0.014503
  0.014503 -0.242905  0.133441 -0.083282  0.026285  0.026285  0.026285 -0.190206
  0.080498  0.080498 -0.058616  0.057716  0.057716 -0.010285 -0.004300 -0.004300
  0.292511  0.014896 -0.120994  0.023895  0.023895  0.023895  0.006624  0.002154
  0.002154 -0.065020  0.003917  0.003917  0.260669 -0.040523 -0.207776  0.040326
  0.040326  0.040326 -0.207776  0.040326  0.040326  0.040326 -0.711060  0.422443
  0.103129  0.003817  0.022944 -0.021047  0.070444  0.027066  0.034459  0.029245
  0.006111 -0.091775  0.015007  0.015007  0.070639 -0.098080  0.029031  0.029031
 -0.072010  0.034009  0.034009 -0.121221  0.040041  0.040041 -0.067421  0.049290
  0.049290  0.083346 -0.011596 -0.118710  0.025041  0.025041  0.025041 -0.085964
 -0.066867  0.014503  0.014503 -0.242905  0.133441 -0.083282  0.026285  0.026285
  0.026285 -0.190206  0.080498  0.080498 -0.058616  0.057716  0.057716 -0.010285
 -0.004300 -0.004300  0.292511  0.014896 -0.120994  0.023895  0.023895  0.023895
  0.006624  0.002154  0.002154 -0.065020  0.003917  0.003917  0.260669 -0.040523
 -0.207776  0.040326  0.040326  0.040326 -0.207776  0.040326  0.040326  0.040326
