  0.353280  0.075503 -0.225500  0.085954  0.085954 -0.059584  0.082103 -0.025661
  0.013908  0.013908 -0.111951  0.035614  0.035614 -0.239690  0.145823  0.046938
  0.121602 -0.034891  0.073471  0.021889  0.047741 -0.111035  0.048644  0.048644
 -0.087093  0.011042  0.011042  0.173648  0.036147  0.019704 -0.097461  0.032172
  0.032172 -0.098154  0.030342  0.030342  0.044673  0.001646 -0.194845  0.034942
  0.034942  0.034942  0.093440 -0.019463 -0.144704  0.029716  0.029716  0.029716
 -0.126897  0.033453  0.033453  0.033453 -0.230781 -0.424631  0.412987 -0.718005
  0.416981 -0.029423  0.000154  0.000154  0.006707  0.004121  0.004121 -0.078255
  0.007931  0.007931  0.267691 -0.040733 -0.218273  0.043261  0.043261  0.043261
 -0.216706  0.042627  0.042627  0.042627  0.353280  0.075503 -0.225500  0.085954
  0.085954 -0.059584  0.082103 -0.025661  0.013908  0.013908 -0.111951  0.035614
  0.035614 -0.239690  0.145823  0.046938  0.121602 -0.034891  0.073471  0.021889
  0.047741 -0.111035  0.048644  0.048644 -0.087093  0.011042  0.011042  0.173648
  0.036147  0.019704 -0.097461  0.032172  0.032172 -0.098154  0.030342  0.030342
  0.044673  0.001646 -0.194845  0.034942  0.034942  0.034942  0.093440 -0.019463
 -0.144704  0.029716  0.029716  0.029716 -0.126897  0.033453  0.033453  0.033453
 -0.230781 -0.424631  0.412987 -0.718005  0.416981 -0.029423  0.000154  0.000154
  0.006707  0.004121  0.004121 -0.078255  0.007931  0.007931  0.267691 -0.040733
 -0.218273  0.043261  0.043261  0.043261 -0.216706  0.042627  0.042627  0.042627
  0.353280  0.075503 -0.225500  0.085954  0.085954 -0.059584  0.082103 -0.025661
  0.013908  0.013908 -0.111951  0.035614  0.035614 -0.239690  0.145823  0.046938
  0.121602 -0.034891  0.073471  0.021889  0.047741 -0.111035  0.048644  0.048644
 -0.087093  0.011042  0.011042  0.173648  0.036147  0.019704 -0.097461  0.032172
  0.032172 -0.098154  0.030342  0.030342  0.044673  0.001646 -0.194845  0.034942
  0.034942  0.034942  0.093440 -0.019463 -0.144704  0.029716  0.029716  0.029716
 -0.126897  0.033453  0.033453  0.033453 -0.230781 -0.424631  0.412987 -0.718005
  0.416981 -0.029423  0.000154  0.000154  0.006707  0.004121  0.004121 -0.078255
  0.007931  0.007931  0.267691 -0.040733 -0.218273  0.043261  0.043261  0.043261
 -0.216706  0.042627  0.042627  0.042627  0.353280  0.075503 -0.225500  0.085954
  0.085954 -0.059584  0.082103 -0.025661  0.013908  0.013908 -0.111951  0.035614
  0.035614 -0.239690  0.145823  0.046938  0.121602 -0.034891  0.073471  0.021889
  0.047741 -0.111035  0.048644  0.048644 -0.087093  0.011042  0.011042  0.173648
  0.036147  0.019704 -0.097461  0.032172  0.032172 -0.098154  0.030342  0.030342
  0.044673  0.001646 -0.194845  0.034942  0.034942  0.034942  0.093440 -0.019463
 -0.144704  0.029716  0.029716  0.029716 -0.126897  0.033453  0.033453  0.033453
 -0.230781 -0.424631  0.412987 -0.718005  0.416981 -0.029423  0.000154  0.000154
  0.006707  0.004121  0.004121 -0.078255  0.007931  0.007931  0.267691 -0.040733
 -0.218273  0.043261  0.043261  0.043261 -0.216706  0.042627  0.042627  0.042627
  0.353280  0.075503 -0.225500  0.085954  0.085954 -0.059584  0.082103 -0.025661
  0.013908  0.013908 -0.111951  0.035614  0.035614 -0.239690  0.145823  0.046938
  0.121602 -0.034891  0.073471  0.021889  0.047741 -0.111035  0.048644  0.048644
 -0.087093  0.011042  0.011042  0.173648  0.036147  0.019704 -0.097461  0.032172
  0.032172 -0.098154  0.030342  0.030342  0.044673  0.001646 -0.194845  0.034942
  0.034942  0.034942  0.093440 -0.019463 -0.144704  0.029716  0.029716  0.029716
 -0.126897  0.033453  0.033453  0.033453 -0.230781 -0.424631  0.412987 -0.718005
  0.416981 -0.029423  0.000154  0.000154  0.006707  0.004121  0.004121 -0.078255
  0.007931  0.007931  0.267691 -0.040733 -0.218273  0.043261  0.043261  0.043261
 -0.216706  0.042627  0.042627  0.042627  0.353280  0.075503 -0.225500  0.085954
  0.085954 -0.059584  0.082103 -0.025661  0.013908  0.013908 -0.111951  0.035614
  0.035614 -0.239690  0.145823  0.046938  0.121602 -0.034891  0.073471  0.021889
  0.047741 -0.111035  0.048644  0.048644 -0.087093  0.011042  0.011042  0.173648
  0.036147  0.019704 -0.097461  0.032172  0.032172 -0.098154  0.030342  0.030342
  0.044673  0.001646 -0.194845  0.034942  0.034942  0.034942  0.093440 -0.019463
 -0.144704  0.029716  0.029716  0.029716 -0.126897  0.033453  0.033453  0.033453
 -0.230781 -0.424631  0.412987 -0.718005  0.416981 -0.029423  0.000154  0.000154
  0.006707  0.004121  0.004121 -0.078255  0.007931  0.007931  0.267691 -0.040733
 -0.218273  0.043261  0.043261  0.043261 -0.216706  0.042627  0.042627  0.042627
  0.353280  0.075503 -0.225500  0.085954  0.085954 -0.059584  0.082103 -0.025661
  0.013908  0.013908 -0.111951  0.035614  0.035614 -0.239690  0.145823  0.046938
  0.121602 -0.034891  0.073471  0.021889  0.047741 -0.111035  0.048644  0.048644
 -0.087093  0.011042  0.011042  0.173648  0.036147  0.019704 -0.097461  0.032172
  0.032172 -0.098154  0.030342  0.030342  0.044673  0.001646 -0.194845  0.034942
  0.034942  0.034942  0.093440 -0.019463 -0.144704  0.029716  0.029716  0.029716
 -0.126897  0.033453  0.033453  0.033453 -0.230781 -0.424631  0.412987 -0.718005
  0.416981 -0.029423  0.000154  0.000154  0.006707  0.004121  0.004121 -0.078255
  0.007931  0.007931  0.267691 -0.040733 -0.218273  0.043261  0.043261  0.043261
 -0.216706  0.042627  0.042627  0.042627  0.353280  0.075503 -0.225500  0.085954
  0.085954 -0.059584  0.082103 -0.025661  0.013908  0.013908 -0.111951  0.035614
  0.035614 -0.239690  0.145823  0.046938  0.121602 -0.034891  0.073471  0.021889
  0.047741 -0.111035  0.048644  0.048644 -0.087093  0.011042  0.011042  0.173648
  0.036147  0.019704 -0.097461  0.032172  0.032172 -0.098154  0.030342  0.030342
  0.044673  0.001646 -0.194845  0.034942  0.034942  0.034942  0.093440 -0.019463
 -0.144704  0.029716  0.029716  0.029716 -0.126897  0.033453  0.033453  0.033453
 -0.230781 -0.424631  0.412987 -0.718005  0.416981 -0.029423  0.000154  0.000154
  0.006707  0.004121  0.004121 -0.078255  0.007931  0.007931  0.267691 -0.040733
 -0.218273  0.043261  0.043261  0.043261 -0.216706  0.042627  0.042627  0.042627
  0.353280  0.075503 -0.225500  0.085954  0.085954 -0.059584  0.082103 -0.025661
  0.013908  0.013908 -0.111951  0.035614  0.035614 -0.239690  0.145823  0.046938
  0.121602 -0.034891  0.073471  0.021889  0.047741 -0.111035  0.048644  0.048644
 -0.087093  0.011042  0.011042  0.173648  0.036147  0.019704 -0.097461  0.032172
  0.032172 -0.098154  0.030342  0.030342  0.044673  0.001646 -0.194845  0.034942
  0.034942  0.034942  0.093440 -0.019463 -0.144704  0.029716  0.029716  0.029716
 -0.126897  0.033453  0.033453  0.033453 -0.230781 -0.424631  0.412987 -0.718005
  0.416981 -0.029423  0.000154  0.000154  0.006707  0.004121  0.004121 -0.078255
  0.007931  0.007931  0.267691 -0.040733 -0.218273  0.043261  0.043261  0.043261
 -0.216706  0.042627  0.042627  0.042627  0.353280  0.075503 -0.225500  0.085954
  0.085954 -0.059584  0.082103 -0.025661  0.013908  0.013908 -0.111951  0.035614
  0.035614 -0.239690  0.145823  0.046938  0.121602 -0.034891  0.073471  0.021889
  0.047741 -0.111035  0.048644  0.048644 -0.087093  0.011042  0.011042  0.173648
  0.036147  0.019704 -0.097461  0.032172  0.032172 -0.098154  0.030342  0.030342
  0.044673  0.001646 -0.194845  0.034942  0.034942  0.034942  0.093440 -0.019463
 -0.144704  0.029716  0.029716  0.029716 -0.126897  0.033453  0.033453  0.033453
 -0.230781 -0.424631  0.412987 -0.718005  0.416981 -0.029423  0.000154  0.000154
  0.006707  0.004121  0.004121 -0.078255  0.007931  0.007931  0.267691 -0.040733
 -0.218273  0.043261  0.043261  0.043261 -0.216706  0.042627  0.042627  0.042627
  0.353280  0.075503 -0.225500  0.085954  0.085954 -0.059584  0.082103 -0.025661
  0.013908  0.013908 -0.111951  0.035614  0.035614 -0.239690  0.145823  0.046938
  0.121602 -0.034891  0.073471  0.021889  0.047741 -0.111035  0.048644  0.048644
 -0.087093  0.011042  0.011042  0.173648  0.036147  0.019704 -0.097461  0.032172
  0.032172 -0.098154  0.030342  0.030342  0.044673  0.001646 -0.194845  0.034942
  0.034942  0.034942  0.093440 -0.019463 -0.144704  0.029716  0.029716  0.029716
 -0.126897  0.033453  0.033453  0.033453 -0.230781 -0.424631  0.412987 -0.718005
  0.416981 -0.029423  0.000154  0.000154  0.006707  0.004121  0.004121 -0.078255
  0.007931  0.007931  0.267691 -0.040733 -0.218273  0.043261  0.043261  0.043261
 -0.216706  0.042627  0.042627  0.042627  0.353280  0.075503 -0.225500  0.085954
  0.085954 -0.059584  0.082103 -0.025661  0.013908  0.013908 -0.111951  0.035614
  0.035614 -0.239690  0.145823  0.046938  0.121602 -0.034891  0.073471  0.021889
  0.047741 -0.111035  0.048644  0.048644 -0.087093  0.011042  0.011042  0.173648
  0.036147  0.019704 -0.097461  0.032172  0.032172 -0.098154  0.030342  0.030342
  0.044673  0.001646 -0.194845  0.034942  0.034942  0.034942  0.093440 -0.019463
 -0.144704  0.029716  0.029716  0.029716 -0.126897  0.033453  0.033453  0.033453
 -0.230781 -0.424631  0.412987 -0.718005  0.416981 -0.029423  0.000154  0.000154
  0.006707  0.004121  0.004121 -0.078255  0.007931  0.007931  0.267691 -0.040733
 -0.218273  0.043261  0.043261  0.043261 -0.216706  0.042627  0.042627  0.042627
  0.353280  0.075503 -0.225500  0.085954  0.085954 -0.059584  0.082103 -0.025661
  0.013908  0.013908 -0.111951  0.035614  0.035614 -0.239690  0.145823  0.046938
  0.121602 -0.034891  0.073471  0.021889  0.047741 -0.111035  0.048644  0.048644
 -0.087093  0.011042  0.011042  0.173648  0.036147  0.019704 -0.097461  0.032172
  0.032172 -0.098154  0.030342  0.030342  0.044673  0.001646 -0.194845  0.034942
  0.034942  0.034942  0.093440 -0.019463 -0.144704  0.029716  0.029716  0.029716
 -0.126897  0.033453  0.033453  0.033453 -0.230781 -0.424631  0.412987 -0.718005
  0.416981 -0.029423  0.000154  0.000154  0.006707  0.004121  0.004121 -0.078255
  0.007931  0.007931  0.267691 -0.040733 -0.218273  0.043261  0.043261  0.043261
 -0.216706  0.042627  0.042627  0.042627  0.353280  0.075503 -0.225500  0.085954
  0.085954 -0.059584  0.082103 -0.025661  0.013908  0.013908 -0.111951  0.035614
  0.035614 -0.239690  0.145823  0.046938  0.121602 -0.034891  0.073471  0.021889
  0.047741 -0.111035  0.048644  0.048644 -0.087093  0.011042  0.011042  0.173648
  0.036147  0.019704 -0.097461  0.032172  0.032172 -0.098154  0.030342  0.030342
  0.044673  0.001646 -0.194845  0.034942  0.034942  0.034942  0.093440 -0.019463
 -0.144704  0.029716  0.029716  0.029716 -0.126897  0.033453  0.033453  0.033453
 -0.230781 -0.424631  0.412987 -0.718005  0.416981 -0.029423  0.000154  0.000154
  0.006707  0.004121  0.004121 -0.078255  0.007931  0.007931  0.267691 -0.040733
 -0.218273  0.043261  0.043261  0.043261 -0.216706  0.042627  0.042627  0.042627
  0.353280  0.075503 -0.225500  0.085954  0.085954 -0.059584  0.082103 -0.025661
  0.013908  0.013908 -0.111951  0.035614  0.035614 -0.239690  0.145823  0.046938
  0.121602 -0.034891  0.073471  0.021889  0.047741 -0.111035  0.048644  0.048644
 -0.087093  0.011042  0.011042  0.173648  0.036147  0.019704 -0.097461  0.032172
  0.032172 -0.098154  0.030342  0.030342  0.044673  0.001646 -0.194845  0.034942
  0.034942  0.034942  0.093440 -0.019463 -0.144704  0.029716  0.029716  0.029716
 -0.126897  0.033453  0.033453  0.033453 -0.230781 -0.424631  0.412987 -0.718005
  0.416981 -0.029423  0.000154  0.000154  0.006707  0.004121  0.004121 -0.078255
  0.007931  0.007931  0.267691 -0.040733 -0.218273  0.043261  0.043261  0.043261
 -0.216706  0.042627  0.042627  0.042627  0.353280  0.075503 -0.225500  0.085954
  0.085954 -0.059584  0.082103 -0.025661  0.013908  0.013908 -0.111951  0.035614
  0.035614 -0.239690  0.145823  0.046938  0.121602 -0.034891  0.073471  0.021889
  0.047741 -0.111035  0.048644  0.048644 -0.087093  0.011042  0.011042  0.173648
  0.036147  0.019704 -0.097461  0.032172  0.032172 -0.098154  0.030342  0.030342
  0.044673  0.001646 -0.194845  0.034942  0.034942  0.034942  0.093440 -0.019463
 -0.144704  0.029716  0.029716  0.029716 -0.126897  0.033453  0.033453  0.033453
 -0.230781 -0.424631  0.412987 -0.718005  0.416981 -0.029423  0.000154  0.000154
  0.006707  0.004121  0.004121 -0.078255  0.007931  0.007931  0.267691 -0.040733
 -0.218273  0.043261  0.043261  0.043261 -0.216706  0.042627  0.042627  0.042627
  0.353280  0.075503 -0.225500  0.085954  0.085954 -0.059584  0.082103 -0.025661
  0.013908  0.013908 -0.111951  0.035614  0.035614 -0.239690  0.145823  0.046938
  0.121602 -0.034891  0.073471  0.021889  0.047741 -0.111035  0.048644  0.048644
 -0.087093  0.011042  0.011042  0.173648  0.036147  0.019704 -0.097461  0.032172
  0.032172 -0.098154  0.030342  0.030342  0.044673  0.001646 -0.194845  0.034942
  0.034942  0.034942  0.093440 -0.019463 -0.144704  0.029716  0.029716  0.029716
 -0.126897  0.033453  0.033453  0.033453 -0.230781 -0.424631  0.412987 -0.718005
  0.416981 -0.029423  0.000154  0.000154  0.006707  0.004121  0.004121 -0.078255
  0.007931  0.007931  0.267691 -0.040733 -0.218273  0.043261  0.043261  0.043261
 -0.216706  0.042627  0.042627  0.042627  0.353280  0.075503 -0.225500  0.085954
  0.085954 -0.059584  0.082103 -0.025661  0.013908  0.013908 -0.111951  0.035614
  0.035614 -0.239690  0.145823  0.046938  0.121602 -0.034891  0.073471  0.021889
  0.047741 -0.111035  0.048644  0.048644 -0.087093  0.011042  0.011042  0.173648
  0.036147  0.019704 -0.097461  0.032172  0.032172 -0.098154  0.030342  0.030342
  0.044673  0.001646 -0.194845  0.034942  0.034942  0.034942  0.093440 -0.019463
 -0.144704  0.029716  0.029716  0.029716 -0.126897  0.033453  0.033453  0.033453
 -0.230781 -0.424631  0.412987 -0.718005  0.416981 -0.029423  0.000154  0.000154
  0.006707  0.004121  0.004121 -0.078255  0.007931  0.007931  0.267691 -0.040733
 -0.218273  0.043261  0.043261  0.043261 -0.216706  0.042627  0.042627  0.042627
  0.353280  0.075503 -0.225500  0.085954  0.085954 -0.059584  0.082103 -0.025661
  0.013908  0.013908 -0.111951  0.035614  0.035614 -0.239690  0.145823  0.046938
  0.121602 -0.034891  0.073471  0.021889  0.047741 -0.111035  0.048644  0.048644
 -0.087093  0.011042  0.011042  0.173648  0.036147  0.019704 -0.097461  0.032172
  0.032172 -0.098154  0.030342  0.030342  0.044673  0.001646 -0.194845  0.034942
  0.034942  0.034942  0.093440 -0.019463 -0.144704  0.029716  0.029716  0.029716
 -0.126897  0.033453  0.033453  0.033453 -0.230781 -0.424631  0.412987 -0.718005
  0.416981 -0.029423  0.000154  0.000154  0.006707  0.004121  0.004121 -0.078255
  0.007931  0.007931  0.267691 -0.040733 -0.218273  0.043261  0.043261  0.043261
 -0.216706  0.042627  0.042627  0.042627  0.353280  0.075503 -0.225500  0.085954
  0.085954 -0.059584  0.082103 -0.025661  0.013908  0.013908 -0.111951  0.035614
  0.035614 -0.239690  0.145823  0.046938  0.121602 -0.034891  0.073471  0.021889
  0.047741 -0.111035  0.048644  0.048644 -0.087093  0.011042  0.011042  0.173648
  0.036147  0.019704 -0.097461  0.032172  0.032172 -0.098154  0.030342  0.030342
  0.044673  0.001646 -0.194845  0.034942  0.034942  0.034942  0.093440 -0.019463
 -0.144704  0.029716  0.029716  0.029716 -0.126897  0.033453  0.033453  0.033453
 -0.230781 -0.424631  0.412987 -0.718005  0.416981 -0.029423  0.000154  0.000154
  0.006707  0.004121  0.004121 -0.078255  0.007931  0.007931  0.267691 -0.040733
 -0.218273  0.043261  0.043261  0.043261 -0.216706  0.042627  0.042627  0.042627
  0.353280  0.075503 -0.225500  0.085954  0.085954 -0.059584  0.082103 -0.025661
  0.013908  0.013908 -0.111951  0.035614  0.035614 -0.239690  0.145823  0.046938
  0.121602 -0.034891  0.073471  0.021889  0.047741 -0.111035  0.048644  0.048644
 -0.087093  0.011042  0.011042  0.173648  0.036147  0.019704 -0.097461  0.032172
  0.032172 -0.098154  0.030342  0.030342  0.044673  0.001646 -0.194845  0.034942
  0.034942  0.034942  0.093440 -0.019463 -0.144704  0.029716  0.029716  0.029716
 -0.126897  0.033453  0.033453  0.033453 -0.230781 -0.424631  0.412987 -0.718005
  0.416981 -0.029423  0.000154  0.000154  0.006707  0.004121  0.004121 -0.078255
  0.007931  0.007931  0.267691 -0.040733 -0.218273  0.043261  0.043261  0.043261
 -0.216706  0.042627  0.042627  0.042627  0.353280  0.075503 -0.225500  0.085954
  0.085954 -0.059584  0.082103 -0.025661  0.013908  0.013908 -0.111951  0.035614
  0.035614 -0.239690  0.145823  0.046938  0.121602 -0.034891  0.073471  0.021889
  0.047741 -0.111035  0.048644  0.048644 -0.087093  0.011042  0.011042  0.173648
  0.036147  0.019704 -0.097461  0.032172  0.032172 -0.098154  0.030342  0.030342
  0.044673  0.001646 -0.194845  0.034942  0.034942  0.034942  0.093440 -0.019463
 -0.144704  0.029716  0.029716  0.029716 -0.126897  0.033453  0.033453  0.033453
 -0.230781 -0.424631  0.412987 -0.718005  0.416981 -0.029423  0.000154  0.000154
  0.006707  0.004121  0.004121 -0.078255  0.007931  0.007931  0.267691 -0.040733
 -0.218273  0.043261  0.043261  0.043261 -0.216706  0.042627  0.042627  0.042627
  0.353280  0.075503 -0.225500  0.085954  0.085954 -0.059584  0.082103 -0.025661
  0.013908  0.013908 -0.111951  0.035614  0.035614 -0.239690  0.145823  0.046938
  0.121602 -0.034891  0.073471  0.021889  0.047741 -0.111035  0.048644  0.048644
 -0.087093  0.011042  0.011042  0.173648  0.036147  0.019704 -0.097461  0.032172
  0.032172 -0.098154  0.030342  0.030342  0.044673  0.001646 -0.194845  0.034942
  0.034942  0.034942  0.093440 -0.019463 -0.144704  0.029716  0.029716  0.029716
 -0.126897  0.033453  0.033453  0.033453 -0.230781 -0.424631  0.412987 -0.718005
  0.416981 -0.029423  0.000154  0.000154  0.006707  0.004121  0.004121 -0.078255
  0.007931  0.007931  0.267691 -0.040733 -0.218273  0.043261  0.043261  0.043261
 -0.216706  0.042627  0.042627  0.042627  0.353280  0.075503 -0.225500  0.085954
  0.085954 -0.059584  0.082103 -0.025661  0.013908  0.013908 -0.111951  0.035614
  0.035614 -0.239690  0.145823  0.046938  0.121602 -0.034891  0.073471  0.021889
  0.047741 -0.111035  0.048644  0.048644 -0.087093  0.011042  0.011042  0.173648
  0.036147  0.019704 -0.097461  0.032172  0.032172 -0.098154  0.030342  0.030342
  0.044673  0.001646 -0.194845  0.034942  0.034942  0.034942  0.093440 -0.019463
 -0.144704  0.029716  0.029716  0.029716 -0.126897  0.033453  0.033453  0.033453
 -0.230781 -0.424631  0.412987 -0.718005  0.416981 -0.029423  0.000154  0.000154
  0.006707  0.004121  0.004121 -0.078255  0.007931  0.007931  0.267691 -0.040733
 -0.218273  0.043261  0.043261  0.043261 -0.216706  0.042627  0.042627  0.042627
  0.353280  0.075503 -0.225500  0.085954  0.085954 -0.059584  0.082103 -0.025661
  0.013908  0.013908 -0.111951  0.035614  0.035614 -0.239690  0.145823  0.046938
  0.121602 -0.034891  0.073471  0.021889  0.047741 -0.111035  0.048644  0.048644
 -0.087093  0.011042  0.011042  0.173648  0.036147  0.019704 -0.097461  0.032172
  0.032172 -0.098154  0.030342  0.030342  0.044673  0.001646 -0.194845  0.034942
  0.034942  0.034942  0.093440 -0.019463 -0.144704  0.029716  0.029716  0.029716
 -0.126897  0.033453  0.033453  0.033453 -0.230781 -0.424631  0.412987 -0.718005
  0.416981 -0.029423  0.000154  0.000154  0.006707  0.004121  0.004121 -0.078255
  0.007931  0.007931  0.267691 -0.040733 -0.218273  0.043261  0.043261  0.043261
 -0.216706  0.042627  0.042627  0.042627  0.353280  0.075503 -0.225500  0.085954
  0.085954 -0.059584  0.082103 -0.025661  0.013908  0.013908 -0.111951  0.035614
  0.035614 -0.239690  0.145823  0.046938  0.121602 -0.034891  0.073471  0.021889
  0.047741 -0.111035  0.048644  0.048644 -0.087093  0.011042  0.011042  0.173648
  0.036147  0.019704 -0.097461  0.032172  0.032172 -0.098154  0.030342  0.030342
  0.044673  0.001646 -0.194845  0.034942  0.034942  0.034942  0.093440 -0.019463
 -0.144704  0.029716  0.029716  0.029716 -0.126897  0.033453  0.033453  0.033453
 -0.230781 -0.424631  0.412987 -0.718005  0.416981 -0.029423  0.000154  0.000154
  0.006707  0.004121  0.004121 -0.078255  0.007931  0.007931  0.267691 -0.040733
 -0.218273  0.043261  0.043261  0.043261 -0.216706  0.042627  0.042627  0.042627
  0.353280  0.075503 -0.225500  0.085954  0.085954 -0.059584  0.082103 -0.025661
  0.013908  0.013908 -0.111951  0.035614  0.035614 -0.239690  0.145823  0.046938
  0.121602 -0.034891  0.073471  0.021889  0.047741 -0.111035  0.048644  0.048644
 -0.087093  0.011042  0.011042  0.173648  0.036147  0.019704 -0.097461  0.032172
  0.032172 -0.098154  0.030342  0.030342  0.044673  0.001646 -0.194845  0.034942
  0.034942  0.034942  0.093440 -0.019463 -0.144704  0.029716  0.029716  0.029716
 -0.126897  0.033453  0.033453  0.033453 -0.230781 -0.424631  0.412987 -0.718005
  0.416981 -0.029423  0.000154  0.000154  0.006707  0.004121  0.004121 -0.078255
  0.007931  0.007931  0.267691 -0.040733 -0.218273  0.043261  0.043261  0.043261
 -0.216706  0.042627  0.042627  0.042627  0.353280  0.075503 -0.225500  0.085954
  0.085954 -0.059584  0.082103 -0.025661  0.013908  0.013908 -0.111951  0.035614
  0.035614 -0.239690  0.145823  0.046938  0.121602 -0.034891  0.073471  0.021889
  0.047741 -0.111035  0.048644  0.048644 -0.087093  0.011042  0.011042  0.173648
  0.036147  0.019704 -0.097461  0.032172  0.032172 -0.098154  0.030342  0.030342
  0.044673  0.001646 -0.194845  0.034942  0.034942  0.034942  0.093440 -0.019463
 -0.144704  0.029716  0.029716  0.029716 -0.126897  0.033453  0.033453  0.033453
 -0.230781 -0.424631  0.412987 -0.718005  0.416981 -0.029423  0.000154  0.000154
  0.006707  0.004121  0.004121 -0.078255  0.007931  0.007931  0.267691 -0.040733
 -0.218273  0.043261  0.043261  0.043261 -0.216706  0.042627  0.042627  0.042627
  0.353280  0.075503 -0.225500  0.085954  0.085954 -0.059584  0.082103 -0.025661
  0.013908  0.013908 -0.111951  0.035614  0.035614 -0.239690  0.145823  0.046938
  0.121602 -0.034891  0.073471  0.021889  0.047741 -0.111035  0.048644  0.048644
 -0.087093  0.011042  0.011042  0.173648  0.036147  0.019704 -0.097461  0.032172
  0.032172 -0.098154  0.030342  0.030342  0.044673  0.001646 -0.194845  0.034942
  0.034942  0.034942  0.093440 -0.019463 -0.144704  0.029716  0.029716  0.029716
 -0.126897  0.033453  0.033453  0.033453 -0.230781 -0.424631  0.412987 -0.718005
  0.416981 -0.029423  0.000154  0.000154  0.006707  0.004121  0.004121 -0.078255
  0.007931  0.007931  0.267691 -0.040733 -0.218273  0.043261  0.043261  0.043261
 -0.216706  0.042627  0.042627  0.042627  0.353280  0.075503 -0.225500  0.085954
  0.085954 -0.059584  0.082103 -0.025661  0.013908  0.013908 -0.111951  0.035614
  0.035614 -0.239690  0.145823  0.046938  0.121602 -0.034891  0.073471  0.021889
  0.047741 -0.111035  0.048644  0.048644 -0.087093  0.011042  0.011042  0.173648
  0.036147  0.019704 -0.097461  0.032172  0.032172 -0.098154  0.030342  0.030342
  0.044673  0.001646 -0.194845  0.034942  0.034942  0.034942  0.093440 -0.019463
 -0.144704  0.029716  0.029716  0.029716 -0.126897  0.033453  0.033453  0.033453
 -0.230781 -0.424631  0.412987 -0.718005  0.416981 -0.029423  0.000154  0.000154
  0.006707  0.004121  0.004121 -0.078255  0.007931  0.007931  0.267691 -0.040733
 -0.218273  0.043261  0.043261  0.043261 -0.216706  0.042627  0.042627  0.042627
  0.353280  0.075503 -0.225500  0.085954  0.085954 -0.059584  0.082103 -0.025661
  0.013908  0.013908 -0.111951  0.035614  0.035614 -0.239690  0.145823  0.046938
  0.121602 -0.034891  0.073471  0.021889  0.047741 -0.111035  0.048644  0.048644
 -0.087093  0.011042  0.011042  0.173648  0.036147  0.019704 -0.097461  0.032172
  0.032172 -0.098154  0.030342  0.030342  0.044673  0.001646 -0.194845  0.034942
  0.034942  0.034942  0.093440 -0.019463 -0.144704  0.029716  0.029716  0.029716
 -0.126897  0.033453  0.033453  0.033453 -0.230781 -0.424631  0.412987 -0.718005
  0.416981 -0.029423  0.000154  0.000154  0.006707  0.004121  0.004121 -0.078255
  0.007931  0.007931  0.267691 -0.040733 -0.218273  0.043261  0.043261  0.043261
 -0.216706  0.042627  0.042627  0.042627  0.353280  0.075503 -0.225500  0.085954
  0.085954 -0.059584  0.082103 -0.025661  0.013908  0.013908 -0.111951  0.035614
  0.035614 -0.239690  0.145823  0.046938  0.121602 -0.034891  0.073471  0.021889
  0.047741 -0.111035  0.048644  0.048644 -0.087093  0.011042  0.011042  0.173648
  0.036147  0.019704 -0.097461  0.032172  0.032172 -0.098154  0.030342  0.030342
  0.044673  0.001646 -0.194845  0.034942  0.034942  0.034942  0.093440 -0.019463
 -0.144704  0.029716  0.029716  0.029716 -0.126897  0.033453  0.033453  0.033453
 -0.230781 -0.424631  0.412987 -0.718005  0.416981 -0.029423  0.000154  0.000154
  0.006707  0.004121  0.004121 -0.078255  0.007931  0.007931  0.267691 -0.040733
 -0.218273  0.043261  0.043261  0.043261 -0.216706  0.042627  0.042627  0.042627
  0.353280  0.075503 -0.225500  0.085954  0.085954 -0.059584  0.082103 -0.025661
  0.013908  0.013908 -0.111951  0.035614  0.035614 -0.239690  0.145823  0.046938
  0.121602 -0.034891  0.073471  0.021889  0.047741 -0.111035  0.048644  0.048644
 -0.087093  0.011042  0.011042  0.173648  0.036147  0.019704 -0.097461  0.032172
  0.032172 -0.098154  0.030342  0.030342  0.044673  0.001646 -0.194845  0.034942
  0.034942  0.034942  0.093440 -0.019463 -0.144704  0.029716  0.029716  0.029716
 -0.126897  0.033453  0.033453  0.033453 -0.230781 -0.424631  0.412987 -0.718005
  0.416981 -0.029423  0.000154  0.000154  0.006707  0.004121  0.004121 -0.078255
  0.007931  0.007931  0.267691 -0.040733 -0.218273  0.043261  0.043261  0.043261
 -0.216706  0.042627  0.042627  0.042627  0.353280  0.075503 -0.225500  0.085954
  0.085954 -0.059584  0.082103 -0.025661  0.013908  0.013908 -0.111951  0.035614
  0.035614 -0.239690  0.145823  0.046938  0.121602 -0.034891  0.073471  0.021889
  0.047741 -0.111035  0.048644  0.048644 -0.087093  0.011042  0.011042  0.173648
  0.036147  0.019704 -0.097461  0.032172  0.032172 -0.098154  0.030342  0.030342
  0.044673  0.001646 -0.194845  0.034942  0.034942  0.034942  0.093440 -0.019463
 -0.144704  0.029716  0.029716  0.029716 -0.126897  0.033453  0.033453  0.033453
 -0.230781 -0.424631  0.412987 -0.718005  0.416981 -0.029423  0.000154  0.000154
  0.006707  0.004121  0.004121 -0.078255  0.007931  0.007931  0.267691 -0.040733
 -0.218273  0.043261  0.043261  0.043261 -0.216706  0.042627  0.042627  0.042627
  0.353280  0.075503 -0.225500  0.085954  0.085954 -0.059584  0.082103 -0.025661
  0.013908  0.013908 -0.111951  0.035614  0.035614 -0.239690  0.145823  0.046938
  0.121602 -0.034891  0.073471  0.021889  0.047741 -0.111035  0.048644  0.048644
 -0.087093  0.011042  0.011042  0.173648  0.036147  0.019704 -0.097461  0.032172
  0.032172 -0.098154  0.030342  0.030342  0.044673  0.001646 -0.194845  0.034942
  0.034942  0.034942  0.093440 -0.019463 -0.144704  0.029716  0.029716  0.029716
 -0.126897  0.033453  0.033453  0.033453 -0.230781 -0.424631  0.412987 -0.718005
  0.416981 -0.029423  0.000154  0.000154  0.006707  0.004121  0.004121 -0.078255
  0.007931  0.007931  0.267691 -0.040733 -0.218273  0.043261  0.043261  0.043261
 -0.216706  0.042627  0.042627  0.042627  0.353280  0.075503 -0.225500  0.085954
  0.085954 -0.059584  0.082103 -0.025661  0.013908  0.013908 -0.111951  0.035614
  0.035614 -0.239690  0.145823  0.046938  0.121602 -0.034891  0.073471  0.021889
  0.047741 -0.111035  0.048644  0.048644 -0.087093  0.011042  0.011042  0.173648
  0.036147  0.019704 -0.097461  0.032172  0.032172 -0.098154  0.030342  0.030342
  0.044673  0.001646 -0.194845  0.034942  0.034942  0.034942  0.093440 -0.019463
 -0.144704  0.029716  0.029716  0.029716 -0.126897  0.033453  0.033453  0.033453
 -0.230781 -0.424631  0.412987 -0.718005  0.416981 -0.029423  0.000154  0.000154
  0.006707  0.004121  0.004121 -0.078255  0.007931  0.007931  0.267691 -0.040733
 -0.218273  0.043261  0.043261  0.043261 -0.216706  0.042627  0.042627  0.042627
  0.353280  0.075503 -0.225500  0.085954  0.085954 -0.059584  0.082103 -0.025661
  0.013908  0.013908 -0.111951  0.035614  0.035614 -0.239690  0.145823  0.046938
  0.121602 -0.034891  0.073471  0.021889  0.047741 -0.111035  0.048644  0.048644
 -0.087093  0.011042  0.011042  0.173648  0.036147  0.019704 -0.097461  0.032172
  0.032172 -0.098154  0.030342  0.030342  0.044673  0.001646 -0.194845  0.034942
  0.034942  0.034942  0.093440 -0.019463 -0.144704  0.029716  0.029716  0.029716
 -0.126897  0.033453  0.033453  0.033453 -0.230781 -0.424631  0.412987 -0.718005
  0.416981 -0.029423  0.000154  0.000154  0.006707  0.004121  0.004121 -0.078255
  0.007931  0.007931  0.267691 -0.040733 -0.218273  0.043261  0.043261  0.043261
 -0.216706  0.042627  0.042627  0.042627  0.353280  0.075503 -0.225500  0.085954
  0.085954 -0.059584  0.082103 -0.025661  0.013908  0.013908 -0.111951  0.035614
  0.035614 -0.239690  0.145823  0.046938  0.121602 -0.034891  0.073471  0.021889
  0.047741 -0.111035  0.048644  0.048644 -0.087093  0.011042  0.011042  0.173648
  0.036147  0.019704 -0.097461  0.032172  0.032172 -0.098154  0.030342  0.030342
  0.044673  0.001646 -0.194845  0.034942  0.034942  0.034942  0.093440 -0.019463
 -0.144704  0.029716  0.029716  0.029716 -0.126897  0.033453  0.033453  0.033453
 -0.230781 -0.424631  0.412987 -0.718005  0.416981 -0.029423  0.000154  0.000154
  0.006707  0.004121  0.004121 -0.078255  0.007931  0.007931  0.267691 -0.040733
 -0.218273  0.043261  0.043261  0.043261 -0.216706  0.042627  0.042627  0.042627
  0.353280  0.075503 -0.225500  0.085954  0.085954 -0.059584  0.082103 -0.025661
  0.013908  0.013908 -0.111951  0.035614  0.035614 -0.239690  0.145823  0.046938
  0.121602 -0.034891  0.073471  0.021889  0.047741 -0.111035  0.048644  0.048644
 -0.087093  0.011042  0.011042  0.173648  0.036147  0.019704 -0.097461  0.032172
  0.032172 -0.098154  0.030342  0.030342  0.044673  0.001646 -0.194845  0.034942
  0.034942  0.034942  0.093440 -0.019463 -0.144704  0.029716  0.029716  0.029716
 -0.126897  0.033453  0.033453  0.033453 -0.230781 -0.424631  0.412987 -0.718005
  0.416981 -0.029423  0.000154  0.000154  0.006707  0.004121  0.004121 -0.078255
  0.007931  0.007931  0.267691 -0.040733 -0.218273  0.043261  0.043261  0.043261
 -0.216706  0.042627  0.042627  0.042627  0.353280  0.075503 -0.225500  0.085954
  0.085954 -0.059584  0.082103 -0.025661  0.013908  0.013908 -0.111951  0.035614
  0.035614 -0.239690  0.145823  0.046938  0.121602 -0.034891  0.073471  0.021889
  0.047741 -0.111035  0.048644  0.048644 -0.087093  0.011042  0.011042  0.173648
  0.036147  0.019704 -0.097461  0.032172  0.032172 -0.098154  0.030342  0.030342
  0.044673  0.001646 -0.194845  0.034942  0.034942  0.034942  0.093440 -0.019463
 -0.144704  0.029716  0.029716  0.029716 -0.126897  0.033453  0.033453  0.033453
 -0.230781 -0.424631  0.412987 -0.718005  0.416981 -0.029423  0.000154  0.000154
  0.006707  0.004121  0.004121 -0.078255  0.007931  0.007931  0.267691 -0.040733
 -0.218273  0.043261  0.043261  0.043261 -0.216706  0.042627  0.042627  0.042627
  0.353280  0.075503 -0.225500  0.085954  0.085954 -0.059584  0.082103 -0.025661
  0.013908  0.013908 -0.111951  0.035614  0.035614 -0.239690  0.145823  0.046938
  0.121602 -0.034891  0.073471  0.021889  0.047741 -0.111035  0.048644  0.048644
 -0.087093  0.011042  0.011042  0.173648  0.036147  0.019704 -0.097461  0.032172
  0.032172 -0.098154  0.030342  0.030342  0.044673  0.001646 -0.194845  0.034942
  0.034942  0.034942  0.093440 -0.019463 -0.144704  0.029716  0.029716  0.029716
 -0.126897  0.033453  0.033453  0.033453 -0.230781 -0.424631  0.412987 -0.718005
  0.416981 -0.029423  0.000154  0.000154  0.006707  0.004121  0.004121 -0.078255
  0.007931  0.007931  0.267691 -0.040733 -0.218273  0.043261  0.043261  0.043261
 -0.216706  0.042627  0.042627  0.042627  0.353280  0.075503 -0.225500  0.085954
  0.085954 -0.059584  0.082103 -0.025661  0.013908  0.013908 -0.111951  0.035614
  0.035614 -0.239690  0.145823  0.046938  0.121602 -0.034891  0.073471  0.021889
  0.047741 -0.111035  0.048644  0.048644 -0.087093  0.011042  0.011042  0.173648
  0.036147  0.019704 -0.097461  0.032172  0.032172 -0.098154  0.030342  0.030342
  0.044673  0.001646 -0.194845  0.034942  0.034942  0.034942  0.093440 -0.019463
 -0.144704  0.029716  0.029716  0.029716 -0.126897  0.033453  0.033453  0.033453
 -0.230781 -0.424631  0.412987 -0.718005  0.416981 -0.029423  0.000154  0.000154
  0.006707  0.004121  0.004121 -0.078255  0.007931  0.007931  0.267691 -0.040733
 -0.218273  0.043261  0.043261  0.043261 -0.216706  0.042627  0.042627  0.042627
  0.353280  0.075503 -0.225500  0.085954  0.085954 -0.059584  0.082103 -0.025661
  0.013908  0.013908 -0.111951  0.035614  0.035614 -0.239690  0.145823  0.046938
  0.121602 -0.034891  0.073471  0.021889  0.047741 -0.111035  0.048644  0.048644
 -0.087093  0.011042  0.011042  0.173648  0.036147  0.019704 -0.097461  0.032172
  0.032172 -0.098154  0.030342  0.030342  0.044673  0.001646 -0.194845  0.034942
  0.034942  0.034942  0.093440 -0.019463 -0.144704  0.029716  0.029716  0.029716
 -0.126897  0.033453  0.033453  0.033453 -0.230781 -0.424631  0.412987 -0.718005
  0.416981 -0.029423  0.000154  0.000154  0.006707  0.004121  0.004121 -0.078255
  0.007931  0.007931  0.267691 -0.040733 -0.218273  0.043261  0.043261  0.043261
 -0.216706  0.042627  0.042627  0.042627  0.353280  0.075503 -0.225500  0.085954
  0.085954 -0.059584  0.082103 -0.025661  0.013908  0.013908 -0.111951  0.035614
  0.035614 -0.239690  0.145823  0.046938  0.121602 -0.034891  0.073471  0.021889
  0.047741 -0.111035  0.048644  0.048644 -0.087093  0.011042  0.011042  0.173648
  0.036147  0.019704 -0.097461  0.032172  0.032172 -0.098154  0.030342  0.030342
  0.044673  0.001646 -0.194845  0.034942  0.034942  0.034942  0.093440 -0.019463
 -0.144704  0.029716  0.029716  0.029716 -0.126897  0.033453  0.033453  0.033453
 -0.230781 -0.424631  0.412987 -0.718005  0.416981 -0.029423  0.000154  0.000154
  0.006707  0.004121  0.004121 -0.078255  0.007931  0.007931  0.267691 -0.040733
 -0.218273  0.043261  0.043261  0.043261 -0.216706  0.042627  0.042627  0.042627
  0.353280  0.075503 -0.225500  0.085954  0.085954 -0.059584  0.082103 -0.025661
  0.013908  0.013908 -0.111951  0.035614  0.035614 -0.239690  0.145823  0.046938
  0.121602 -0.034891  0.073471  0.021889  0.047741 -0.111035  0.048644  0.048644
 -0.087093  0.011042  0.011042  0.173648  0.036147  0.019704 -0.097461  0.032172
  0.032172 -0.098154  0.030342  0.030342  0.044673  0.001646 -0.194845  0.034942
  0.034942  0.034942  0.093440 -0.019463 -0.144704  0.029716  0.029716  0.029716
 -0.126897  0.033453  0.033453  0.033453 -0.230781 -0.424631  0.412987 -0.718005
  0.416981 -0.029423  0.000154  0.000154  0.006707  0.004121  0.004121 -0.078255
  0.007931  0.007931  0.267691 -0.040733 -0.218273  0.043261  0.043261  0.043261
 -0.216706  0.042627  0.042627  0.042627  0.353280  0.075503 -0.225500  0.085954
  0.085954 -0.059584  0.082103 -0.025661  0.013908  0.013908 -0.111951  0.035614
  0.035614 -0.239690  0.145823  0.046938  0.121602 -0.034891  0.073471  0.021889
  0.047741 -0.111035  0.048644  0.048644 -0.087093  0.011042  0.011042  0.173648
  0.036147  0.019704 -0.097461  0.032172  0.032172 -0.098154  0.030342  0.030342
  0.044673  0.001646 -0.194845  0.034942  0.034942  0.034942  0.093440 -0.019463
 -0.144704  0.029716  0.029716  0.029716 -0.126897  0.033453  0.033453  0.033453
 -0.230781 -0.424631  0.412987 -0.718005  0.416981 -0.029423  0.000154  0.000154
  0.006707  0.004121  0.004121 -0.078255  0.007931  0.007931  0.267691 -0.040733
 -0.218273  0.043261  0.043261  0.043261 -0.216706  0.042627  0.042627  0.042627
  0.353280  0.075503 -0.225500  0.085954  0.085954 -0.059584  0.082103 -0.025661
  0.013908  0.013908 -0.111951  0.035614  0.035614 -0.239690  0.145823  0.046938
  0.121602 -0.034891  0.073471  0.021889  0.047741 -0.111035  0.048644  0.048644
 -0.087093  0.011042  0.011042  0.173648  0.036147  0.019704 -0.097461  0.032172
  0.032172 -0.098154  0.030342  0.030342  0.044673  0.001646 -0.194845  0.034942
  0.034942  0.034942  0.093440 -0.019463 -0.144704  0.029716  0.029716  0.029716
 -0.126897  0.033453  0.033453  0.033453 -0.230781 -0.424631  0.412987 -0.718005
  0.416981 -0.029423  0.000154  0.000154  0.006707  0.004121  0.004121 -0.078255
  0.007931  0.007931  0.267691 -0.040733 -0.218273  0.043261  0.043261  0.043261
 -0.216706  0.042627  0.042627  0.042627  0.353280  0.075503 -0.225500  0.085954
  0.085954 -0.059584  0.082103 -0.025661  0.013908  0.013908 -0.111951  0.035614
  0.035614 -0.239690  0.145823  0.046938  0.121602 -0.034891  0.073471  0.021889
  0.047741 -0.111035  0.048644  0.048644 -0.087093  0.011042  0.011042  0.173648
  0.036147  0.019704 -0.097461  0.032172  0.032172 -0.098154  0.030342  0.030342
  0.044673  0.001646 -0.194845  0.034942  0.034942  0.034942  0.093440 -0.019463
 -0.144704  0.029716  0.029716  0.029716 -0.126897  0.033453  0.033453  0.033453
 -0.230781 -0.424631  0.412987 -0.718005  0.416981 -0.029423  0.000154  0.000154
  0.006707  0.004121  0.004121 -0.078255  0.007931  0.007931  0.267691 -0.040733
 -0.218273  0.043261  0.043261  0.043261 -0.216706  0.042627  0.042627  0.042627
  0.353280  0.075503 -0.225500  0.085954  0.085954 -0.059584  0.082103 -0.025661
  0.013908  0.013908 -0.111951  0.035614  0.035614 -0.239690  0.145823  0.046938
  0.121602 -0.034891  0.073471  0.021889  0.047741 -0.111035  0.048644  0.048644
 -0.087093  0.011042  0.011042  0.173648  0.036147  0.019704 -0.097461  0.032172
  0.032172 -0.098154  0.030342  0.030342  0.044673  0.001646 -0.194845  0.034942
  0.034942  0.034942  0.093440 -0.019463 -0.144704  0.029716  0.029716  0.029716
 -0.126897  0.033453  0.033453  0.033453 -0.230781 -0.424631  0.412987 -0.718005
  0.416981 -0.029423  0.000154  0.000154  0.006707  0.004121  0.004121 -0.078255
  0.007931  0.007931  0.267691 -0.040733 -0.218273  0.043261  0.043261  0.043261
 -0.216706  0.042627  0.042627  0.042627  0.353280  0.075503 -0.225500  0.085954
  0.085954 -0.059584  0.082103 -0.025661  0.013908  0.013908 -0.111951  0.035614
  0.035614 -0.239690  0.145823  0.046938  0.121602 -0.034891  0.073471  0.021889
  0.047741 -0.111035  0.048644  0.048644 -0.087093  0.011042  0.011042  0.173648
  0.036147  0.019704 -0.097461  0.032172  0.032172 -0.098154  0.030342  0.030342
  0.044673  0.001646 -0.194845  0.034942  0.034942  0.034942  0.093440 -0.019463
 -0.144704  0.029716  0.029716  0.029716 -0.126897  0.033453  0.033453  0.033453
 -0.230781 -0.424631  0.412987 -0.718005  0.416981 -0.029423  0.000154  0.000154
  0.006707  0.004121  0.004121 -0.078255  0.007931  0.007931  0.267691 -0.040733
 -0.218273  0.043261  0.043261  0.043261 -0.216706  0.042627  0.042627  0.042627
  0.353280  0.075503 -0.225500  0.085954  0.085954 -0.059584  0.082103 -0.025661
  0.013908  0.013908 -0.111951  0.035614  0.035614 -0.239690  0.145823  0.046938
  0.121602 -0.034891  0.073471  0.021889  0.047741 -0.111035  0.048644  0.048644
 -0.087093  0.011042  0.011042  0.173648  0.036147  0.019704 -0.097461  0.032172
  0.032172 -0.098154  0.030342  0.030342  0.044673  0.001646 -0.194845  0.034942
  0.034942  0.034942  0.093440 -0.019463 -0.144704  0.029716  0.029716  0.029716
 -0.126897  0.033453  0.033453  0.033453 -0.230781 -0.424631  0.412987 -0.718005
  0.416981 -0.029423  0.000154  0.000154  0.006707  0.004121  0.004121 -0.078255
  0.007931  0.007931  0.267691 -0.040733 -0.218273  0.043261  0.043261  0.043261
 -0.216706  0.042627  0.042627  0.042627  0.353280  0.075503 -0.225500  0.085954
  0.085954 -0.059584  0.082103 -0.025661  0.013908  0.013908 -0.111951  0.035614
  0.035614 -0.239690  0.145823  0.046938  0.121602 -0.034891  0.073471  0.021889
  0.047741 -0.111035  0.048644  0.048644 -0.087093  0.011042  0.011042  0.173648
  0.036147  0.019704 -0.097461  0.032172  0.032172 -0.098154  0.030342  0.030342
  0.044673  0.001646 -0.194845  0.034942  0.034942  0.034942  0.093440 -0.019463
 -0.144704  0.029716  0.029716  0.029716 -0.126897  0.033453  0.033453  0.033453
 -0.230781 -0.424631  0.412987 -0.718005  0.416981 -0.029423  0.000154  0.000154
  0.006707  0.004121  0.004121 -0.078255  0.007931  0.007931  0.267691 -0.040733
 -0.218273  0.043261  0.043261  0.043261 -0.216706  0.042627  0.042627  0.042627
  0.353280  0.075503 -0.225500  0.085954  0.085954 -0.059584  0.082103 -0.025661
  0.013908  0.013908 -0.111951  0.035614  0.035614 -0.239690  0.145823  0.046938
  0.121602 -0.034891  0.073471  0.021889  0.047741 -0.111035  0.048644  0.048644
 -0.087093  0.011042  0.011042  0.173648  0.036147  0.019704 -0.097461  0.032172
  0.032172 -0.098154  0.030342  0.030342  0.044673  0.001646 -0.194845  0.034942
  0.034942  0.034942  0.093440 -0.019463 -0.144704  0.029716  0.029716  0.029716
 -0.126897  0.033453  0.033453  0.033453 -0.230781 -0.424631  0.412987 -0.718005
  0.416981 -0.029423  0.000154  0.000154  0.006707  0.004121  0.004121 -0.078255
  0.007931  0.007931  0.267691 -0.040733 -0.218273  0.043261  0.043261  0.043261
 -0.216706  0.042627  0.042627  0.042627  0.353280  0.075503 -0.225500  0.085954
  0.085954 -0.059584  0.082103 -0.025661  0.013908  0.013908 -0.111951  0.035614
  0.035614 -0.239690  0.145823  0.046938  0.121602 -0.034891  0.073471  0.021889
  0.047741 -0.111035  0.048644  0.048644 -0.087093  0.011042  0.011042  0.173648
  0.036147  0.019704 -0.097461  0.032172  0.032172 -0.098154  0.030342  0.030342
  0.044673  0.001646 -0.194845  0.034942  0.034942  0.034942  0.093440 -0.019463
 -0.144704  0.029716  0.029716  0.029716 -0.126897  0.033453  0.033453  0.033453
 -0.230781 -0.424631  0.412987 -0.718005  0.416981 -0.029423  0.000154  0.000154
  0.006707  0.004121  0.004121 -0.078255  0.007931  0.007931  0.267691 -0.040733
 -0.218273  0.043261  0.043261  0.043261 -0.216706  0.042627  0.042627  0.042627
  0.353280  0.075503 -0.225500  0.085954  0.085954 -0.059584  0.082103 -0.025661
  0.013908  0.013908 -0.111951  0.035614  0.035614 -0.239690  0.145823  0.046938
  0.121602 -0.034891  0.073471  0.021889  0.047741 -0.111035  0.048644  0.048644
 -0.087093  0.011042  0.011042  0.173648  0.036147  0.019704 -0.097461  0.032172
  0.032172 -0.098154  0.030342  0.030342  0.044673  0.001646 -0.194845  0.034942
  0.034942  0.034942  0.093440 -0.019463 -0.144704  0.029716  0.029716  0.029716
 -0.126897  0.033453  0.033453  0.033453 -0.230781 -0.424631  0.412987 -0.718005
  0.416981 -0.029423  0.000154  0.000154  0.006707  0.004121  0.004121 -0.078255
  0.007931  0.007931  0.267691 -0.040733 -0.218273  0.043261  0.043261  0.043261
 -0.216706  0.042627  0.042627  0.042627  0.353280  0.075503 -0.225500  0.085954
  0.085954 -0.059584  0.082103 -0.025661  0.013908  0.013908 -0.111951  0.035614
  0.035614 -0.239690  0.145823  0.046938  0.121602 -0.034891  0.073471  0.021889
  0.047741 -0.111035  0.048644  0.048644 -0.087093  0.011042  0.011042  0.173648
  0.036147  0.019704 -0.097461  0.032172  0.032172 -0.098154  0.030342  0.030342
  0.044673  0.001646 -0.194845  0.034942  0.034942  0.034942  0.093440 -0.019463
 -0.144704  0.029716  0.029716  0.029716 -0.126897  0.033453  0.033453  0.033453
 -0.230781 -0.424631  0.412987 -0.718005  0.416981 -0.029423  0.000154  0.000154
  0.006707  0.004121  0.004121 -0.078255  0.007931  0.007931  0.267691 -0.040733
 -0.218273  0.043261  0.043261  0.043261 -0.216706  0.042627  0.042627  0.042627
  0.353280  0.075503 -0.225500  0.085954  0.085954 -0.059584  0.082103 -0.025661
  0.013908  0.013908 -0.111951  0.035614  0.035614 -0.239690  0.145823  0.046938
  0.121602 -0.034891  0.073471  0.021889  0.047741 -0.111035  0.048644  0.048644
 -0.087093  0.011042  0.011042  0.173648  0.036147  0.019704 -0.097461  0.032172
  0.032172 -0.098154  0.030342  0.030342  0.044673  0.001646 -0.194845  0.034942
  0.034942  0.034942  0.093440 -0.019463 -0.144704  0.029716  0.029716  0.029716
 -0.126897  0.033453  0.033453  0.033453 -0.230781 -0.424631  0.412987 -0.718005
  0.416981 -0.029423  0.000154  0.000154  0.006707  0.004121  0.004121 -0.078255
  0.007931  0.007931  0.267691 -0.040733 -0.218273  0.043261  0.043261  0.043261
 -0.216706  0.042627  0.042627  0.042627  0.353280  0.075503 -0.225500  0.085954
  0.085954 -0.059584  0.082103 -0.025661  0.013908  0.013908 -0.111951  0.035614
  0.035614 -0.239690  0.145823  0.046938  0.121602 -0.034891  0.073471  0.021889
  0.047741 -0.111035  0.048644  0.048644 -0.087093  0.011042  0.011042  0.173648
  0.036147  0.019704 -0.097461  0.032172  0.032172 -0.098154  0.030342  0.030342
  0.044673  0.001646 -0.194845  0.034942  0.034942  0.034942  0.093440 -0.019463
 -0.144704  0.029716  0.029716  0.029716 -0.126897  0.033453  0.033453  0.033453
 -0.230781 -0.424631  0.412987 -0.718005  0.416981 -0.029423  0.000154  0.000154
  0.006707  0.004121  0.004121 -0.078255  0.007931  0.007931  0.267691 -0.040733
 -0.218273  0.043261  0.043261  0.043261 -0.216706  0.042627  0.042627  0.042627
  0.353280  0.075503 -0.225500  0.085954  0.085954 -0.059584  0.082103 -0.025661
  0.013908  0.013908 -0.111951  0.035614  0.035614 -0.239690  0.145823  0.046938
  0.121602 -0.034891  0.073471  0.021889  0.047741 -0.111035  0.048644  0.048644
 -0.087093  0.011042  0.011042  0.173648  0.036147  0.019704 -0.097461  0.032172
  0.032172 -0.098154  0.030342  0.030342  0.044673  0.001646 -0.194845  0.034942
  0.034942  0.034942  0.093440 -0.019463 -0.144704  0.029716  0.029716  0.029716
 -0.126897  0.033453  0.033453  0.033453 -0.230781 -0.424631  0.412987 -0.718005
  0.416981 -0.029423  0.000154  0.000154  0.006707  0.004121  0.004121 -0.078255
  0.007931  0.007931  0.267691 -0.040733 -0.218273  0.043261  0.043261  0.043261
 -0.216706  0.042627  0.042627  0.042627  0.353280  0.075503 -0.225500  0.085954
  0.085954 -0.059584  0.082103 -0.025661  0.013908  0.013908 -0.111951  0.035614
  0.035614 -0.239690  0.145823  0.046938  0.121602 -0.034891  0.073471  0.021889
  0.047741 -0.111035  0.048644  0.048644 -0.087093  0.011042  0.011042  0.173648
  0.036147  0.019704 -0.097461  0.032172  0.032172 -0.098154  0.030342  0.030342
  0.044673  0.001646 -0.194845  0.034942  0.034942  0.034942  0.093440 -0.019463
 -0.144704  0.029716  0.029716  0.029716 -0.126897  0.033453  0.033453  0.033453
 -0.230781 -0.424631  0.412987 -0.718005  0.416981 -0.029423  0.000154  0.000154
  0.006707  0.004121  0.004121 -0.078255  0.007931  0.007931  0.267691 -0.040733
 -0.218273  0.043261  0.043261  0.043261 -0.216706  0.042627  0.042627  0.042627
  0.353280  0.075503 -0.225500  0.085954  0.085954 -0.059584  0.082103 -0.025661
  0.013908  0.013908 -0.111951  0.035614  0.035614 -0.239690  0.145823  0.046938
  0.121602 -0.034891  0.073471  0.021889  0.047741 -0.111035  0.048644  0.048644
 -0.087093  0.011042  0.011042  0.173648  0.036147  0.019704 -0.097461  0.032172
  0.032172 -0.098154  0.030342  0.030342  0.044673  0.001646 -0.194845  0.034942
  0.034942  0.034942  0.093440 -0.019463 -0.144704  0.029716  0.029716  0.029716
 -0.126897  0.033453  0.033453  0.033453 -0.230781 -0.424631  0.412987 -0.718005
  0.416981 -0.029423  0.000154  0.000154  0.006707  0.004121  0.004121 -0.078255
  0.007931  0.007931  0.267691 -0.040733 -0.218273  0.043261  0.043261  0.043261
 -0.216706  0.042627  0.042627  0.042627  0.353280  0.075503 -0.225500  0.085954
  0.085954 -0.059584  0.082103 -0.025661  0.013908  0.013908 -0.111951  0.035614
  0.035614 -0.239690  0.145823  0.046938  0.121602 -0.034891  0.073471  0.021889
  0.047741 -0.111035  0.048644  0.048644 -0.087093  0.011042  0.011042  0.173648
  0.036147  0.019704 -0.097461  0.032172  0.032172 -0.098154  0.030342  0.030342
  0.044673  0.001646 -0.194845  0.034942  0.034942  0.034942  0.093440 -0.019463
 -0.144704  0.029716  0.029716  0.029716 -0.126897  0.033453  0.033453  0.033453
 -0.230781 -0.424631  0.412987 -0.718005  0.416981 -0.029423  0.000154  0.000154
  0.006707  0.004121  0.004121 -0.078255  0.007931  0.007931  0.267691 -0.040733
 -0.218273  0.043261  0.043261  0.043261 -0.216706  0.042627  0.042627  0.042627
  0.353280  0.075503 -0.225500  0.085954  0.085954 -0.059584  0.082103 -0.025661
  0.013908  0.013908 -0.111951  0.035614  0.035614 -0.239690  0.145823  0.046938
  0.121602 -0.034891  0.073471  0.021889  0.047741 -0.111035  0.048644  0.048644
 -0.087093  0.011042  0.011042  0.173648  0.036147  0.019704 -0.097461  0.032172
  0.032172 -0.098154  0.030342  0.030342  0.044673  0.001646 -0.194845  0.034942
  0.034942  0.034942  0.093440 -0.019463 -0.144704  0.029716  0.029716  0.029716
 -0.126897  0.033453  0.033453  0.033453 -0.230781 -0.424631  0.412987 -0.718005
  0.416981 -0.029423  0.000154  0.000154  0.006707  0.004121  0.004121 -0.078255
  0.007931  0.007931  0.267691 -0.040733 -0.218273  0.043261  0.043261  0.043261
 -0.216706  0.042627  0.042627  0.042627  0.353280  0.075503 -0.225500  0.085954
  0.085954 -0.059584  0.082103 -0.025661  0.013908  0.013908 -0.111951  0.035614
  0.035614 -0.239690  0.145823  0.046938  0.121602 -0.034891  0.073471  0.021889
  0.047741 -0.111035  0.048644  0.048644 -0.087093  0.011042  0.011042  0.173648
  0.036147  0.019704 -0.097461  0.032172  0.032172 -0.098154  0.030342  0.030342
  0.044673  0.001646 -0.194845  0.034942  0.034942  0.034942  0.093440 -0.019463
 -0.144704  0.029716  0.029716  0.029716 -0.126897  0.033453  0.033453  0.033453
 -0.230781 -0.424631  0.412987 -0.718005  0.416981 -0.029423  0.000154  0.000154
  0.006707  0.004121  0.004121 -0.078255  0.007931  0.007931  0.267691 -0.040733
 -0.218273  0.043261  0.043261  0.043261 -0.216706  0.042627  0.042627  0.042627
  0.353280  0.075503 -0.225500  0.085954  0.085954 -0.059584  0.082103 -0.025661
  0.013908  0.013908 -0.111951  0.035614  0.035614 -0.239690  0.145823  0.046938
  0.121602 -0.034891  0.073471  0.021889  0.047741 -0.111035  0.048644  0.048644
 -0.087093  0.011042  0.011042  0.173648  0.036147  0.019704 -0.097461  0.032172
  0.032172 -0.098154  0.030342  0.030342  0.044673  0.001646 -0.194845  0.034942
  0.034942  0.034942  0.093440 -0.019463 -0.144704  0.029716  0.029716  0.029716
 -0.126897  0.033453  0.033453  0.033453 -0.230781 -0.424631  0.412987 -0.718005
  0.416981 -0.029423  0.000154  0.000154  0.006707  0.004121  0.004121 -0.078255
  0.007931  0.007931  0.267691 -0.040733 -0.218273  0.043261  0.043261  0.043261
 -0.216706  0.042627  0.042627  0.042627  0.353280  0.075503 -0.225500  0.085954
  0.085954 -0.059584  0.082103 -0.025661  0.013908  0.013908 -0.111951  0.035614
  0.035614 -0.239690  0.145823  0.046938  0.121602 -0.034891  0.073471  0.021889
  0.047741 -0.111035  0.048644  0.048644 -0.087093  0.011042  0.011042  0.173648
  0.036147  0.019704 -0.097461  0.032172  0.032172 -0.098154  0.030342  0.030342
  0.044673  0.001646 -0.194845  0.034942  0.034942  0.034942  0.093440 -0.019463
 -0.144704  0.029716  0.029716  0.029716 -0.126897  0.033453  0.033453  0.033453
 -0.230781 -0.424631  0.412987 -0.718005  0.416981 -0.029423  0.000154  0.000154
  0.006707  0.004121  0.004121 -0.078255  0.007931  0.007931  0.267691 -0.040733
 -0.218273  0.043261  0.043261  0.043261 -0.216706  0.042627  0.042627  0.042627
  0.353280  0.075503 -0.225500  0.085954  0.085954 -0.059584  0.082103 -0.025661
  0.013908  0.013908 -0.111951  0.035614  0.035614 -0.239690  0.145823  0.046938
  0.121602 -0.034891  0.073471  0.021889  0.047741 -0.111035  0.048644  0.048644
 -0.087093  0.011042  0.011042  0.173648  0.036147  0.019704 -0.097461  0.032172
  0.032172 -0.098154  0.030342  0.030342  0.044673  0.001646 -0.194845  0.034942
  0.034942  0.034942  0.093440 -0.019463 -0.144704  0.029716  0.029716  0.029716
 -0.126897  0.033453  0.033453  0.033453 -0.230781 -0.424631  0.412987 -0.718005
  0.416981 -0.029423  0.000154  0.000154  0.006707  0.004121  0.004121 -0.078255
  0.007931  0.007931  0.267691 -0.040733 -0.218273  0.043261  0.043261  0.043261
 -0.216706  0.042627  0.042627  0.042627  0.353280  0.075503 -0.225500  0.085954
  0.085954 -0.059584  0.082103 -0.025661  0.013908  0.013908 -0.111951  0.035614
  0.035614 -0.239690  0.145823  0.046938  0.121602 -0.034891  0.073471  0.021889
  0.047741 -0.111035  0.048644  0.048644 -0.087093  0.011042  0.011042  0.173648
  0.036147  0.019704 -0.097461  0.032172  0.032172 -0.098154  0.030342  0.030342
  0.044673  0.001646 -0.194845  0.034942  0.034942  0.034942  0.093440 -0.019463
 -0.144704  0.029716  0.029716  0.029716 -0.126897  0.033453  0.033453  0.033453
 -0.230781 -0.424631  0.412987 -0.718005  0.416981 -0.029423  0.000154  0.000154
  0.006707  0.004121  0.004121 -0.078255  0.007931  0.007931  0.267691 -0.040733
 -0.218273  0.043261  0.043261  0.043261 -0.216706  0.042627  0.042627  0.042627
  0.353280  0.075503 -0.225500  0.085954  0.085954 -0.059584  0.082103 -0.025661
  0.013908  0.013908 -0.111951  0.035614  0.035614 -0.239690  0.145823  0.046938
  0.121602 -0.034891  0.073471  0.021889  0.047741 -0.111035  0.048644  0.048644
 -0.087093  0.011042  0.011042  0.173648  0.036147  0.019704 -0.097461  0.032172
  0.032172 -0.098154  0.030342  0.030342  0.044673  0.001646 -0.194845  0.034942
  0.034942  0.034942  0.093440 -0.019463 -0.144704  0.029716  0.029716  0.029716
 -0.126897  0.033453  0.033453  0.033453 -0.230781 -0.424631  0.412987 -0.718005
  0.416981 -0.029423  0.000154  0.000154  0.006707  0.004121  0.004121 -0.078255
  0.007931  0.007931  0.267691 -0.040733 -0.218273  0.043261  0.043261  0.043261
 -0.216706  0.042627  0.042627  0.042627  0.353280  0.075503 -0.225500  0.085954
  0.085954 -0.059584  0.082103 -0.025661  0.013908  0.013908 -0.111951  0.035614
  0.035614 -0.239690  0.145823  0.046938  0.121602 -0.034891  0.073471  0.021889
  0.047741 -0.111035  0.048644  0.048644 -0.087093  0.011042  0.011042  0.173648
  0.036147  0.019704 -0.097461  0.032172  0.032172 -0.098154  0.030342  0.030342
  0.044673  0.001646 -0.194845  0.034942  0.034942  0.034942  0.093440 -0.019463
 -0.144704  0.029716  0.029716  0.029716 -0.126897  0.033453  0.033453  0.033453
 -0.230781 -0.424631  0.412987 -0.718005  0.416981 -0.029423  0.000154  0.000154
  0.006707  0.004121  0.004121 -0.078255  0.007931  0.007931  0.267691 -0.040733
 -0.218273  0.043261  0.043261  0.043261 -0.216706  0.042627  0.042627  0.042627
  0.353280  0.075503 -0.225500  0.085954  0.085954 -0.059584  0.082103 -0.025661
  0.013908  0.013908 -0.111951  0.035614  0.035614 -0.239690  0.145823  0.046938
  0.121602 -0.034891  0.073471  0.021889  0.047741 -0.111035  0.048644  0.048644
 -0.087093  0.011042  0.011042  0.173648  0.036147  0.019704 -0.097461  0.032172
  0.032172 -0.098154  0.030342  0.030342  0.044673  0.001646 -0.194845  0.034942
  0.034942  0.034942  0.093440 -0.019463 -0.144704  0.029716  0.029716  0.029716
 -0.126897  0.033453  0.033453  0.033453 -0.230781 -0.424631  0.412987 -0.718005
  0.416981 -0.029423  0.000154  0.000154  0.006707  0.004121  0.004121 -0.078255
  0.007931  0.007931  0.267691 -0.040733 -0.218273  0.043261  0.043261  0.043261
 -0.216706  0.042627  0.042627  0.042627  0.353280  0.075503 -0.225500  0.085954
  0.085954 -0.059584  0.082103 -0.025661  0.013908  0.013908 -0.111951  0.035614
  0.035614 -0.239690  0.145823  0.046938  0.121602 -0.034891  0.073471  0.021889
  0.047741 -0.111035  0.048644  0.048644 -0.087093  0.011042  0.011042  0.173648
  0.036147  0.019704 -0.097461  0.032172  0.032172 -0.098154  0.030342  0.030342
  0.044673  0.001646 -0.194845  0.034942  0.034942  0.034942  0.093440 -0.019463
 -0.144704  0.029716  0.029716  0.029716 -0.126897  0.033453  0.033453  0.033453
 -0.230781 -0.424631  0.412987 -0.718005  0.416981 -0.029423  0.000154  0.000154
  0.006707  0.004121  0.004121 -0.078255  0.007931  0.007931  0.267691 -0.040733
 -0.218273  0.043261  0.043261  0.043261 -0.216706  0.042627  0.042627  0.042627
  0.353280  0.075503 -0.225500  0.085954  0.085954 -0.059584  0.082103 -0.025661
  0.013908  0.013908 -0.111951  0.035614  0.035614 -0.239690  0.145823  0.046938
  0.121602 -0.034891  0.073471  0.021889  0.047741 -0.111035  0.048644  0.048644
 -0.087093  0.011042  0.011042  0.173648  0.036147  0.019704 -0.097461  0.032172
  0.032172 -0.098154  0.030342  0.030342  0.044673  0.001646 -0.194845  0.034942
  0.034942  0.034942  0.093440 -0.019463 -0.144704  0.029716  0.029716  0.029716
 -0.126897  0.033453  0.033453  0.033453 -0.230781 -0.424631  0.412987 -0.718005
  0.416981 -0.029423  0.000154  0.000154  0.006707  0.004121  0.004121 -0.078255
  0.007931  0.007931  0.267691 -0.040733 -0.218273  0.043261  0.043261  0.043261
 -0.216706  0.042627  0.042627  0.042627  0.353280  0.075503 -0.225500  0.085954
  0.085954 -0.059584  0.082103 -0.025661  0.013908  0.013908 -0.111951  0.035614
  0.035614 -0.239690  0.145823  0.046938  0.121602 -0.034891  0.073471  0.021889
  0.047741 -0.111035  0.048644  0.048644 -0.087093  0.011042  0.011042  0.173648
  0.036147  0.019704 -0.097461  0.032172  0.032172 -0.098154  0.030342  0.030342
  0.044673  0.001646 -0.194845  0.034942  0.034942  0.034942  0.093440 -0.019463
 -0.144704  0.029716  0.029716  0.029716 -0.126897  0.033453  0.033453  0.033453
 -0.230781 -0.424631  0.412987 -0.718005  0.416981 -0.029423  0.000154  0.000154
  0.006707  0.004121  0.004121 -0.078255  0.007931  0.007931  0.267691 -0.040733
 -0.218273  0.043261  0.043261  0.043261 -0.216706  0.042627  0.042627  0.042627
  0.353280  0.075503 -0.225500  0.085954  0.085954 -0.059584  0.082103 -0.025661
  0.013908  0.013908 -0.111951  0.035614  0.035614 -0.239690  0.145823  0.046938
  0.121602 -0.034891  0.073471  0.021889  0.047741 -0.111035  0.048644  0.048644
 -0.087093  0.011042  0.011042  0.173648  0.036147  0.019704 -0.097461  0.032172
  0.032172 -0.098154  0.030342  0.030342  0.044673  0.001646 -0.194845  0.034942
  0.034942  0.034942  0.093440 -0.019463 -0.144704  0.029716  0.029716  0.029716
 -0.126897  0.033453  0.033453  0.033453 -0.230781 -0.424631  0.412987 -0.718005
  0.416981 -0.029423  0.000154  0.000154  0.006707  0.004121  0.004121 -0.078255
  0.007931  0.007931  0.267691 -0.040733 -0.218273  0.043261  0.043261  0.043261
 -0.216706  0.042627  0.042627  0.042627  0.353280  0.075503 -0.225500  0.085954
  0.085954 -0.059584  0.082103 -0.025661  0.013908  0.013908 -0.111951  0.035614
  0.035614 -0.239690  0.145823  0.046938  0.121602 -0.034891  0.073471  0.021889
  0.047741 -0.111035  0.048644  0.048644 -0.087093  0.011042  0.011042  0.173648
  0.036147  0.019704 -0.097461  0.032172  0.032172 -0.098154  0.030342  0.030342
  0.044673  0.001646 -0.194845  0.034942  0.034942  0.034942  0.093440 -0.019463
 -0.144704  0.029716  0.029716  0.029716 -0.126897  0.033453  0.033453  0.033453
 -0.230781 -0.424631  0.412987 -0.718005  0.416981 -0.029423  0.000154  0.000154
  0.006707  0.004121  0.004121 -0.078255  0.007931  0.007931  0.267691 -0.040733
 -0.218273  0.043261  0.043261  0.043261 -0.216706  0.042627  0.042627  0.042627
  0.353280  0.075503 -0.225500  0.085954  0.085954 -0.059584  0.082103 -0.025661
  0.013908  0.013908 -0.111951  0.035614  0.035614 -0.239690  0.145823  0.046938
  0.121602 -0.034891  0.073471  0.021889  0.047741 -0.111035  0.048644  0.048644
 -0.087093  0.011042  0.011042  0.173648  0.036147  0.019704 -0.097461  0.032172
  0.032172 -0.098154  0.030342  0.030342  0.044673  0.001646 -0.194845  0.034942
  0.034942  0.034942  0.093440 -0.019463 -0.144704  0.029716  0.029716  0.029716
 -0.126897  0.033453  0.033453  0.033453 -0.230781 -0.424631  0.412987 -0.718005
  0.416981 -0.029423  0.000154  0.000154  0.006707  0.004121  0.004121 -0.078255
  0.007931  0.007931  0.267691 -0.040733 -0.218273  0.043261  0.043261  0.043261
 -0.216706  0.042627  0.042627  0.042627  0.353280  0.075503 -0.225500  0.085954
  0.085954 -0.059584  0.082103 -0.025661  0.013908  0.013908 -0.111951  0.035614
  0.035614 -0.239690  0.145823  0.046938  0.121602 -0.034891  0.073471  0.021889
  0.047741 -0.111035  0.048644  0.048644 -0.087093  0.011042  0.011042  0.173648
  0.036147  0.019704 -0.097461  0.032172  0.032172 -0.098154  0.030342  0.030342
  0.044673  0.001646 -0.194845  0.034942  0.034942  0.034942  0.093440 -0.019463
 -0.144704  0.029716  0.029716  0.029716 -0.126897  0.033453  0.033453  0.033453
 -0.230781 -0.424631  0.412987 -0.718005  0.416981 -0.029423  0.000154  0.000154
  0.006707  0.004121  0.004121 -0.078255  0.007931  0.007931  0.267691 -0.040733
 -0.218273  0.043261  0.043261  0.043261 -0.216706  0.042627  0.042627  0.042627
  0.353280  0.075503 -0.225500  0.085954  0.085954 -0.059584  0.082103 -0.025661
  0.013908  0.013908 -0.111951  0.035614  0.035614 -0.239690  0.145823  0.046938
  0.121602 -0.034891  0.073471  0.021889  0.047741 -0.111035  0.048644  0.048644
 -0.087093  0.011042  0.011042  0.173648  0.036147  0.019704 -0.097461  0.032172
  0.032172 -0.098154  0.030342  0.030342  0.044673  0.001646 -0.194845  0.034942
  0.034942  0.034942  0.093440 -0.019463 -0.144704  0.029716  0.029716  0.029716
 -0.126897  0.033453  0.033453  0.033453 -0.230781 -0.424631  0.412987 -0.718005
  0.416981 -0.029423  0.000154  0.000154  0.006707  0.004121  0.004121 -0.078255
  0.007931  0.007931  0.267691 -0.040733 -0.218273  0.043261  0.043261  0.043261
 -0.216706  0.042627  0.042627  0.042627  0.353280  0.075503 -0.225500  0.085954
  0.085954 -0.059584  0.082103 -0.025661  0.013908  0.013908 -0.111951  0.035614
  0.035614 -0.239690  0.145823  0.046938  0.121602 -0.034891  0.073471  0.021889
  0.047741 -0.111035  0.048644  0.048644 -0.087093  0.011042  0.011042  0.173648
  0.036147  0.019704 -0.097461  0.032172  0.032172 -0.098154  0.030342  0.030342
  0.044673  0.001646 -0.194845  0.034942  0.034942  0.034942  0.093440 -0.019463
 -0.144704  0.029716  0.029716  0.029716 -0.126897  0.033453  0.033453  0.033453
 -0.230781 -0.424631  0.412987 -0.718005  0.416981 -0.029423  0.000154  0.000154
  0.006707  0.004121  0.004121 -0.078255  0.007931  0.007931  0.267691 -0.040733
 -0.218273  0.043261  0.043261  0.043261 -0.216706  0.042627  0.042627  0.042627
  0.353280  0.075503 -0.225500  0.085954  0.085954 -0.059584  0.082103 -0.025661
  0.013908  0.013908 -0.111951  0.035614  0.035614 -0.239690  0.145823  0.046938
  0.121602 -0.034891  0.073471  0.021889  0.047741 -0.111035  0.048644  0.048644
 -0.087093  0.011042  0.011042  0.173648  0.036147  0.019704 -0.097461  0.032172
  0.032172 -0.098154  0.030342  0.030342  0.044673  0.001646 -0.194845  0.034942
  0.034942  0.034942  0.093440 -0.019463 -0.144704  0.029716  0.029716  0.029716
 -0.126897  0.033453  0.033453  0.033453 -0.230781 -0.424631  0.412987 -0.718005
  0.416981 -0.029423  0.000154  0.000154  0.006707  0.004121  0.004121 -0.078255
  0.007931  0.007931  0.267691 -0.040733 -0.218273  0.043261  0.043261  0.043261
 -0.216706  0.042627  0.042627  0.042627  0.353280  0.075503 -0.225500  0.085954
  0.085954 -0.059584  0.082103 -0.025661  0.013908  0.013908 -0.111951  0.035614
  0.035614 -0.239690  0.145823  0.046938  0.121602 -0.034891  0.073471  0.021889
  0.047741 -0.111035  0.048644  0.048644 -0.087093  0.011042  0.011042  0.173648
  0.036147  0.019704 -0.097461  0.032172  0.032172 -0.098154  0.030342  0.030342
  0.044673  0.001646 -0.194845  0.034942  0.034942  0.034942  0.093440 -0.019463
 -0.144704  0.029716  0.029716  0.029716 -0.126897  0.033453  0.033453  0.033453
 -0.230781 -0.424631  0.412987 -0.718005  0.416981 -0.029423  0.000154  0.000154
  0.006707  0.004121  0.004121 -0.078255  0.007931  0.007931  0.267691 -0.040733
 -0.218273  0.043261  0.043261  0.043261 -0.216706  0.042627  0.042627  0.042627
  0.353280  0.075503 -0.225500  0.085954  0.085954 -0.059584  0.082103 -0.025661
  0.013908  0.013908 -0.111951  0.035614  0.035614 -0.239690  0.145823  0.046938
  0.121602 -0.034891  0.073471  0.021889  0.047741 -0.111035  0.048644  0.048644
 -0.087093  0.011042  0.011042  0.173648  0.036147  0.019704 -0.097461  0.032172
  0.032172 -0.098154  0.030342  0.030342  0.044673  0.001646 -0.194845  0.034942
  0.034942  0.034942  0.093440 -0.019463 -0.144704  0.029716  0.029716  0.029716
 -0.126897  0.033453  0.033453  0.033453 -0.230781 -0.424631  0.412987 -0.718005
  0.416981 -0.029423  0.000154  0.000154  0.006707  0.004121  0.004121 -0.078255
  0.007931  0.007931  0.267691 -0.040733 -0.218273  0.043261  0.043261  0.043261
 -0.216706  0.042627  0.042627  0.042627  0.353280  0.075503 -0.225500  0.085954
  0.085954 -0.059584  0.082103 -0.025661  0.013908  0.013908 -0.111951  0.035614
  0.035614 -0.239690  0.145823  0.046938  0.121602 -0.034891  0.073471  0.021889
  0.047741 -0.111035  0.048644  0.048644 -0.087093  0.011042  0.011042  0.173648
  0.036147  0.019704 -0.097461  0.032172  0.032172 -0.098154  0.030342  0.030342
  0.044673  0.001646 -0.194845  0.034942  0.034942  0.034942  0.093440 -0.019463
 -0.144704  0.029716  0.029716  0.029716 -0.126897  0.033453  0.033453  0.033453
 -0.230781 -0.424631  0.412987 -0.718005  0.416981 -0.029423  0.000154  0.000154
  0.006707  0.004121  0.004121 -0.078255  0.007931  0.007931  0.267691 -0.040733
 -0.218273  0.043261  0.043261  0.043261 -0.216706  0.042627  0.042627  0.042627
  0.353280  0.075503 -0.225500  0.085954  0.085954 -0.059584  0.082103 -0.025661
  0.013908  0.013908 -0.111951  0.035614  0.035614 -0.239690  0.145823  0.046938
  0.121602 -0.034891  0.073471  0.021889  0.047741 -0.111035  0.048644  0.048644
 -0.087093  0.011042  0.011042  0.173648  0.036147  0.019704 -0.097461  0.032172
  0.032172 -0.098154  0.030342  0.030342  0.044673  0.001646 -0.194845  0.034942
  0.034942  0.034942  0.093440 -0.019463 -0.144704  0.029716  0.029716  0.029716
 -0.126897  0.033453  0.033453  0.033453 -0.230781 -0.424631  0.412987 -0.718005
  0.416981 -0.029423  0.000154  0.000154  0.006707  0.004121  0.004121 -0.078255
  0.007931  0.007931  0.267691 -0.040733 -0.218273  0.043261  0.043261  0.043261
 -0.216706  0.042627  0.042627  0.042627  0.353280  0.075503 -0.225500  0.085954
  0.085954 -0.059584  0.082103 -0.025661  0.013908  0.013908 -0.111951  0.035614
  0.035614 -0.239690  0.145823  0.046938  0.121602 -0.034891  0.073471  0.021889
  0.047741 -0.111035  0.048644  0.048644 -0.087093  0.011042  0.011042  0.173648
  0.036147  0.019704 -0.097461  0.032172  0.032172 -0.098154  0.030342  0.030342
  0.044673  0.001646 -0.194845  0.034942  0.034942  0.034942  0.093440 -0.019463
 -0.144704  0.029716  0.029716  0.029716 -0.126897  0.033453  0.033453  0.033453
 -0.230781 -0.424631  0.412987 -0.718005  0.416981 -0.029423  0.000154  0.000154
  0.006707  0.004121  0.004121 -0.078255  0.007931  0.007931  0.267691 -0.040733
 -0.218273  0.043261  0.043261  0.043261 -0.216706  0.042627  0.042627  0.042627
  0.353280  0.075503 -0.225500  0.085954  0.085954 -0.059584  0.082103 -0.025661
  0.013908  0.013908 -0.111951  0.035614  0.035614 -0.239690  0.145823  0.046938
  0.121602 -0.034891  0.073471  0.021889  0.047741 -0.111035  0.048644  0.048644
 -0.087093  0.011042  0.011042  0.173648  0.036147  0.019704 -0.097461  0.032172
  0.032172 -0.098154  0.030342  0.030342  0.044673  0.001646 -0.194845  0.034942
  0.034942  0.034942  0.093440 -0.019463 -0.144704  0.029716  0.029716  0.029716
 -0.126897  0.033453  0.033453  0.033453 -0.230781 -0.424631  0.412987 -0.718005
  0.416981 -0.029423  0.000154  0.000154  0.006707  0.004121  0.004121 -0.078255
  0.007931  0.007931  0.267691 -0.040733 -0.218273  0.043261  0.043261  0.043261
 -0.216706  0.042627  0.042627  0.042627  0.353280  0.075503 -0.225500  0.085954
  0.085954 -0.059584  0.082103 -0.025661  0.013908  0.013908 -0.111951  0.035614
  0.035614 -0.239690  0.145823  0.046938  0.121602 -0.034891  0.073471  0.021889
  0.047741 -0.111035  0.048644  0.048644 -0.087093  0.011042  0.011042  0.173648
  0.036147  0.019704 -0.097461  0.032172  0.032172 -0.098154  0.030342  0.030342
  0.044673  0.001646 -0.194845  0.034942  0.034942  0.034942  0.093440 -0.019463
 -0.144704  0.029716  0.029716  0.029716 -0.126897  0.033453  0.033453  0.033453
 -0.230781 -0.424631  0.412987 -0.718005  0.416981 -0.029423  0.000154  0.000154
  0.006707  0.004121  0.004121 -0.078255  0.007931  0.007931  0.267691 -0.040733
 -0.218273  0.043261  0.043261  0.043261 -0.216706  0.042627  0.042627  0.042627
  0.353280  0.075503 -0.225500  0.085954  0.085954 -0.059584  0.082103 -0.025661
  0.013908  0.013908 -0.111951  0.035614  0.035614 -0.239690  0.145823  0.046938
  0.121602 -0.034891  0.073471  0.021889  0.047741 -0.111035  0.048644  0.048644
 -0.087093  0.011042  0.011042  0.173648  0.036147  0.019704 -0.097461  0.032172
  0.032172 -0.098154  0.030342  0.030342  0.044673  0.001646 -0.194845  0.034942
  0.034942  0.034942  0.093440 -0.019463 -0.144704  0.029716  0.029716  0.029716
 -0.126897  0.033453  0.033453  0.033453 -0.230781 -0.424631  0.412987 -0.718005
  0.416981 -0.029423  0.000154  0.000154  0.006707  0.004121  0.004121 -0.078255
  0.007931  0.007931  0.267691 -0.040733 -0.218273  0.043261  0.043261  0.043261
 -0.216706  0.042627  0.042627  0.042627  0.353280  0.075503 -0.225500  0.085954
  0.085954 -0.059584  0.082103 -0.025661  0.013908  0.013908 -0.111951  0.035614
  0.035614 -0.239690  0.145823  0.046938  0.121602 -0.034891  0.073471  0.021889
  0.047741 -0.111035  0.048644  0.048644 -0.087093  0.011042  0.011042  0.173648
  0.036147  0.019704 -0.097461  0.032172  0.032172 -0.098154  0.030342  0.030342
  0.044673  0.001646 -0.194845  0.034942  0.034942  0.034942  0.093440 -0.019463
 -0.144704  0.029716  0.029716  0.029716 -0.126897  0.033453  0.033453  0.033453
 -0.230781 -0.424631  0.412987 -0.718005  0.416981 -0.029423  0.000154  0.000154
  0.006707  0.004121  0.004121 -0.078255  0.007931  0.007931  0.267691 -0.040733
 -0.218273  0.043261  0.043261  0.043261 -0.216706  0.042627  0.042627  0.042627
  0.353280  0.075503 -0.225500  0.085954  0.085954 -0.059584  0.082103 -0.025661
  0.013908  0.013908 -0.111951  0.035614  0.035614 -0.239690  0.145823  0.046938
  0.121602 -0.034891  0.073471  0.021889  0.047741 -0.111035  0.048644  0.048644
 -0.087093  0.011042  0.011042  0.173648  0.036147  0.019704 -0.097461  0.032172
  0.032172 -0.098154  0.030342  0.030342  0.044673  0.001646 -0.194845  0.034942
  0.034942  0.034942  0.093440 -0.019463 -0.144704  0.029716  0.029716  0.029716
 -0.126897  0.033453  0.033453  0.033453 -0.230781 -0.424631  0.412987 -0.718005
  0.416981 -0.029423  0.000154  0.000154  0.006707  0.004121  0.004121 -0.078255
  0.007931  0.007931  0.267691 -0.040733 -0.218273  0.043261  0.043261  0.043261
 -0.216706  0.042627  0.042627  0.042627  0.353280  0.075503 -0.225500  0.085954
  0.085954 -0.059584  0.082103 -0.025661  0.013908  0.013908 -0.111951  0.035614
  0.035614 -0.239690  0.145823  0.046938  0.121602 -0.034891  0.073471  0.021889
  0.047741 -0.111035  0.048644  0.048644 -0.087093  0.011042  0.011042  0.173648
  0.036147  0.019704 -0.097461  0.032172  0.032172 -0.098154  0.030342  0.030342
  0.044673  0.001646 -0.194845  0.034942  0.034942  0.034942  0.093440 -0.019463
 -0.144704  0.029716  0.029716  0.029716 -0.126897  0.033453  0.033453  0.033453
 -0.230781 -0.424631  0.412987 -0.718005  0.416981 -0.029423  0.000154  0.000154
  0.006707  0.004121  0.004121 -0.078255  0.007931  0.007931  0.267691 -0.040733
 -0.218273  0.043261  0.043261  0.043261 -0.216706  0.042627  0.042627  0.042627
  0.353280  0.075503 -0.225500  0.085954  0.085954 -0.059584  0.082103 -0.025661
  0.013908  0.013908 -0.111951  0.035614  0.035614 -0.239690  0.145823  0.046938
  0.121602 -0.034891  0.073471  0.021889  0.047741 -0.111035  0.048644  0.048644
 -0.087093  0.011042  0.011042  0.173648  0.036147  0.019704 -0.097461  0.032172
  0.032172 -0.098154  0.030342  0.030342  0.044673  0.001646 -0.194845  0.034942
  0.034942  0.034942  0.093440 -0.019463 -0.144704  0.029716  0.029716  0.029716
 -0.126897  0.033453  0.033453  0.033453 -0.230781 -0.424631  0.412987 -0.718005
  0.416981 -0.029423  0.000154  0.000154  0.006707  0.004121  0.004121 -0.078255
  0.007931  0.007931  0.267691 -0.040733 -0.218273  0.043261  0.043261  0.043261
 -0.216706  0.042627  0.042627  0.042627  0.353280  0.075503 -0.225500  0.085954
  0.085954 -0.059584  0.082103 -0.025661  0.013908  0.013908 -0.111951  0.035614
  0.035614 -0.239690  0.145823  0.046938  0.121602 -0.034891  0.073471  0.021889
  0.047741 -0.111035  0.048644  0.048644 -0.087093  0.011042  0.011042  0.173648
  0.036147  0.019704 -0.097461  0.032172  0.032172 -0.098154  0.030342  0.030342
  0.044673  0.001646 -0.194845  0.034942  0.034942  0.034942  0.093440 -0.019463
 -0.144704  0.029716  0.029716  0.029716 -0.126897  0.033453  0.033453  0.033453
 -0.230781 -0.424631  0.412987 -0.718005  0.416981 -0.029423  0.000154  0.000154
  0.006707  0.004121  0.004121 -0.078255  0.007931  0.007931  0.267691 -0.040733
 -0.218273  0.043261  0.043261  0.043261 -0.216706  0.042627  0.042627  0.042627
  0.353280  0.075503 -0.225500  0.085954  0.085954 -0.059584  0.082103 -0.025661
  0.013908  0.013908 -0.111951  0.035614  0.035614 -0.239690  0.145823  0.046938
  0.121602 -0.034891  0.073471  0.021889  0.047741 -0.111035  0.048644  0.048644
 -0.087093  0.011042  0.011042  0.173648  0.036147  0.019704 -0.097461  0.032172
  0.032172 -0.098154  0.030342  0.030342  0.044673  0.001646 -0.194845  0.034942
  0.034942  0.034942  0.093440 -0.019463 -0.144704  0.029716  0.029716  0.029716
 -0.126897  0.033453  0.033453  0.033453 -0.230781 -0.424631  0.412987 -0.718005
  0.416981 -0.029423  0.000154  0.000154  0.006707  0.004121  0.004121 -0.078255
  0.007931  0.007931  0.267691 -0.040733 -0.218273  0.043261  0.043261  0.043261
 -0.216706  0.042627  0.042627  0.042627  0.353280  0.075503 -0.225500  0.085954
  0.085954 -0.059584  0.082103 -0.025661  0.013908  0.013908 -0.111951  0.035614
  0.035614 -0.239690  0.145823  0.046938  0.121602 -0.034891  0.073471  0.021889
  0.047741 -0.111035  0.048644  0.048644 -0.087093  0.011042  0.011042  0.173648
  0.036147  0.019704 -0.097461  0.032172  0.032172 -0.098154  0.030342  0.030342
  0.044673  0.001646 -0.194845  0.034942  0.034942  0.034942  0.093440 -0.019463
 -0.144704  0.029716  0.029716  0.029716 -0.126897  0.033453  0.033453  0.033453
 -0.230781 -0.424631  0.412987 -0.718005  0.416981 -0.029423  0.000154  0.000154
  0.006707  0.004121  0.004121 -0.078255  0.007931  0.007931  0.267691 -0.040733
 -0.218273  0.043261  0.043261  0.043261 -0.216706  0.042627  0.042627  0.042627
  0.353280  0.075503 -0.225500  0.085954  0.085954 -0.059584  0.082103 -0.025661
  0.013908  0.013908 -0.111951  0.035614  0.035614 -0.239690  0.145823  0.046938
  0.121602 -0.034891  0.073471  0.021889  0.047741 -0.111035  0.048644  0.048644
 -0.087093  0.011042  0.011042  0.173648  0.036147  0.019704 -0.097461  0.032172
  0.032172 -0.098154  0.030342  0.030342  0.044673  0.001646 -0.194845  0.034942
  0.034942  0.034942  0.093440 -0.019463 -0.144704  0.029716  0.029716  0.029716
 -0.126897  0.033453  0.033453  0.033453 -0.230781 -0.424631  0.412987 -0.718005
  0.416981 -0.029423  0.000154  0.000154  0.006707  0.004121  0.004121 -0.078255
  0.007931  0.007931  0.267691 -0.040733 -0.218273  0.043261  0.043261  0.043261
 -0.216706  0.042627  0.042627  0.042627  0.353280  0.075503 -0.225500  0.085954
  0.085954 -0.059584  0.082103 -0.025661  0.013908  0.013908 -0.111951  0.035614
  0.035614 -0.239690  0.145823  0.046938  0.121602 -0.034891  0.073471  0.021889
  0.047741 -0.111035  0.048644  0.048644 -0.087093  0.011042  0.011042  0.173648
  0.036147  0.019704 -0.097461  0.032172  0.032172 -0.098154  0.030342  0.030342
  0.044673  0.001646 -0.194845  0.034942  0.034942  0.034942  0.093440 -0.019463
 -0.144704  0.029716  0.029716  0.029716 -0.126897  0.033453  0.033453  0.033453
 -0.230781 -0.424631  0.412987 -0.718005  0.416981 -0.029423  0.000154  0.000154
  0.006707  0.004121  0.004121 -0.078255  0.007931  0.007931  0.267691 -0.040733
 -0.218273  0.043261  0.043261  0.043261 -0.216706  0.042627  0.042627  0.042627
  0.353280  0.075503 -0.225500  0.085954  0.085954 -0.059584  0.082103 -0.025661
  0.013908  0.013908 -0.111951  0.035614  0.035614 -0.239690  0.145823  0.046938
  0.121602 -0.034891  0.073471  0.021889  0.047741 -0.111035  0.048644  0.048644
 -0.087093  0.011042  0.011042  0.173648  0.036147  0.019704 -0.097461  0.032172
  0.032172 -0.098154  0.030342  0.030342  0.044673  0.001646 -0.194845  0.034942
  0.034942  0.034942  0.093440 -0.019463 -0.144704  0.029716  0.029716  0.029716
 -0.126897  0.033453  0.033453  0.033453 -0.230781 -0.424631  0.412987 -0.718005
  0.416981 -0.029423  0.000154  0.000154  0.006707  0.004121  0.004121 -0.078255
  0.007931  0.007931  0.267691 -0.040733 -0.218273  0.043261  0.043261  0.043261
 -0.216706  0.042627  0.042627  0.042627  0.353280  0.075503 -0.225500  0.085954
  0.085954 -0.059584  0.082103 -0.025661  0.013908  0.013908 -0.111951  0.035614
  0.035614 -0.239690  0.145823  0.046938  0.121602 -0.034891  0.073471  0.021889
  0.047741 -0.111035  0.048644  0.048644 -0.087093  0.011042  0.011042  0.173648
  0.036147  0.019704 -0.097461  0.032172  0.032172 -0.098154  0.030342  0.030342
  0.044673  0.001646 -0.194845  0.034942  0.034942  0.034942  0.093440 -0.019463
 -0.144704  0.029716  0.029716  0.029716 -0.126897  0.033453  0.033453  0.033453
 -0.230781 -0.424631  0.412987 -0.718005  0.416981 -0.029423  0.000154  0.000154
  0.006707  0.004121  0.004121 -0.078255  0.007931  0.007931  0.267691 -0.040733
 -0.218273  0.043261  0.043261  0.043261 -0.216706  0.042627  0.042627  0.042627
