  0.353280  0.075503 -0.188355  0.075306  0.070471 -0.059584  0.082103 -0.039275
  0.009714  0.046087 -0.122228  0.035365  0.034979 -0.239690  0.145823  0.046938
  0.121602 -0.034891  0.073471  0.021889  0.047741 -0.029651  0.035090  0.001765
 -0.074356 -0.000775  0.018966  0.173648  0.036147  0.019704 -0.143249  0.075108
  0.016237 -0.082814  0.035798  0.022488  0.044673  0.001646 -0.293334  0.045206
  0.078661  0.069521  0.093440 -0.019463 -0.205899  0.039462  0.051407  0.043015
 -0.231560  0.049813  0.075697  0.062404 -0.230781 -0.424631  0.412987 -0.718005
  0.416981 -0.016778 -0.005963 -0.002873  0.021560  0.000036 -0.005565 -0.052481
  0.000077  0.000369  0.267691 -0.040733 -0.242227  0.050266  0.051701  0.045828
 -0.237346  0.050762  0.049175  0.044905  0.353280  0.075503 -0.188355  0.075306
  0.070471 -0.059584  0.082103 -0.039275  0.009714  0.046087 -0.122228  0.035365
  0.034979 -0.239690  0.145823  0.046938  0.121602 -0.034891  0.073471  0.021889
  0.047741 -0.029651  0.035090  0.001765 -0.074356 -0.000775  0.018966  0.173648
  0.036147  0.019704 -0.143249  0.075108  0.016237 -0.082814  0.035798  0.022488
  0.044673  0.001646 -0.293334  0.045206  0.078661  0.069521  0.093440 -0.019463
 -0.205899  0.039462  0.051407  0.043015 -0.231560  0.049813  0.075697  0.062404
 -0.230781 -0.424631  0.412987 -0.718005  0.416981 -0.016778 -0.005963 -0.002873
  0.021560  0.000036 -0.005565 -0.052481  0.000077  0.000369  0.267691 -0.040733
 -0.242227  0.050266  0.051701  0.045828 -0.237346  0.050762  0.049175  0.044905
  0.353280  0.075503 -0.188355  0.075306  0.070471 -0.059584  0.082103 -0.039275
  0.009714  0.046087 -0.122228  0.035365  0.034979 -0.239690  0.145823  0.046938
  0.121602 -0.034891  0.073471  0.021889  0.047741 -0.029651  0.035090  0.001765
 -0.074356 -0.000775  0.018966  0.173648  0.036147  0.019704 -0.143249  0.075108
  0.016237 -0.082814  0.035798  0.022488  0.044673  0.001646 -0.293334  0.045206
  0.078661  0.069521  0.093440 -0.019463 -0.205899  0.039462  0.051407  0.043015
 -0.231560  0.049813  0.075697  0.062404 -0.230781 -0.424631  0.412987 -0.718005
  0.416981 -0.016778 -0.005963 -0.002873  0.021560  0.000036 -0.005565 -0.052481
  0.000077  0.000369  0.267691 -0.040733 -0.242227  0.050266  0.051701  0.045828
 -0.237346  0.050762  0.049175  0.044905  0.353280  0.075503 -0.188355  0.075306
  0.070471 -0.059584  0.082103 -0.039275  0.009714  0.046087 -0.122228  0.035365
  0.034979 -0.239690  0.145823  0.046938  0.121602 -0.034891  0.073471  0.021889
  0.047741 -0.029651  0.035090  0.001765 -0.074356 -0.000775  0.018966  0.173648
  0.036147  0.019704 -0.143249  0.075108  0.016237 -0.082814  0.035798  0.022488
  0.044673  0.001646 -0.293334  0.045206  0.078661  0.069521  0.093440 -0.019463
 -0.205899  0.039462  0.051407  0.043015 -0.231560  0.049813  0.075697  0.062404
 -0.230781 -0.424631  0.412987 -0.718005  0.416981 -0.016778 -0.005963 -0.002873
  0.021560  0.000036 -0.005565 -0.052481  0.000077  0.000369  0.267691 -0.040733
 -0.242227  0.050266  0.051701  0.045828 -0.237346  0.050762  0.049175  0.044905
  0.353280  0.075503 -0.188355  0.075306  0.070471 -0.059584  0.082103 -0.039275
  0.009714  0.046087 -0.122228  0.035365  0.034979 -0.239690  0.145823  0.046938
  0.121602 -0.034891  0.073471  0.021889  0.047741 -0.029651  0.035090  0.001765
 -0.074356 -0.000775  0.018966  0.173648  0.036147  0.019704 -0.143249  0.075108
  0.016237 -0.082814  0.035798  0.022488  0.044673  0.001646 -0.293334  0.045206
  0.078661  0.069521  0.093440 -0.019463 -0.205899  0.039462  0.051407  0.043015
 -0.231560  0.049813  0.075697  0.062404 -0.230781 -0.424631  0.412987 -0.718005
  0.416981 -0.016778 -0.005963 -0.002873  0.021560  0.000036 -0.005565 -0.052481
  0.000077  0.000369  0.267691 -0.040733 -0.242227  0.050266  0.051701  0.045828
 -0.237346  0.050762  0.049175  0.044905  0.353280  0.075503 -0.188355  0.075306
  0.070471 -0.059584  0.082103 -0.039275  0.009714  0.046087 -0.122228  0.035365
  0.034979 -0.239690  0.145823  0.046938  0.121602 -0.034891  0.073471  0.021889
  0.047741 -0.029651  0.035090  0.001765 -0.074356 -0.000775  0.018966  0.173648
  0.036147  0.019704 -0.143249  0.075108  0.016237 -0.082814  0.035798  0.022488
  0.044673  0.001646 -0.293334  0.045206  0.078661  0.069521  0.093440 -0.019463
 -0.205899  0.039462  0.051407  0.043015 -0.231560  0.049813  0.075697  0.062404
 -0.230781 -0.424631  0.412987 -0.718005  0.416981 -0.016778 -0.005963 -0.002873
  0.021560  0.000036 -0.005565 -0.052481  0.000077  0.000369  0.267691 -0.040733
 -0.242227  0.050266  0.051701  0.045828 -0.237346  0.050762  0.049175  0.044905
  0.353280  0.075503 -0.188355  0.075306  0.070471 -0.059584  0.082103 -0.039275
  0.009714  0.046087 -0.122228  0.035365  0.034979 -0.239690  0.145823  0.046938
  0.121602 -0.034891  0.073471  0.021889  0.047741 -0.029651  0.035090  0.001765
 -0.074356 -0.000775  0.018966  0.173648  0.036147  0.019704 -0.143249  0.075108
  0.016237 -0.082814  0.035798  0.022488  0.044673  0.001646 -0.293334  0.045206
  0.078661  0.069521  0.093440 -0.019463 -0.205899  0.039462  0.051407  0.043015
 -0.231560  0.049813  0.075697  0.062404 -0.230781 -0.424631  0.412987 -0.718005
  0.416981 -0.016778 -0.005963 -0.002873  0.021560  0.000036 -0.005565 -0.052481
  0.000077  0.000369  0.267691 -0.040733 -0.242227  0.050266  0.051701  0.045828
 -0.237346  0.050762  0.049175  0.044905  0.353280  0.075503 -0.188355  0.075306
  0.070471 -0.059584  0.082103 -0.039275  0.009714  0.046087 -0.122228  0.035365
  0.034979 -0.239690  0.145823  0.046938  0.121602 -0.034891  0.073471  0.021889
  0.047741 -0.029651  0.035090  0.001765 -0.074356 -0.000775  0.018966  0.173648
  0.036147  0.019704 -0.143249  0.075108  0.016237 -0.082814  0.035798  0.022488
  0.044673  0.001646 -0.293334  0.045206  0.078661  0.069521  0.093440 -0.019463
 -0.205899  0.039462  0.051407  0.043015 -0.231560  0.049813  0.075697  0.062404
 -0.230781 -0.424631  0.412987 -0.718005  0.416981 -0.016778 -0.005963 -0.002873
  0.021560  0.000036 -0.005565 -0.052481  0.000077  0.000369  0.267691 -0.040733
 -0.242227  0.050266  0.051701  0.045828 -0.237346  0.050762  0.049175  0.044905
  0.353280  0.075503 -0.188355  0.075306  0.070471 -0.059584  0.082103 -0.039275
  0.009714  0.046087 -0.122228  0.035365  0.034979 -0.239690  0.145823  0.046938
  0.121602 -0.034891  0.073471  0.021889  0.047741 -0.029651  0.035090  0.001765
 -0.074356 -0.000775  0.018966  0.173648  0.036147  0.019704 -0.143249  0.075108
  0.016237 -0.082814  0.035798  0.022488  0.044673  0.001646 -0.293334  0.045206
  0.078661  0.069521  0.093440 -0.019463 -0.205899  0.039462  0.051407  0.043015
 -0.231560  0.049813  0.075697  0.062404 -0.230781 -0.424631  0.412987 -0.718005
  0.416981 -0.016778 -0.005963 -0.002873  0.021560  0.000036 -0.005565 -0.052481
  0.000077  0.000369  0.267691 -0.040733 -0.242227  0.050266  0.051701  0.045828
 -0.237346  0.050762  0.049175  0.044905  0.353280  0.075503 -0.188355  0.075306
  0.070471 -0.059584  0.082103 -0.039275  0.009714  0.046087 -0.122228  0.035365
  0.034979 -0.239690  0.145823  0.046938  0.121602 -0.034891  0.073471  0.021889
  0.047741 -0.029651  0.035090  0.001765 -0.074356 -0.000775  0.018966  0.173648
  0.036147  0.019704 -0.143249  0.075108  0.016237 -0.082814  0.035798  0.022488
  0.044673  0.001646 -0.293334  0.045206  0.078661  0.069521  0.093440 -0.019463
 -0.205899  0.039462  0.051407  0.043015 -0.231560  0.049813  0.075697  0.062404
 -0.230781 -0.424631  0.412987 -0.718005  0.416981 -0.016778 -0.005963 -0.002873
  0.021560  0.000036 -0.005565 -0.052481  0.000077  0.000369  0.267691 -0.040733
 -0.242227  0.050266  0.051701  0.045828 -0.237346  0.050762  0.049175  0.044905
  0.353280  0.075503 -0.188355  0.075306  0.070471 -0.059584  0.082103 -0.039275
  0.009714  0.046087 -0.122228  0.035365  0.034979 -0.239690  0.145823  0.046938
  0.121602 -0.034891  0.073471  0.021889  0.047741 -0.029651  0.035090  0.001765
 -0.074356 -0.000775  0.018966  0.173648  0.036147  0.019704 -0.143249  0.075108
  0.016237 -0.082814  0.035798  0.022488  0.044673  0.001646 -0.293334  0.045206
  0.078661  0.069521  0.093440 -0.019463 -0.205899  0.039462  0.051407  0.043015
 -0.231560  0.049813  0.075697  0.062404 -0.230781 -0.424631  0.412987 -0.718005
  0.416981 -0.016778 -0.005963 -0.002873  0.021560  0.000036 -0.005565 -0.052481
  0.000077  0.000369  0.267691 -0.040733 -0.242227  0.050266  0.051701  0.045828
 -0.237346  0.050762  0.049175  0.044905  0.353280  0.075503 -0.188355  0.075306
  0.070471 -0.059584  0.082103 -0.039275  0.009714  0.046087 -0.122228  0.035365
  0.034979 -0.239690  0.145823  0.046938  0.121602 -0.034891  0.073471  0.021889
  0.047741 -0.029651  0.035090  0.001765 -0.074356 -0.000775  0.018966  0.173648
  0.036147  0.019704 -0.143249  0.075108  0.016237 -0.082814  0.035798  0.022488
  0.044673  0.001646 -0.293334  0.045206  0.078661  0.069521  0.093440 -0.019463
 -0.205899  0.039462  0.051407  0.043015 -0.231560  0.049813  0.075697  0.062404
 -0.230781 -0.424631  0.412987 -0.718005  0.416981 -0.016778 -0.005963 -0.002873
  0.021560  0.000036 -0.005565 -0.052481  0.000077  0.000369  0.267691 -0.040733
 -0.242227  0.050266  0.051701  0.045828 -0.237346  0.050762  0.049175  0.044905
  0.353280  0.075503 -0.188355  0.075306  0.070471 -0.059584  0.082103 -0.039275
  0.009714  0.046087 -0.122228  0.035365  0.034979 -0.239690  0.145823  0.046938
  0.121602 -0.034891  0.073471  0.021889  0.047741 -0.029651  0.035090  0.001765
 -0.074356 -0.000775  0.018966  0.173648  0.036147  0.019704 -0.143249  0.075108
  0.016237 -0.082814  0.035798  0.022488  0.044673  0.001646 -0.293334  0.045206
  0.078661  0.069521  0.093440 -0.019463 -0.205899  0.039462  0.051407  0.043015
 -0.231560  0.049813  0.075697  0.062404 -0.230781 -0.424631  0.412987 -0.718005
  0.416981 -0.016778 -0.005963 -0.002873  0.021560  0.000036 -0.005565 -0.052481
  0.000077  0.000369  0.267691 -0.040733 -0.242227  0.050266  0.051701  0.045828
 -0.237346  0.050762  0.049175  0.044905  0.353280  0.075503 -0.188355  0.075306
  0.070471 -0.059584  0.082103 -0.039275  0.009714  0.046087 -0.122228  0.035365
  0.034979 -0.239690  0.145823  0.046938  0.121602 -0.034891  0.073471  0.021889
  0.047741 -0.029651  0.035090  0.001765 -0.074356 -0.000775  0.018966  0.173648
  0.036147  0.019704 -0.143249  0.075108  0.016237 -0.082814  0.035798  0.022488
  0.044673  0.001646 -0.293334  0.045206  0.078661  0.069521  0.093440 -0.019463
 -0.205899  0.039462  0.051407  0.043015 -0.231560  0.049813  0.075697  0.062404
 -0.230781 -0.424631  0.412987 -0.718005  0.416981 -0.016778 -0.005963 -0.002873
  0.021560  0.000036 -0.005565 -0.052481  0.000077  0.000369  0.267691 -0.040733
 -0.242227  0.050266  0.051701  0.045828 -0.237346  0.050762  0.049175  0.044905
  0.353280  0.075503 -0.188355  0.075306  0.070471 -0.059584  0.082103 -0.039275
  0.009714  0.046087 -0.122228  0.035365  0.034979 -0.239690  0.145823  0.046938
  0.121602 -0.034891  0.073471  0.021889  0.047741 -0.029651  0.035090  0.001765
 -0.074356 -0.000775  0.018966  0.173648  0.036147  0.019704 -0.143249  0.075108
  0.016237 -0.082814  0.035798  0.022488  0.044673  0.001646 -0.293334  0.045206
  0.078661  0.069521  0.093440 -0.019463 -0.205899  0.039462  0.051407  0.043015
 -0.231560  0.049813  0.075697  0.062404 -0.230781 -0.424631  0.412987 -0.718005
  0.416981 -0.016778 -0.005963 -0.002873  0.021560  0.000036 -0.005565 -0.052481
  0.000077  0.000369  0.267691 -0.040733 -0.242227  0.050266  0.051701  0.045828
 -0.237346  0.050762  0.049175  0.044905  0.353280  0.075503 -0.188355  0.075306
  0.070471 -0.059584  0.082103 -0.039275  0.009714  0.046087 -0.122228  0.035365
  0.034979 -0.239690  0.145823  0.046938  0.121602 -0.034891  0.073471  0.021889
  0.047741 -0.029651  0.035090  0.001765 -0.074356 -0.000775  0.018966  0.173648
  0.036147  0.019704 -0.143249  0.075108  0.016237 -0.082814  0.035798  0.022488
  0.044673  0.001646 -0.293334  0.045206  0.078661  0.069521  0.093440 -0.019463
 -0.205899  0.039462  0.051407  0.043015 -0.231560  0.049813  0.075697  0.062404
 -0.230781 -0.424631  0.412987 -0.718005  0.416981 -0.016778 -0.005963 -0.002873
  0.021560  0.000036 -0.005565 -0.052481  0.000077  0.000369  0.267691 -0.040733
 -0.242227  0.050266  0.051701  0.045828 -0.237346  0.050762  0.049175  0.044905
  0.353280  0.075503 -0.188355  0.075306  0.070471 -0.059584  0.082103 -0.039275
  0.009714  0.046087 -0.122228  0.035365  0.034979 -0.239690  0.145823  0.046938
  0.121602 -0.034891  0.073471  0.021889  0.047741 -0.029651  0.035090  0.001765
 -0.074356 -0.000775  0.018966  0.173648  0.036147  0.019704 -0.143249  0.075108
  0.016237 -0.082814  0.035798  0.022488  0.044673  0.001646 -0.293334  0.045206
  0.078661  0.069521  0.093440 -0.019463 -0.205899  0.039462  0.051407  0.043015
 -0.231560  0.049813  0.075697  0.062404 -0.230781 -0.424631  0.412987 -0.718005
  0.416981 -0.016778 -0.005963 -0.002873  0.021560  0.000036 -0.005565 -0.052481
  0.000077  0.000369  0.267691 -0.040733 -0.242227  0.050266  0.051701  0.045828
 -0.237346  0.050762  0.049175  0.044905  0.353280  0.075503 -0.188355  0.075306
  0.070471 -0.059584  0.082103 -0.039275  0.009714  0.046087 -0.122228  0.035365
  0.034979 -0.239690  0.145823  0.046938  0.121602 -0.034891  0.073471  0.021889
  0.047741 -0.029651  0.035090  0.001765 -0.074356 -0.000775  0.018966  0.173648
  0.036147  0.019704 -0.143249  0.075108  0.016237 -0.082814  0.035798  0.022488
  0.044673  0.001646 -0.293334  0.045206  0.078661  0.069521  0.093440 -0.019463
 -0.205899  0.039462  0.051407  0.043015 -0.231560  0.049813  0.075697  0.062404
 -0.230781 -0.424631  0.412987 -0.718005  0.416981 -0.016778 -0.005963 -0.002873
  0.021560  0.000036 -0.005565 -0.052481  0.000077  0.000369  0.267691 -0.040733
 -0.242227  0.050266  0.051701  0.045828 -0.237346  0.050762  0.049175  0.044905
  0.353280  0.075503 -0.188355  0.075306  0.070471 -0.059584  0.082103 -0.039275
  0.009714  0.046087 -0.122228  0.035365  0.034979 -0.239690  0.145823  0.046938
  0.121602 -0.034891  0.073471  0.021889  0.047741 -0.029651  0.035090  0.001765
 -0.074356 -0.000775  0.018966  0.173648  0.036147  0.019704 -0.143249  0.075108
  0.016237 -0.082814  0.035798  0.022488  0.044673  0.001646 -0.293334  0.045206
  0.078661  0.069521  0.093440 -0.019463 -0.205899  0.039462  0.051407  0.043015
 -0.231560  0.049813  0.075697  0.062404 -0.230781 -0.424631  0.412987 -0.718005
  0.416981 -0.016778 -0.005963 -0.002873  0.021560  0.000036 -0.005565 -0.052481
  0.000077  0.000369  0.267691 -0.040733 -0.242227  0.050266  0.051701  0.045828
 -0.237346  0.050762  0.049175  0.044905  0.353280  0.075503 -0.188355  0.075306
  0.070471 -0.059584  0.082103 -0.039275  0.009714  0.046087 -0.122228  0.035365
  0.034979 -0.239690  0.145823  0.046938  0.121602 -0.034891  0.073471  0.021889
  0.047741 -0.029651  0.035090  0.001765 -0.074356 -0.000775  0.018966  0.173648
  0.036147  0.019704 -0.143249  0.075108  0.016237 -0.082814  0.035798  0.022488
  0.044673  0.001646 -0.293334  0.045206  0.078661  0.069521  0.093440 -0.019463
 -0.205899  0.039462  0.051407  0.043015 -0.231560  0.049813  0.075697  0.062404
 -0.230781 -0.424631  0.412987 -0.718005  0.416981 -0.016778 -0.005963 -0.002873
  0.021560  0.000036 -0.005565 -0.052481  0.000077  0.000369  0.267691 -0.040733
 -0.242227  0.050266  0.051701  0.045828 -0.237346  0.050762  0.049175  0.044905
  0.353280  0.075503 -0.188355  0.075306  0.070471 -0.059584  0.082103 -0.039275
  0.009714  0.046087 -0.122228  0.035365  0.034979 -0.239690  0.145823  0.046938
  0.121602 -0.034891  0.073471  0.021889  0.047741 -0.029651  0.035090  0.001765
 -0.074356 -0.000775  0.018966  0.173648  0.036147  0.019704 -0.143249  0.075108
  0.016237 -0.082814  0.035798  0.022488  0.044673  0.001646 -0.293334  0.045206
  0.078661  0.069521  0.093440 -0.019463 -0.205899  0.039462  0.051407  0.043015
 -0.231560  0.049813  0.075697  0.062404 -0.230781 -0.424631  0.412987 -0.718005
  0.416981 -0.016778 -0.005963 -0.002873  0.021560  0.000036 -0.005565 -0.052481
  0.000077  0.000369  0.267691 -0.040733 -0.242227  0.050266  0.051701  0.045828
 -0.237346  0.050762  0.049175  0.044905  0.353280  0.075503 -0.188355  0.075306
  0.070471 -0.059584  0.082103 -0.039275  0.009714  0.046087 -0.122228  0.035365
  0.034979 -0.239690  0.145823  0.046938  0.121602 -0.034891  0.073471  0.021889
  0.047741 -0.029651  0.035090  0.001765 -0.074356 -0.000775  0.018966  0.173648
  0.036147  0.019704 -0.143249  0.075108  0.016237 -0.082814  0.035798  0.022488
  0.044673  0.001646 -0.293334  0.045206  0.078661  0.069521  0.093440 -0.019463
 -0.205899  0.039462  0.051407  0.043015 -0.231560  0.049813  0.075697  0.062404
 -0.230781 -0.424631  0.412987 -0.718005  0.416981 -0.016778 -0.005963 -0.002873
  0.021560  0.000036 -0.005565 -0.052481  0.000077  0.000369  0.267691 -0.040733
 -0.242227  0.050266  0.051701  0.045828 -0.237346  0.050762  0.049175  0.044905
  0.353280  0.075503 -0.188355  0.075306  0.070471 -0.059584  0.082103 -0.039275
  0.009714  0.046087 -0.122228  0.035365  0.034979 -0.239690  0.145823  0.046938
  0.121602 -0.034891  0.073471  0.021889  0.047741 -0.029651  0.035090  0.001765
 -0.074356 -0.000775  0.018966  0.173648  0.036147  0.019704 -0.143249  0.075108
  0.016237 -0.082814  0.035798  0.022488  0.044673  0.001646 -0.293334  0.045206
  0.078661  0.069521  0.093440 -0.019463 -0.205899  0.039462  0.051407  0.043015
 -0.231560  0.049813  0.075697  0.062404 -0.230781 -0.424631  0.412987 -0.718005
  0.416981 -0.016778 -0.005963 -0.002873  0.021560  0.000036 -0.005565 -0.052481
  0.000077  0.000369  0.267691 -0.040733 -0.242227  0.050266  0.051701  0.045828
 -0.237346  0.050762  0.049175  0.044905  0.353280  0.075503 -0.188355  0.075306
  0.070471 -0.059584  0.082103 -0.039275  0.009714  0.046087 -0.122228  0.035365
  0.034979 -0.239690  0.145823  0.046938  0.121602 -0.034891  0.073471  0.021889
  0.047741 -0.029651  0.035090  0.001765 -0.074356 -0.000775  0.018966  0.173648
  0.036147  0.019704 -0.143249  0.075108  0.016237 -0.082814  0.035798  0.022488
  0.044673  0.001646 -0.293334  0.045206  0.078661  0.069521  0.093440 -0.019463
 -0.205899  0.039462  0.051407  0.043015 -0.231560  0.049813  0.075697  0.062404
 -0.230781 -0.424631  0.412987 -0.718005  0.416981 -0.016778 -0.005963 -0.002873
  0.021560  0.000036 -0.005565 -0.052481  0.000077  0.000369  0.267691 -0.040733
 -0.242227  0.050266  0.051701  0.045828 -0.237346  0.050762  0.049175  0.044905
  0.353280  0.075503 -0.188355  0.075306  0.070471 -0.059584  0.082103 -0.039275
  0.009714  0.046087 -0.122228  0.035365  0.034979 -0.239690  0.145823  0.046938
  0.121602 -0.034891  0.073471  0.021889  0.047741 -0.029651  0.035090  0.001765
 -0.074356 -0.000775  0.018966  0.173648  0.036147  0.019704 -0.143249  0.075108
  0.016237 -0.082814  0.035798  0.022488  0.044673  0.001646 -0.293334  0.045206
  0.078661  0.069521  0.093440 -0.019463 -0.205899  0.039462  0.051407  0.043015
 -0.231560  0.049813  0.075697  0.062404 -0.230781 -0.424631  0.412987 -0.718005
  0.416981 -0.016778 -0.005963 -0.002873  0.021560  0.000036 -0.005565 -0.052481
  0.000077  0.000369  0.267691 -0.040733 -0.242227  0.050266  0.051701  0.045828
 -0.237346  0.050762  0.049175  0.044905  0.353280  0.075503 -0.188355  0.075306
  0.070471 -0.059584  0.082103 -0.039275  0.009714  0.046087 -0.122228  0.035365
  0.034979 -0.239690  0.145823  0.046938  0.121602 -0.034891  0.073471  0.021889
  0.047741 -0.029651  0.035090  0.001765 -0.074356 -0.000775  0.018966  0.173648
  0.036147  0.019704 -0.143249  0.075108  0.016237 -0.082814  0.035798  0.022488
  0.044673  0.001646 -0.293334  0.045206  0.078661  0.069521  0.093440 -0.019463
 -0.205899  0.039462  0.051407  0.043015 -0.231560  0.049813  0.075697  0.062404
 -0.230781 -0.424631  0.412987 -0.718005  0.416981 -0.016778 -0.005963 -0.002873
  0.021560  0.000036 -0.005565 -0.052481  0.000077  0.000369  0.267691 -0.040733
 -0.242227  0.050266  0.051701  0.045828 -0.237346  0.050762  0.049175  0.044905
  0.353280  0.075503 -0.188355  0.075306  0.070471 -0.059584  0.082103 -0.039275
  0.009714  0.046087 -0.122228  0.035365  0.034979 -0.239690  0.145823  0.046938
  0.121602 -0.034891  0.073471  0.021889  0.047741 -0.029651  0.035090  0.001765
 -0.074356 -0.000775  0.018966  0.173648  0.036147  0.019704 -0.143249  0.075108
  0.016237 -0.082814  0.035798  0.022488  0.044673  0.001646 -0.293334  0.045206
  0.078661  0.069521  0.093440 -0.019463 -0.205899  0.039462  0.051407  0.043015
 -0.231560  0.049813  0.075697  0.062404 -0.230781 -0.424631  0.412987 -0.718005
  0.416981 -0.016778 -0.005963 -0.002873  0.021560  0.000036 -0.005565 -0.052481
  0.000077  0.000369  0.267691 -0.040733 -0.242227  0.050266  0.051701  0.045828
 -0.237346  0.050762  0.049175  0.044905  0.353280  0.075503 -0.188355  0.075306
  0.070471 -0.059584  0.082103 -0.039275  0.009714  0.046087 -0.122228  0.035365
  0.034979 -0.239690  0.145823  0.046938  0.121602 -0.034891  0.073471  0.021889
  0.047741 -0.029651  0.035090  0.001765 -0.074356 -0.000775  0.018966  0.173648
  0.036147  0.019704 -0.143249  0.075108  0.016237 -0.082814  0.035798  0.022488
  0.044673  0.001646 -0.293334  0.045206  0.078661  0.069521  0.093440 -0.019463
 -0.205899  0.039462  0.051407  0.043015 -0.231560  0.049813  0.075697  0.062404
 -0.230781 -0.424631  0.412987 -0.718005  0.416981 -0.016778 -0.005963 -0.002873
  0.021560  0.000036 -0.005565 -0.052481  0.000077  0.000369  0.267691 -0.040733
 -0.242227  0.050266  0.051701  0.045828 -0.237346  0.050762  0.049175  0.044905
  0.353280  0.075503 -0.188355  0.075306  0.070471 -0.059584  0.082103 -0.039275
  0.009714  0.046087 -0.122228  0.035365  0.034979 -0.239690  0.145823  0.046938
  0.121602 -0.034891  0.073471  0.021889  0.047741 -0.029651  0.035090  0.001765
 -0.074356 -0.000775  0.018966  0.173648  0.036147  0.019704 -0.143249  0.075108
  0.016237 -0.082814  0.035798  0.022488  0.044673  0.001646 -0.293334  0.045206
  0.078661  0.069521  0.093440 -0.019463 -0.205899  0.039462  0.051407  0.043015
 -0.231560  0.049813  0.075697  0.062404 -0.230781 -0.424631  0.412987 -0.718005
  0.416981 -0.016778 -0.005963 -0.002873  0.021560  0.000036 -0.005565 -0.052481
  0.000077  0.000369  0.267691 -0.040733 -0.242227  0.050266  0.051701  0.045828
 -0.237346  0.050762  0.049175  0.044905  0.353280  0.075503 -0.188355  0.075306
  0.070471 -0.059584  0.082103 -0.039275  0.009714  0.046087 -0.122228  0.035365
  0.034979 -0.239690  0.145823  0.046938  0.121602 -0.034891  0.073471  0.021889
  0.047741 -0.029651  0.035090  0.001765 -0.074356 -0.000775  0.018966  0.173648
  0.036147  0.019704 -0.143249  0.075108  0.016237 -0.082814  0.035798  0.022488
  0.044673  0.001646 -0.293334  0.045206  0.078661  0.069521  0.093440 -0.019463
 -0.205899  0.039462  0.051407  0.043015 -0.231560  0.049813  0.075697  0.062404
 -0.230781 -0.424631  0.412987 -0.718005  0.416981 -0.016778 -0.005963 -0.002873
  0.021560  0.000036 -0.005565 -0.052481  0.000077  0.000369  0.267691 -0.040733
 -0.242227  0.050266  0.051701  0.045828 -0.237346  0.050762  0.049175  0.044905
  0.353280  0.075503 -0.188355  0.075306  0.070471 -0.059584  0.082103 -0.039275
  0.009714  0.046087 -0.122228  0.035365  0.034979 -0.239690  0.145823  0.046938
  0.121602 -0.034891  0.073471  0.021889  0.047741 -0.029651  0.035090  0.001765
 -0.074356 -0.000775  0.018966  0.173648  0.036147  0.019704 -0.143249  0.075108
  0.016237 -0.082814  0.035798  0.022488  0.044673  0.001646 -0.293334  0.045206
  0.078661  0.069521  0.093440 -0.019463 -0.205899  0.039462  0.051407  0.043015
 -0.231560  0.049813  0.075697  0.062404 -0.230781 -0.424631  0.412987 -0.718005
  0.416981 -0.016778 -0.005963 -0.002873  0.021560  0.000036 -0.005565 -0.052481
  0.000077  0.000369  0.267691 -0.040733 -0.242227  0.050266  0.051701  0.045828
 -0.237346  0.050762  0.049175  0.044905  0.353280  0.075503 -0.188355  0.075306
  0.070471 -0.059584  0.082103 -0.039275  0.009714  0.046087 -0.122228  0.035365
  0.034979 -0.239690  0.145823  0.046938  0.121602 -0.034891  0.073471  0.021889
  0.047741 -0.029651  0.035090  0.001765 -0.074356 -0.000775  0.018966  0.173648
  0.036147  0.019704 -0.143249  0.075108  0.016237 -0.082814  0.035798  0.022488
  0.044673  0.001646 -0.293334  0.045206  0.078661  0.069521  0.093440 -0.019463
 -0.205899  0.039462  0.051407  0.043015 -0.231560  0.049813  0.075697  0.062404
 -0.230781 -0.424631  0.412987 -0.718005  0.416981 -0.016778 -0.005963 -0.002873
  0.021560  0.000036 -0.005565 -0.052481  0.000077  0.000369  0.267691 -0.040733
 -0.242227  0.050266  0.051701  0.045828 -0.237346  0.050762  0.049175  0.044905
  0.353280  0.075503 -0.188355  0.075306  0.070471 -0.059584  0.082103 -0.039275
  0.009714  0.046087 -0.122228  0.035365  0.034979 -0.239690  0.145823  0.046938
  0.121602 -0.034891  0.073471  0.021889  0.047741 -0.029651  0.035090  0.001765
 -0.074356 -0.000775  0.018966  0.173648  0.036147  0.019704 -0.143249  0.075108
  0.016237 -0.082814  0.035798  0.022488  0.044673  0.001646 -0.293334  0.045206
  0.078661  0.069521  0.093440 -0.019463 -0.205899  0.039462  0.051407  0.043015
 -0.231560  0.049813  0.075697  0.062404 -0.230781 -0.424631  0.412987 -0.718005
  0.416981 -0.016778 -0.005963 -0.002873  0.021560  0.000036 -0.005565 -0.052481
  0.000077  0.000369  0.267691 -0.040733 -0.242227  0.050266  0.051701  0.045828
 -0.237346  0.050762  0.049175  0.044905  0.353280  0.075503 -0.188355  0.075306
  0.070471 -0.059584  0.082103 -0.039275  0.009714  0.046087 -0.122228  0.035365
  0.034979 -0.239690  0.145823  0.046938  0.121602 -0.034891  0.073471  0.021889
  0.047741 -0.029651  0.035090  0.001765 -0.074356 -0.000775  0.018966  0.173648
  0.036147  0.019704 -0.143249  0.075108  0.016237 -0.082814  0.035798  0.022488
  0.044673  0.001646 -0.293334  0.045206  0.078661  0.069521  0.093440 -0.019463
 -0.205899  0.039462  0.051407  0.043015 -0.231560  0.049813  0.075697  0.062404
 -0.230781 -0.424631  0.412987 -0.718005  0.416981 -0.016778 -0.005963 -0.002873
  0.021560  0.000036 -0.005565 -0.052481  0.000077  0.000369  0.267691 -0.040733
 -0.242227  0.050266  0.051701  0.045828 -0.237346  0.050762  0.049175  0.044905
  0.353280  0.075503 -0.188355  0.075306  0.070471 -0.059584  0.082103 -0.039275
  0.009714  0.046087 -0.122228  0.035365  0.034979 -0.239690  0.145823  0.046938
  0.121602 -0.034891  0.073471  0.021889  0.047741 -0.029651  0.035090  0.001765
 -0.074356 -0.000775  0.018966  0.173648  0.036147  0.019704 -0.143249  0.075108
  0.016237 -0.082814  0.035798  0.022488  0.044673  0.001646 -0.293334  0.045206
  0.078661  0.069521  0.093440 -0.019463 -0.205899  0.039462  0.051407  0.043015
 -0.231560  0.049813  0.075697  0.062404 -0.230781 -0.424631  0.412987 -0.718005
  0.416981 -0.016778 -0.005963 -0.002873  0.021560  0.000036 -0.005565 -0.052481
  0.000077  0.000369  0.267691 -0.040733 -0.242227  0.050266  0.051701  0.045828
 -0.237346  0.050762  0.049175  0.044905  0.353280  0.075503 -0.188355  0.075306
  0.070471 -0.059584  0.082103 -0.039275  0.009714  0.046087 -0.122228  0.035365
  0.034979 -0.239690  0.145823  0.046938  0.121602 -0.034891  0.073471  0.021889
  0.047741 -0.029651  0.035090  0.001765 -0.074356 -0.000775  0.018966  0.173648
  0.036147  0.019704 -0.143249  0.075108  0.016237 -0.082814  0.035798  0.022488
  0.044673  0.001646 -0.293334  0.045206  0.078661  0.069521  0.093440 -0.019463
 -0.205899  0.039462  0.051407  0.043015 -0.231560  0.049813  0.075697  0.062404
 -0.230781 -0.424631  0.412987 -0.718005  0.416981 -0.016778 -0.005963 -0.002873
  0.021560  0.000036 -0.005565 -0.052481  0.000077  0.000369  0.267691 -0.040733
 -0.242227  0.050266  0.051701  0.045828 -0.237346  0.050762  0.049175  0.044905
  0.353280  0.075503 -0.188355  0.075306  0.070471 -0.059584  0.082103 -0.039275
  0.009714  0.046087 -0.122228  0.035365  0.034979 -0.239690  0.145823  0.046938
  0.121602 -0.034891  0.073471  0.021889  0.047741 -0.029651  0.035090  0.001765
 -0.074356 -0.000775  0.018966  0.173648  0.036147  0.019704 -0.143249  0.075108
  0.016237 -0.082814  0.035798  0.022488  0.044673  0.001646 -0.293334  0.045206
  0.078661  0.069521  0.093440 -0.019463 -0.205899  0.039462  0.051407  0.043015
 -0.231560  0.049813  0.075697  0.062404 -0.230781 -0.424631  0.412987 -0.718005
  0.416981 -0.016778 -0.005963 -0.002873  0.021560  0.000036 -0.005565 -0.052481
  0.000077  0.000369  0.267691 -0.040733 -0.242227  0.050266  0.051701  0.045828
 -0.237346  0.050762  0.049175  0.044905  0.353280  0.075503 -0.188355  0.075306
  0.070471 -0.059584  0.082103 -0.039275  0.009714  0.046087 -0.122228  0.035365
  0.034979 -0.239690  0.145823  0.046938  0.121602 -0.034891  0.073471  0.021889
  0.047741 -0.029651  0.035090  0.001765 -0.074356 -0.000775  0.018966  0.173648
  0.036147  0.019704 -0.143249  0.075108  0.016237 -0.082814  0.035798  0.022488
  0.044673  0.001646 -0.293334  0.045206  0.078661  0.069521  0.093440 -0.019463
 -0.205899  0.039462  0.051407  0.043015 -0.231560  0.049813  0.075697  0.062404
 -0.230781 -0.424631  0.412987 -0.718005  0.416981 -0.016778 -0.005963 -0.002873
  0.021560  0.000036 -0.005565 -0.052481  0.000077  0.000369  0.267691 -0.040733
 -0.242227  0.050266  0.051701  0.045828 -0.237346  0.050762  0.049175  0.044905
  0.353280  0.075503 -0.188355  0.075306  0.070471 -0.059584  0.082103 -0.039275
  0.009714  0.046087 -0.122228  0.035365  0.034979 -0.239690  0.145823  0.046938
  0.121602 -0.034891  0.073471  0.021889  0.047741 -0.029651  0.035090  0.001765
 -0.074356 -0.000775  0.018966  0.173648  0.036147  0.019704 -0.143249  0.075108
  0.016237 -0.082814  0.035798  0.022488  0.044673  0.001646 -0.293334  0.045206
  0.078661  0.069521  0.093440 -0.019463 -0.205899  0.039462  0.051407  0.043015
 -0.231560  0.049813  0.075697  0.062404 -0.230781 -0.424631  0.412987 -0.718005
  0.416981 -0.016778 -0.005963 -0.002873  0.021560  0.000036 -0.005565 -0.052481
  0.000077  0.000369  0.267691 -0.040733 -0.242227  0.050266  0.051701  0.045828
 -0.237346  0.050762  0.049175  0.044905  0.353280  0.075503 -0.188355  0.075306
  0.070471 -0.059584  0.082103 -0.039275  0.009714  0.046087 -0.122228  0.035365
  0.034979 -0.239690  0.145823  0.046938  0.121602 -0.034891  0.073471  0.021889
  0.047741 -0.029651  0.035090  0.001765 -0.074356 -0.000775  0.018966  0.173648
  0.036147  0.019704 -0.143249  0.075108  0.016237 -0.082814  0.035798  0.022488
  0.044673  0.001646 -0.293334  0.045206  0.078661  0.069521  0.093440 -0.019463
 -0.205899  0.039462  0.051407  0.043015 -0.231560  0.049813  0.075697  0.062404
 -0.230781 -0.424631  0.412987 -0.718005  0.416981 -0.016778 -0.005963 -0.002873
  0.021560  0.000036 -0.005565 -0.052481  0.000077  0.000369  0.267691 -0.040733
 -0.242227  0.050266  0.051701  0.045828 -0.237346  0.050762  0.049175  0.044905
  0.353280  0.075503 -0.188355  0.075306  0.070471 -0.059584  0.082103 -0.039275
  0.009714  0.046087 -0.122228  0.035365  0.034979 -0.239690  0.145823  0.046938
  0.121602 -0.034891  0.073471  0.021889  0.047741 -0.029651  0.035090  0.001765
 -0.074356 -0.000775  0.018966  0.173648  0.036147  0.019704 -0.143249  0.075108
  0.016237 -0.082814  0.035798  0.022488  0.044673  0.001646 -0.293334  0.045206
  0.078661  0.069521  0.093440 -0.019463 -0.205899  0.039462  0.051407  0.043015
 -0.231560  0.049813  0.075697  0.062404 -0.230781 -0.424631  0.412987 -0.718005
  0.416981 -0.016778 -0.005963 -0.002873  0.021560  0.000036 -0.005565 -0.052481
  0.000077  0.000369  0.267691 -0.040733 -0.242227  0.050266  0.051701  0.045828
 -0.237346  0.050762  0.049175  0.044905  0.353280  0.075503 -0.188355  0.075306
  0.070471 -0.059584  0.082103 -0.039275  0.009714  0.046087 -0.122228  0.035365
  0.034979 -0.239690  0.145823  0.046938  0.121602 -0.034891  0.073471  0.021889
  0.047741 -0.029651  0.035090  0.001765 -0.074356 -0.000775  0.018966  0.173648
  0.036147  0.019704 -0.143249  0.075108  0.016237 -0.082814  0.035798  0.022488
  0.044673  0.001646 -0.293334  0.045206  0.078661  0.069521  0.093440 -0.019463
 -0.205899  0.039462  0.051407  0.043015 -0.231560  0.049813  0.075697  0.062404
 -0.230781 -0.424631  0.412987 -0.718005  0.416981 -0.016778 -0.005963 -0.002873
  0.021560  0.000036 -0.005565 -0.052481  0.000077  0.000369  0.267691 -0.040733
 -0.242227  0.050266  0.051701  0.045828 -0.237346  0.050762  0.049175  0.044905
  0.353280  0.075503 -0.188355  0.075306  0.070471 -0.059584  0.082103 -0.039275
  0.009714  0.046087 -0.122228  0.035365  0.034979 -0.239690  0.145823  0.046938
  0.121602 -0.034891  0.073471  0.021889  0.047741 -0.029651  0.035090  0.001765
 -0.074356 -0.000775  0.018966  0.173648  0.036147  0.019704 -0.143249  0.075108
  0.016237 -0.082814  0.035798  0.022488  0.044673  0.001646 -0.293334  0.045206
  0.078661  0.069521  0.093440 -0.019463 -0.205899  0.039462  0.051407  0.043015
 -0.231560  0.049813  0.075697  0.062404 -0.230781 -0.424631  0.412987 -0.718005
  0.416981 -0.016778 -0.005963 -0.002873  0.021560  0.000036 -0.005565 -0.052481
  0.000077  0.000369  0.267691 -0.040733 -0.242227  0.050266  0.051701  0.045828
 -0.237346  0.050762  0.049175  0.044905  0.353280  0.075503 -0.188355  0.075306
  0.070471 -0.059584  0.082103 -0.039275  0.009714  0.046087 -0.122228  0.035365
  0.034979 -0.239690  0.145823  0.046938  0.121602 -0.034891  0.073471  0.021889
  0.047741 -0.029651  0.035090  0.001765 -0.074356 -0.000775  0.018966  0.173648
  0.036147  0.019704 -0.143249  0.075108  0.016237 -0.082814  0.035798  0.022488
  0.044673  0.001646 -0.293334  0.045206  0.078661  0.069521  0.093440 -0.019463
 -0.205899  0.039462  0.051407  0.043015 -0.231560  0.049813  0.075697  0.062404
 -0.230781 -0.424631  0.412987 -0.718005  0.416981 -0.016778 -0.005963 -0.002873
  0.021560  0.000036 -0.005565 -0.052481  0.000077  0.000369  0.267691 -0.040733
 -0.242227  0.050266  0.051701  0.045828 -0.237346  0.050762  0.049175  0.044905
  0.353280  0.075503 -0.188355  0.075306  0.070471 -0.059584  0.082103 -0.039275
  0.009714  0.046087 -0.122228  0.035365  0.034979 -0.239690  0.145823  0.046938
  0.121602 -0.034891  0.073471  0.021889  0.047741 -0.029651  0.035090  0.001765
 -0.074356 -0.000775  0.018966  0.173648  0.036147  0.019704 -0.143249  0.075108
  0.016237 -0.082814  0.035798  0.022488  0.044673  0.001646 -0.293334  0.045206
  0.078661  0.069521  0.093440 -0.019463 -0.205899  0.039462  0.051407  0.043015
 -0.231560  0.049813  0.075697  0.062404 -0.230781 -0.424631  0.412987 -0.718005
  0.416981 -0.016778 -0.005963 -0.002873  0.021560  0.000036 -0.005565 -0.052481
  0.000077  0.000369  0.267691 -0.040733 -0.242227  0.050266  0.051701  0.045828
 -0.237346  0.050762  0.049175  0.044905  0.353280  0.075503 -0.188355  0.075306
  0.070471 -0.059584  0.082103 -0.039275  0.009714  0.046087 -0.122228  0.035365
  0.034979 -0.239690  0.145823  0.046938  0.121602 -0.034891  0.073471  0.021889
  0.047741 -0.029651  0.035090  0.001765 -0.074356 -0.000775  0.018966  0.173648
  0.036147  0.019704 -0.143249  0.075108  0.016237 -0.082814  0.035798  0.022488
  0.044673  0.001646 -0.293334  0.045206  0.078661  0.069521  0.093440 -0.019463
 -0.205899  0.039462  0.051407  0.043015 -0.231560  0.049813  0.075697  0.062404
 -0.230781 -0.424631  0.412987 -0.718005  0.416981 -0.016778 -0.005963 -0.002873
  0.021560  0.000036 -0.005565 -0.052481  0.000077  0.000369  0.267691 -0.040733
 -0.242227  0.050266  0.051701  0.045828 -0.237346  0.050762  0.049175  0.044905
  0.353280  0.075503 -0.188355  0.075306  0.070471 -0.059584  0.082103 -0.039275
  0.009714  0.046087 -0.122228  0.035365  0.034979 -0.239690  0.145823  0.046938
  0.121602 -0.034891  0.073471  0.021889  0.047741 -0.029651  0.035090  0.001765
 -0.074356 -0.000775  0.018966  0.173648  0.036147  0.019704 -0.143249  0.075108
  0.016237 -0.082814  0.035798  0.022488  0.044673  0.001646 -0.293334  0.045206
  0.078661  0.069521  0.093440 -0.019463 -0.205899  0.039462  0.051407  0.043015
 -0.231560  0.049813  0.075697  0.062404 -0.230781 -0.424631  0.412987 -0.718005
  0.416981 -0.016778 -0.005963 -0.002873  0.021560  0.000036 -0.005565 -0.052481
  0.000077  0.000369  0.267691 -0.040733 -0.242227  0.050266  0.051701  0.045828
 -0.237346  0.050762  0.049175  0.044905  0.353280  0.075503 -0.188355  0.075306
  0.070471 -0.059584  0.082103 -0.039275  0.009714  0.046087 -0.122228  0.035365
  0.034979 -0.239690  0.145823  0.046938  0.121602 -0.034891  0.073471  0.021889
  0.047741 -0.029651  0.035090  0.001765 -0.074356 -0.000775  0.018966  0.173648
  0.036147  0.019704 -0.143249  0.075108  0.016237 -0.082814  0.035798  0.022488
  0.044673  0.001646 -0.293334  0.045206  0.078661  0.069521  0.093440 -0.019463
 -0.205899  0.039462  0.051407  0.043015 -0.231560  0.049813  0.075697  0.062404
 -0.230781 -0.424631  0.412987 -0.718005  0.416981 -0.016778 -0.005963 -0.002873
  0.021560  0.000036 -0.005565 -0.052481  0.000077  0.000369  0.267691 -0.040733
 -0.242227  0.050266  0.051701  0.045828 -0.237346  0.050762  0.049175  0.044905
  0.353280  0.075503 -0.188355  0.075306  0.070471 -0.059584  0.082103 -0.039275
  0.009714  0.046087 -0.122228  0.035365  0.034979 -0.239690  0.145823  0.046938
  0.121602 -0.034891  0.073471  0.021889  0.047741 -0.029651  0.035090  0.001765
 -0.074356 -0.000775  0.018966  0.173648  0.036147  0.019704 -0.143249  0.075108
  0.016237 -0.082814  0.035798  0.022488  0.044673  0.001646 -0.293334  0.045206
  0.078661  0.069521  0.093440 -0.019463 -0.205899  0.039462  0.051407  0.043015
 -0.231560  0.049813  0.075697  0.062404 -0.230781 -0.424631  0.412987 -0.718005
  0.416981 -0.016778 -0.005963 -0.002873  0.021560  0.000036 -0.005565 -0.052481
  0.000077  0.000369  0.267691 -0.040733 -0.242227  0.050266  0.051701  0.045828
 -0.237346  0.050762  0.049175  0.044905  0.353280  0.075503 -0.188355  0.075306
  0.070471 -0.059584  0.082103 -0.039275  0.009714  0.046087 -0.122228  0.035365
  0.034979 -0.239690  0.145823  0.046938  0.121602 -0.034891  0.073471  0.021889
  0.047741 -0.029651  0.035090  0.001765 -0.074356 -0.000775  0.018966  0.173648
  0.036147  0.019704 -0.143249  0.075108  0.016237 -0.082814  0.035798  0.022488
  0.044673  0.001646 -0.293334  0.045206  0.078661  0.069521  0.093440 -0.019463
 -0.205899  0.039462  0.051407  0.043015 -0.231560  0.049813  0.075697  0.062404
 -0.230781 -0.424631  0.412987 -0.718005  0.416981 -0.016778 -0.005963 -0.002873
  0.021560  0.000036 -0.005565 -0.052481  0.000077  0.000369  0.267691 -0.040733
 -0.242227  0.050266  0.051701  0.045828 -0.237346  0.050762  0.049175  0.044905
  0.353280  0.075503 -0.188355  0.075306  0.070471 -0.059584  0.082103 -0.039275
  0.009714  0.046087 -0.122228  0.035365  0.034979 -0.239690  0.145823  0.046938
  0.121602 -0.034891  0.073471  0.021889  0.047741 -0.029651  0.035090  0.001765
 -0.074356 -0.000775  0.018966  0.173648  0.036147  0.019704 -0.143249  0.075108
  0.016237 -0.082814  0.035798  0.022488  0.044673  0.001646 -0.293334  0.045206
  0.078661  0.069521  0.093440 -0.019463 -0.205899  0.039462  0.051407  0.043015
 -0.231560  0.049813  0.075697  0.062404 -0.230781 -0.424631  0.412987 -0.718005
  0.416981 -0.016778 -0.005963 -0.002873  0.021560  0.000036 -0.005565 -0.052481
  0.000077  0.000369  0.267691 -0.040733 -0.242227  0.050266  0.051701  0.045828
 -0.237346  0.050762  0.049175  0.044905  0.353280  0.075503 -0.188355  0.075306
  0.070471 -0.059584  0.082103 -0.039275  0.009714  0.046087 -0.122228  0.035365
  0.034979 -0.239690  0.145823  0.046938  0.121602 -0.034891  0.073471  0.021889
  0.047741 -0.029651  0.035090  0.001765 -0.074356 -0.000775  0.018966  0.173648
  0.036147  0.019704 -0.143249  0.075108  0.016237 -0.082814  0.035798  0.022488
  0.044673  0.001646 -0.293334  0.045206  0.078661  0.069521  0.093440 -0.019463
 -0.205899  0.039462  0.051407  0.043015 -0.231560  0.049813  0.075697  0.062404
 -0.230781 -0.424631  0.412987 -0.718005  0.416981 -0.016778 -0.005963 -0.002873
  0.021560  0.000036 -0.005565 -0.052481  0.000077  0.000369  0.267691 -0.040733
 -0.242227  0.050266  0.051701  0.045828 -0.237346  0.050762  0.049175  0.044905
  0.353280  0.075503 -0.188355  0.075306  0.070471 -0.059584  0.082103 -0.039275
  0.009714  0.046087 -0.122228  0.035365  0.034979 -0.239690  0.145823  0.046938
  0.121602 -0.034891  0.073471  0.021889  0.047741 -0.029651  0.035090  0.001765
 -0.074356 -0.000775  0.018966  0.173648  0.036147  0.019704 -0.143249  0.075108
  0.016237 -0.082814  0.035798  0.022488  0.044673  0.001646 -0.293334  0.045206
  0.078661  0.069521  0.093440 -0.019463 -0.205899  0.039462  0.051407  0.043015
 -0.231560  0.049813  0.075697  0.062404 -0.230781 -0.424631  0.412987 -0.718005
  0.416981 -0.016778 -0.005963 -0.002873  0.021560  0.000036 -0.005565 -0.052481
  0.000077  0.000369  0.267691 -0.040733 -0.242227  0.050266  0.051701  0.045828
 -0.237346  0.050762  0.049175  0.044905  0.353280  0.075503 -0.188355  0.075306
  0.070471 -0.059584  0.082103 -0.039275  0.009714  0.046087 -0.122228  0.035365
  0.034979 -0.239690  0.145823  0.046938  0.121602 -0.034891  0.073471  0.021889
  0.047741 -0.029651  0.035090  0.001765 -0.074356 -0.000775  0.018966  0.173648
  0.036147  0.019704 -0.143249  0.075108  0.016237 -0.082814  0.035798  0.022488
  0.044673  0.001646 -0.293334  0.045206  0.078661  0.069521  0.093440 -0.019463
 -0.205899  0.039462  0.051407  0.043015 -0.231560  0.049813  0.075697  0.062404
 -0.230781 -0.424631  0.412987 -0.718005  0.416981 -0.016778 -0.005963 -0.002873
  0.021560  0.000036 -0.005565 -0.052481  0.000077  0.000369  0.267691 -0.040733
 -0.242227  0.050266  0.051701  0.045828 -0.237346  0.050762  0.049175  0.044905
  0.353280  0.075503 -0.188355  0.075306  0.070471 -0.059584  0.082103 -0.039275
  0.009714  0.046087 -0.122228  0.035365  0.034979 -0.239690  0.145823  0.046938
  0.121602 -0.034891  0.073471  0.021889  0.047741 -0.029651  0.035090  0.001765
 -0.074356 -0.000775  0.018966  0.173648  0.036147  0.019704 -0.143249  0.075108
  0.016237 -0.082814  0.035798  0.022488  0.044673  0.001646 -0.293334  0.045206
  0.078661  0.069521  0.093440 -0.019463 -0.205899  0.039462  0.051407  0.043015
 -0.231560  0.049813  0.075697  0.062404 -0.230781 -0.424631  0.412987 -0.718005
  0.416981 -0.016778 -0.005963 -0.002873  0.021560  0.000036 -0.005565 -0.052481
  0.000077  0.000369  0.267691 -0.040733 -0.242227  0.050266  0.051701  0.045828
 -0.237346  0.050762  0.049175  0.044905  0.353280  0.075503 -0.188355  0.075306
  0.070471 -0.059584  0.082103 -0.039275  0.009714  0.046087 -0.122228  0.035365
  0.034979 -0.239690  0.145823  0.046938  0.121602 -0.034891  0.073471  0.021889
  0.047741 -0.029651  0.035090  0.001765 -0.074356 -0.000775  0.018966  0.173648
  0.036147  0.019704 -0.143249  0.075108  0.016237 -0.082814  0.035798  0.022488
  0.044673  0.001646 -0.293334  0.045206  0.078661  0.069521  0.093440 -0.019463
 -0.205899  0.039462  0.051407  0.043015 -0.231560  0.049813  0.075697  0.062404
 -0.230781 -0.424631  0.412987 -0.718005  0.416981 -0.016778 -0.005963 -0.002873
  0.021560  0.000036 -0.005565 -0.052481  0.000077  0.000369  0.267691 -0.040733
 -0.242227  0.050266  0.051701  0.045828 -0.237346  0.050762  0.049175  0.044905
  0.353280  0.075503 -0.188355  0.075306  0.070471 -0.059584  0.082103 -0.039275
  0.009714  0.046087 -0.122228  0.035365  0.034979 -0.239690  0.145823  0.046938
  0.121602 -0.034891  0.073471  0.021889  0.047741 -0.029651  0.035090  0.001765
 -0.074356 -0.000775  0.018966  0.173648  0.036147  0.019704 -0.143249  0.075108
  0.016237 -0.082814  0.035798  0.022488  0.044673  0.001646 -0.293334  0.045206
  0.078661  0.069521  0.093440 -0.019463 -0.205899  0.039462  0.051407  0.043015
 -0.231560  0.049813  0.075697  0.062404 -0.230781 -0.424631  0.412987 -0.718005
  0.416981 -0.016778 -0.005963 -0.002873  0.021560  0.000036 -0.005565 -0.052481
  0.000077  0.000369  0.267691 -0.040733 -0.242227  0.050266  0.051701  0.045828
 -0.237346  0.050762  0.049175  0.044905  0.353280  0.075503 -0.188355  0.075306
  0.070471 -0.059584  0.082103 -0.039275  0.009714  0.046087 -0.122228  0.035365
  0.034979 -0.239690  0.145823  0.046938  0.121602 -0.034891  0.073471  0.021889
  0.047741 -0.029651  0.035090  0.001765 -0.074356 -0.000775  0.018966  0.173648
  0.036147  0.019704 -0.143249  0.075108  0.016237 -0.082814  0.035798  0.022488
  0.044673  0.001646 -0.293334  0.045206  0.078661  0.069521  0.093440 -0.019463
 -0.205899  0.039462  0.051407  0.043015 -0.231560  0.049813  0.075697  0.062404
 -0.230781 -0.424631  0.412987 -0.718005  0.416981 -0.016778 -0.005963 -0.002873
  0.021560  0.000036 -0.005565 -0.052481  0.000077  0.000369  0.267691 -0.040733
 -0.242227  0.050266  0.051701  0.045828 -0.237346  0.050762  0.049175  0.044905
  0.353280  0.075503 -0.188355  0.075306  0.070471 -0.059584  0.082103 -0.039275
  0.009714  0.046087 -0.122228  0.035365  0.034979 -0.239690  0.145823  0.046938
  0.121602 -0.034891  0.073471  0.021889  0.047741 -0.029651  0.035090  0.001765
 -0.074356 -0.000775  0.018966  0.173648  0.036147  0.019704 -0.143249  0.075108
  0.016237 -0.082814  0.035798  0.022488  0.044673  0.001646 -0.293334  0.045206
  0.078661  0.069521  0.093440 -0.019463 -0.205899  0.039462  0.051407  0.043015
 -0.231560  0.049813  0.075697  0.062404 -0.230781 -0.424631  0.412987 -0.718005
  0.416981 -0.016778 -0.005963 -0.002873  0.021560  0.000036 -0.005565 -0.052481
  0.000077  0.000369  0.267691 -0.040733 -0.242227  0.050266  0.051701  0.045828
 -0.237346  0.050762  0.049175  0.044905  0.353280  0.075503 -0.188355  0.075306
  0.070471 -0.059584  0.082103 -0.039275  0.009714  0.046087 -0.122228  0.035365
  0.034979 -0.239690  0.145823  0.046938  0.121602 -0.034891  0.073471  0.021889
  0.047741 -0.029651  0.035090  0.001765 -0.074356 -0.000775  0.018966  0.173648
  0.036147  0.019704 -0.143249  0.075108  0.016237 -0.082814  0.035798  0.022488
  0.044673  0.001646 -0.293334  0.045206  0.078661  0.069521  0.093440 -0.019463
 -0.205899  0.039462  0.051407  0.043015 -0.231560  0.049813  0.075697  0.062404
 -0.230781 -0.424631  0.412987 -0.718005  0.416981 -0.016778 -0.005963 -0.002873
  0.021560  0.000036 -0.005565 -0.052481  0.000077  0.000369  0.267691 -0.040733
 -0.242227  0.050266  0.051701  0.045828 -0.237346  0.050762  0.049175  0.044905
  0.353280  0.075503 -0.188355  0.075306  0.070471 -0.059584  0.082103 -0.039275
  0.009714  0.046087 -0.122228  0.035365  0.034979 -0.239690  0.145823  0.046938
  0.121602 -0.034891  0.073471  0.021889  0.047741 -0.029651  0.035090  0.001765
 -0.074356 -0.000775  0.018966  0.173648  0.036147  0.019704 -0.143249  0.075108
  0.016237 -0.082814  0.035798  0.022488  0.044673  0.001646 -0.293334  0.045206
  0.078661  0.069521  0.093440 -0.019463 -0.205899  0.039462  0.051407  0.043015
 -0.231560  0.049813  0.075697  0.062404 -0.230781 -0.424631  0.412987 -0.718005
  0.416981 -0.016778 -0.005963 -0.002873  0.021560  0.000036 -0.005565 -0.052481
  0.000077  0.000369  0.267691 -0.040733 -0.242227  0.050266  0.051701  0.045828
 -0.237346  0.050762  0.049175  0.044905  0.353280  0.075503 -0.188355  0.075306
  0.070471 -0.059584  0.082103 -0.039275  0.009714  0.046087 -0.122228  0.035365
  0.034979 -0.239690  0.145823  0.046938  0.121602 -0.034891  0.073471  0.021889
  0.047741 -0.029651  0.035090  0.001765 -0.074356 -0.000775  0.018966  0.173648
  0.036147  0.019704 -0.143249  0.075108  0.016237 -0.082814  0.035798  0.022488
  0.044673  0.001646 -0.293334  0.045206  0.078661  0.069521  0.093440 -0.019463
 -0.205899  0.039462  0.051407  0.043015 -0.231560  0.049813  0.075697  0.062404
 -0.230781 -0.424631  0.412987 -0.718005  0.416981 -0.016778 -0.005963 -0.002873
  0.021560  0.000036 -0.005565 -0.052481  0.000077  0.000369  0.267691 -0.040733
 -0.242227  0.050266  0.051701  0.045828 -0.237346  0.050762  0.049175  0.044905
  0.353280  0.075503 -0.188355  0.075306  0.070471 -0.059584  0.082103 -0.039275
  0.009714  0.046087 -0.122228  0.035365  0.034979 -0.239690  0.145823  0.046938
  0.121602 -0.034891  0.073471  0.021889  0.047741 -0.029651  0.035090  0.001765
 -0.074356 -0.000775  0.018966  0.173648  0.036147  0.019704 -0.143249  0.075108
  0.016237 -0.082814  0.035798  0.022488  0.044673  0.001646 -0.293334  0.045206
  0.078661  0.069521  0.093440 -0.019463 -0.205899  0.039462  0.051407  0.043015
 -0.231560  0.049813  0.075697  0.062404 -0.230781 -0.424631  0.412987 -0.718005
  0.416981 -0.016778 -0.005963 -0.002873  0.021560  0.000036 -0.005565 -0.052481
  0.000077  0.000369  0.267691 -0.040733 -0.242227  0.050266  0.051701  0.045828
 -0.237346  0.050762  0.049175  0.044905  0.353280  0.075503 -0.188355  0.075306
  0.070471 -0.059584  0.082103 -0.039275  0.009714  0.046087 -0.122228  0.035365
  0.034979 -0.239690  0.145823  0.046938  0.121602 -0.034891  0.073471  0.021889
  0.047741 -0.029651  0.035090  0.001765 -0.074356 -0.000775  0.018966  0.173648
  0.036147  0.019704 -0.143249  0.075108  0.016237 -0.082814  0.035798  0.022488
  0.044673  0.001646 -0.293334  0.045206  0.078661  0.069521  0.093440 -0.019463
 -0.205899  0.039462  0.051407  0.043015 -0.231560  0.049813  0.075697  0.062404
 -0.230781 -0.424631  0.412987 -0.718005  0.416981 -0.016778 -0.005963 -0.002873
  0.021560  0.000036 -0.005565 -0.052481  0.000077  0.000369  0.267691 -0.040733
 -0.242227  0.050266  0.051701  0.045828 -0.237346  0.050762  0.049175  0.044905
  0.353280  0.075503 -0.188355  0.075306  0.070471 -0.059584  0.082103 -0.039275
  0.009714  0.046087 -0.122228  0.035365  0.034979 -0.239690  0.145823  0.046938
  0.121602 -0.034891  0.073471  0.021889  0.047741 -0.029651  0.035090  0.001765
 -0.074356 -0.000775  0.018966  0.173648  0.036147  0.019704 -0.143249  0.075108
  0.016237 -0.082814  0.035798  0.022488  0.044673  0.001646 -0.293334  0.045206
  0.078661  0.069521  0.093440 -0.019463 -0.205899  0.039462  0.051407  0.043015
 -0.231560  0.049813  0.075697  0.062404 -0.230781 -0.424631  0.412987 -0.718005
  0.416981 -0.016778 -0.005963 -0.002873  0.021560  0.000036 -0.005565 -0.052481
  0.000077  0.000369  0.267691 -0.040733 -0.242227  0.050266  0.051701  0.045828
 -0.237346  0.050762  0.049175  0.044905  0.353280  0.075503 -0.188355  0.075306
  0.070471 -0.059584  0.082103 -0.039275  0.009714  0.046087 -0.122228  0.035365
  0.034979 -0.239690  0.145823  0.046938  0.121602 -0.034891  0.073471  0.021889
  0.047741 -0.029651  0.035090  0.001765 -0.074356 -0.000775  0.018966  0.173648
  0.036147  0.019704 -0.143249  0.075108  0.016237 -0.082814  0.035798  0.022488
  0.044673  0.001646 -0.293334  0.045206  0.078661  0.069521  0.093440 -0.019463
 -0.205899  0.039462  0.051407  0.043015 -0.231560  0.049813  0.075697  0.062404
 -0.230781 -0.424631  0.412987 -0.718005  0.416981 -0.016778 -0.005963 -0.002873
  0.021560  0.000036 -0.005565 -0.052481  0.000077  0.000369  0.267691 -0.040733
 -0.242227  0.050266  0.051701  0.045828 -0.237346  0.050762  0.049175  0.044905
  0.353280  0.075503 -0.188355  0.075306  0.070471 -0.059584  0.082103 -0.039275
  0.009714  0.046087 -0.122228  0.035365  0.034979 -0.239690  0.145823  0.046938
  0.121602 -0.034891  0.073471  0.021889  0.047741 -0.029651  0.035090  0.001765
 -0.074356 -0.000775  0.018966  0.173648  0.036147  0.019704 -0.143249  0.075108
  0.016237 -0.082814  0.035798  0.022488  0.044673  0.001646 -0.293334  0.045206
  0.078661  0.069521  0.093440 -0.019463 -0.205899  0.039462  0.051407  0.043015
 -0.231560  0.049813  0.075697  0.062404 -0.230781 -0.424631  0.412987 -0.718005
  0.416981 -0.016778 -0.005963 -0.002873  0.021560  0.000036 -0.005565 -0.052481
  0.000077  0.000369  0.267691 -0.040733 -0.242227  0.050266  0.051701  0.045828
 -0.237346  0.050762  0.049175  0.044905  0.353280  0.075503 -0.188355  0.075306
  0.070471 -0.059584  0.082103 -0.039275  0.009714  0.046087 -0.122228  0.035365
  0.034979 -0.239690  0.145823  0.046938  0.121602 -0.034891  0.073471  0.021889
  0.047741 -0.029651  0.035090  0.001765 -0.074356 -0.000775  0.018966  0.173648
  0.036147  0.019704 -0.143249  0.075108  0.016237 -0.082814  0.035798  0.022488
  0.044673  0.001646 -0.293334  0.045206  0.078661  0.069521  0.093440 -0.019463
 -0.205899  0.039462  0.051407  0.043015 -0.231560  0.049813  0.075697  0.062404
 -0.230781 -0.424631  0.412987 -0.718005  0.416981 -0.016778 -0.005963 -0.002873
  0.021560  0.000036 -0.005565 -0.052481  0.000077  0.000369  0.267691 -0.040733
 -0.242227  0.050266  0.051701  0.045828 -0.237346  0.050762  0.049175  0.044905
  0.353280  0.075503 -0.188355  0.075306  0.070471 -0.059584  0.082103 -0.039275
  0.009714  0.046087 -0.122228  0.035365  0.034979 -0.239690  0.145823  0.046938
  0.121602 -0.034891  0.073471  0.021889  0.047741 -0.029651  0.035090  0.001765
 -0.074356 -0.000775  0.018966  0.173648  0.036147  0.019704 -0.143249  0.075108
  0.016237 -0.082814  0.035798  0.022488  0.044673  0.001646 -0.293334  0.045206
  0.078661  0.069521  0.093440 -0.019463 -0.205899  0.039462  0.051407  0.043015
 -0.231560  0.049813  0.075697  0.062404 -0.230781 -0.424631  0.412987 -0.718005
  0.416981 -0.016778 -0.005963 -0.002873  0.021560  0.000036 -0.005565 -0.052481
  0.000077  0.000369  0.267691 -0.040733 -0.242227  0.050266  0.051701  0.045828
 -0.237346  0.050762  0.049175  0.044905  0.353280  0.075503 -0.188355  0.075306
  0.070471 -0.059584  0.082103 -0.039275  0.009714  0.046087 -0.122228  0.035365
  0.034979 -0.239690  0.145823  0.046938  0.121602 -0.034891  0.073471  0.021889
  0.047741 -0.029651  0.035090  0.001765 -0.074356 -0.000775  0.018966  0.173648
  0.036147  0.019704 -0.143249  0.075108  0.016237 -0.082814  0.035798  0.022488
  0.044673  0.001646 -0.293334  0.045206  0.078661  0.069521  0.093440 -0.019463
 -0.205899  0.039462  0.051407  0.043015 -0.231560  0.049813  0.075697  0.062404
 -0.230781 -0.424631  0.412987 -0.718005  0.416981 -0.016778 -0.005963 -0.002873
  0.021560  0.000036 -0.005565 -0.052481  0.000077  0.000369  0.267691 -0.040733
 -0.242227  0.050266  0.051701  0.045828 -0.237346  0.050762  0.049175  0.044905
  0.353280  0.075503 -0.188355  0.075306  0.070471 -0.059584  0.082103 -0.039275
  0.009714  0.046087 -0.122228  0.035365  0.034979 -0.239690  0.145823  0.046938
  0.121602 -0.034891  0.073471  0.021889  0.047741 -0.029651  0.035090  0.001765
 -0.074356 -0.000775  0.018966  0.173648  0.036147  0.019704 -0.143249  0.075108
  0.016237 -0.082814  0.035798  0.022488  0.044673  0.001646 -0.293334  0.045206
  0.078661  0.069521  0.093440 -0.019463 -0.205899  0.039462  0.051407  0.043015
 -0.231560  0.049813  0.075697  0.062404 -0.230781 -0.424631  0.412987 -0.718005
  0.416981 -0.016778 -0.005963 -0.002873  0.021560  0.000036 -0.005565 -0.052481
  0.000077  0.000369  0.267691 -0.040733 -0.242227  0.050266  0.051701  0.045828
 -0.237346  0.050762  0.049175  0.044905  0.353280  0.075503 -0.188355  0.075306
  0.070471 -0.059584  0.082103 -0.039275  0.009714  0.046087 -0.122228  0.035365
  0.034979 -0.239690  0.145823  0.046938  0.121602 -0.034891  0.073471  0.021889
  0.047741 -0.029651  0.035090  0.001765 -0.074356 -0.000775  0.018966  0.173648
  0.036147  0.019704 -0.143249  0.075108  0.016237 -0.082814  0.035798  0.022488
  0.044673  0.001646 -0.293334  0.045206  0.078661  0.069521  0.093440 -0.019463
 -0.205899  0.039462  0.051407  0.043015 -0.231560  0.049813  0.075697  0.062404
 -0.230781 -0.424631  0.412987 -0.718005  0.416981 -0.016778 -0.005963 -0.002873
  0.021560  0.000036 -0.005565 -0.052481  0.000077  0.000369  0.267691 -0.040733
 -0.242227  0.050266  0.051701  0.045828 -0.237346  0.050762  0.049175  0.044905
  0.353280  0.075503 -0.188355  0.075306  0.070471 -0.059584  0.082103 -0.039275
  0.009714  0.046087 -0.122228  0.035365  0.034979 -0.239690  0.145823  0.046938
  0.121602 -0.034891  0.073471  0.021889  0.047741 -0.029651  0.035090  0.001765
 -0.074356 -0.000775  0.018966  0.173648  0.036147  0.019704 -0.143249  0.075108
  0.016237 -0.082814  0.035798  0.022488  0.044673  0.001646 -0.293334  0.045206
  0.078661  0.069521  0.093440 -0.019463 -0.205899  0.039462  0.051407  0.043015
 -0.231560  0.049813  0.075697  0.062404 -0.230781 -0.424631  0.412987 -0.718005
  0.416981 -0.016778 -0.005963 -0.002873  0.021560  0.000036 -0.005565 -0.052481
  0.000077  0.000369  0.267691 -0.040733 -0.242227  0.050266  0.051701  0.045828
 -0.237346  0.050762  0.049175  0.044905  0.353280  0.075503 -0.188355  0.075306
  0.070471 -0.059584  0.082103 -0.039275  0.009714  0.046087 -0.122228  0.035365
  0.034979 -0.239690  0.145823  0.046938  0.121602 -0.034891  0.073471  0.021889
  0.047741 -0.029651  0.035090  0.001765 -0.074356 -0.000775  0.018966  0.173648
  0.036147  0.019704 -0.143249  0.075108  0.016237 -0.082814  0.035798  0.022488
  0.044673  0.001646 -0.293334  0.045206  0.078661  0.069521  0.093440 -0.019463
 -0.205899  0.039462  0.051407  0.043015 -0.231560  0.049813  0.075697  0.062404
 -0.230781 -0.424631  0.412987 -0.718005  0.416981 -0.016778 -0.005963 -0.002873
  0.021560  0.000036 -0.005565 -0.052481  0.000077  0.000369  0.267691 -0.040733
 -0.242227  0.050266  0.051701  0.045828 -0.237346  0.050762  0.049175  0.044905
  0.353280  0.075503 -0.188355  0.075306  0.070471 -0.059584  0.082103 -0.039275
  0.009714  0.046087 -0.122228  0.035365  0.034979 -0.239690  0.145823  0.046938
  0.121602 -0.034891  0.073471  0.021889  0.047741 -0.029651  0.035090  0.001765
 -0.074356 -0.000775  0.018966  0.173648  0.036147  0.019704 -0.143249  0.075108
  0.016237 -0.082814  0.035798  0.022488  0.044673  0.001646 -0.293334  0.045206
  0.078661  0.069521  0.093440 -0.019463 -0.205899  0.039462  0.051407  0.043015
 -0.231560  0.049813  0.075697  0.062404 -0.230781 -0.424631  0.412987 -0.718005
  0.416981 -0.016778 -0.005963 -0.002873  0.021560  0.000036 -0.005565 -0.052481
  0.000077  0.000369  0.267691 -0.040733 -0.242227  0.050266  0.051701  0.045828
 -0.237346  0.050762  0.049175  0.044905  0.353280  0.075503 -0.188355  0.075306
  0.070471 -0.059584  0.082103 -0.039275  0.009714  0.046087 -0.122228  0.035365
  0.034979 -0.239690  0.145823  0.046938  0.121602 -0.034891  0.073471  0.021889
  0.047741 -0.029651  0.035090  0.001765 -0.074356 -0.000775  0.018966  0.173648
  0.036147  0.019704 -0.143249  0.075108  0.016237 -0.082814  0.035798  0.022488
  0.044673  0.001646 -0.293334  0.045206  0.078661  0.069521  0.093440 -0.019463
 -0.205899  0.039462  0.051407  0.043015 -0.231560  0.049813  0.075697  0.062404
 -0.230781 -0.424631  0.412987 -0.718005  0.416981 -0.016778 -0.005963 -0.002873
  0.021560  0.000036 -0.005565 -0.052481  0.000077  0.000369  0.267691 -0.040733
 -0.242227  0.050266  0.051701  0.045828 -0.237346  0.050762  0.049175  0.044905
  0.353280  0.075503 -0.188355  0.075306  0.070471 -0.059584  0.082103 -0.039275
  0.009714  0.046087 -0.122228  0.035365  0.034979 -0.239690  0.145823  0.046938
  0.121602 -0.034891  0.073471  0.021889  0.047741 -0.029651  0.035090  0.001765
 -0.074356 -0.000775  0.018966  0.173648  0.036147  0.019704 -0.143249  0.075108
  0.016237 -0.082814  0.035798  0.022488  0.044673  0.001646 -0.293334  0.045206
  0.078661  0.069521  0.093440 -0.019463 -0.205899  0.039462  0.051407  0.043015
 -0.231560  0.049813  0.075697  0.062404 -0.230781 -0.424631  0.412987 -0.718005
  0.416981 -0.016778 -0.005963 -0.002873  0.021560  0.000036 -0.005565 -0.052481
  0.000077  0.000369  0.267691 -0.040733 -0.242227  0.050266  0.051701  0.045828
 -0.237346  0.050762  0.049175  0.044905  0.353280  0.075503 -0.188355  0.075306
  0.070471 -0.059584  0.082103 -0.039275  0.009714  0.046087 -0.122228  0.035365
  0.034979 -0.239690  0.145823  0.046938  0.121602 -0.034891  0.073471  0.021889
  0.047741 -0.029651  0.035090  0.001765 -0.074356 -0.000775  0.018966  0.173648
  0.036147  0.019704 -0.143249  0.075108  0.016237 -0.082814  0.035798  0.022488
  0.044673  0.001646 -0.293334  0.045206  0.078661  0.069521  0.093440 -0.019463
 -0.205899  0.039462  0.051407  0.043015 -0.231560  0.049813  0.075697  0.062404
 -0.230781 -0.424631  0.412987 -0.718005  0.416981 -0.016778 -0.005963 -0.002873
  0.021560  0.000036 -0.005565 -0.052481  0.000077  0.000369  0.267691 -0.040733
 -0.242227  0.050266  0.051701  0.045828 -0.237346  0.050762  0.049175  0.044905
  0.353280  0.075503 -0.188355  0.075306  0.070471 -0.059584  0.082103 -0.039275
  0.009714  0.046087 -0.122228  0.035365  0.034979 -0.239690  0.145823  0.046938
  0.121602 -0.034891  0.073471  0.021889  0.047741 -0.029651  0.035090  0.001765
 -0.074356 -0.000775  0.018966  0.173648  0.036147  0.019704 -0.143249  0.075108
  0.016237 -0.082814  0.035798  0.022488  0.044673  0.001646 -0.293334  0.045206
  0.078661  0.069521  0.093440 -0.019463 -0.205899  0.039462  0.051407  0.043015
 -0.231560  0.049813  0.075697  0.062404 -0.230781 -0.424631  0.412987 -0.718005
  0.416981 -0.016778 -0.005963 -0.002873  0.021560  0.000036 -0.005565 -0.052481
  0.000077  0.000369  0.267691 -0.040733 -0.242227  0.050266  0.051701  0.045828
 -0.237346  0.050762  0.049175  0.044905  0.353280  0.075503 -0.188355  0.075306
  0.070471 -0.059584  0.082103 -0.039275  0.009714  0.046087 -0.122228  0.035365
  0.034979 -0.239690  0.145823  0.046938  0.121602 -0.034891  0.073471  0.021889
  0.047741 -0.029651  0.035090  0.001765 -0.074356 -0.000775  0.018966  0.173648
  0.036147  0.019704 -0.143249  0.075108  0.016237 -0.082814  0.035798  0.022488
  0.044673  0.001646 -0.293334  0.045206  0.078661  0.069521  0.093440 -0.019463
 -0.205899  0.039462  0.051407  0.043015 -0.231560  0.049813  0.075697  0.062404
 -0.230781 -0.424631  0.412987 -0.718005  0.416981 -0.016778 -0.005963 -0.002873
  0.021560  0.000036 -0.005565 -0.052481  0.000077  0.000369  0.267691 -0.040733
 -0.242227  0.050266  0.051701  0.045828 -0.237346  0.050762  0.049175  0.044905
  0.353280  0.075503 -0.188355  0.075306  0.070471 -0.059584  0.082103 -0.039275
  0.009714  0.046087 -0.122228  0.035365  0.034979 -0.239690  0.145823  0.046938
  0.121602 -0.034891  0.073471  0.021889  0.047741 -0.029651  0.035090  0.001765
 -0.074356 -0.000775  0.018966  0.173648  0.036147  0.019704 -0.143249  0.075108
  0.016237 -0.082814  0.035798  0.022488  0.044673  0.001646 -0.293334  0.045206
  0.078661  0.069521  0.093440 -0.019463 -0.205899  0.039462  0.051407  0.043015
 -0.231560  0.049813  0.075697  0.062404 -0.230781 -0.424631  0.412987 -0.718005
  0.416981 -0.016778 -0.005963 -0.002873  0.021560  0.000036 -0.005565 -0.052481
  0.000077  0.000369  0.267691 -0.040733 -0.242227  0.050266  0.051701  0.045828
 -0.237346  0.050762  0.049175  0.044905  0.353280  0.075503 -0.188355  0.075306
  0.070471 -0.059584  0.082103 -0.039275  0.009714  0.046087 -0.122228  0.035365
  0.034979 -0.239690  0.145823  0.046938  0.121602 -0.034891  0.073471  0.021889
  0.047741 -0.029651  0.035090  0.001765 -0.074356 -0.000775  0.018966  0.173648
  0.036147  0.019704 -0.143249  0.075108  0.016237 -0.082814  0.035798  0.022488
  0.044673  0.001646 -0.293334  0.045206  0.078661  0.069521  0.093440 -0.019463
 -0.205899  0.039462  0.051407  0.043015 -0.231560  0.049813  0.075697  0.062404
 -0.230781 -0.424631  0.412987 -0.718005  0.416981 -0.016778 -0.005963 -0.002873
  0.021560  0.000036 -0.005565 -0.052481  0.000077  0.000369  0.267691 -0.040733
 -0.242227  0.050266  0.051701  0.045828 -0.237346  0.050762  0.049175  0.044905
  0.353280  0.075503 -0.188355  0.075306  0.070471 -0.059584  0.082103 -0.039275
  0.009714  0.046087 -0.122228  0.035365  0.034979 -0.239690  0.145823  0.046938
  0.121602 -0.034891  0.073471  0.021889  0.047741 -0.029651  0.035090  0.001765
 -0.074356 -0.000775  0.018966  0.173648  0.036147  0.019704 -0.143249  0.075108
  0.016237 -0.082814  0.035798  0.022488  0.044673  0.001646 -0.293334  0.045206
  0.078661  0.069521  0.093440 -0.019463 -0.205899  0.039462  0.051407  0.043015
 -0.231560  0.049813  0.075697  0.062404 -0.230781 -0.424631  0.412987 -0.718005
  0.416981 -0.016778 -0.005963 -0.002873  0.021560  0.000036 -0.005565 -0.052481
  0.000077  0.000369  0.267691 -0.040733 -0.242227  0.050266  0.051701  0.045828
 -0.237346  0.050762  0.049175  0.044905  0.353280  0.075503 -0.188355  0.075306
  0.070471 -0.059584  0.082103 -0.039275  0.009714  0.046087 -0.122228  0.035365
  0.034979 -0.239690  0.145823  0.046938  0.121602 -0.034891  0.073471  0.021889
  0.047741 -0.029651  0.035090  0.001765 -0.074356 -0.000775  0.018966  0.173648
  0.036147  0.019704 -0.143249  0.075108  0.016237 -0.082814  0.035798  0.022488
  0.044673  0.001646 -0.293334  0.045206  0.078661  0.069521  0.093440 -0.019463
 -0.205899  0.039462  0.051407  0.043015 -0.231560  0.049813  0.075697  0.062404
 -0.230781 -0.424631  0.412987 -0.718005  0.416981 -0.016778 -0.005963 -0.002873
  0.021560  0.000036 -0.005565 -0.052481  0.000077  0.000369  0.267691 -0.040733
 -0.242227  0.050266  0.051701  0.045828 -0.237346  0.050762  0.049175  0.044905
  0.353280  0.075503 -0.188355  0.075306  0.070471 -0.059584  0.082103 -0.039275
  0.009714  0.046087 -0.122228  0.035365  0.034979 -0.239690  0.145823  0.046938
  0.121602 -0.034891  0.073471  0.021889  0.047741 -0.029651  0.035090  0.001765
 -0.074356 -0.000775  0.018966  0.173648  0.036147  0.019704 -0.143249  0.075108
  0.016237 -0.082814  0.035798  0.022488  0.044673  0.001646 -0.293334  0.045206
  0.078661  0.069521  0.093440 -0.019463 -0.205899  0.039462  0.051407  0.043015
 -0.231560  0.049813  0.075697  0.062404 -0.230781 -0.424631  0.412987 -0.718005
  0.416981 -0.016778 -0.005963 -0.002873  0.021560  0.000036 -0.005565 -0.052481
  0.000077  0.000369  0.267691 -0.040733 -0.242227  0.050266  0.051701  0.045828
 -0.237346  0.050762  0.049175  0.044905  0.353280  0.075503 -0.188355  0.075306
  0.070471 -0.059584  0.082103 -0.039275  0.009714  0.046087 -0.122228  0.035365
  0.034979 -0.239690  0.145823  0.046938  0.121602 -0.034891  0.073471  0.021889
  0.047741 -0.029651  0.035090  0.001765 -0.074356 -0.000775  0.018966  0.173648
  0.036147  0.019704 -0.143249  0.075108  0.016237 -0.082814  0.035798  0.022488
  0.044673  0.001646 -0.293334  0.045206  0.078661  0.069521  0.093440 -0.019463
 -0.205899  0.039462  0.051407  0.043015 -0.231560  0.049813  0.075697  0.062404
 -0.230781 -0.424631  0.412987 -0.718005  0.416981 -0.016778 -0.005963 -0.002873
  0.021560  0.000036 -0.005565 -0.052481  0.000077  0.000369  0.267691 -0.040733
 -0.242227  0.050266  0.051701  0.045828 -0.237346  0.050762  0.049175  0.044905
  0.353280  0.075503 -0.188355  0.075306  0.070471 -0.059584  0.082103 -0.039275
  0.009714  0.046087 -0.122228  0.035365  0.034979 -0.239690  0.145823  0.046938
  0.121602 -0.034891  0.073471  0.021889  0.047741 -0.029651  0.035090  0.001765
 -0.074356 -0.000775  0.018966  0.173648  0.036147  0.019704 -0.143249  0.075108
  0.016237 -0.082814  0.035798  0.022488  0.044673  0.001646 -0.293334  0.045206
  0.078661  0.069521  0.093440 -0.019463 -0.205899  0.039462  0.051407  0.043015
 -0.231560  0.049813  0.075697  0.062404 -0.230781 -0.424631  0.412987 -0.718005
  0.416981 -0.016778 -0.005963 -0.002873  0.021560  0.000036 -0.005565 -0.052481
  0.000077  0.000369  0.267691 -0.040733 -0.242227  0.050266  0.051701  0.045828
 -0.237346  0.050762  0.049175  0.044905  0.353280  0.075503 -0.188355  0.075306
  0.070471 -0.059584  0.082103 -0.039275  0.009714  0.046087 -0.122228  0.035365
  0.034979 -0.239690  0.145823  0.046938  0.121602 -0.034891  0.073471  0.021889
  0.047741 -0.029651  0.035090  0.001765 -0.074356 -0.000775  0.018966  0.173648
  0.036147  0.019704 -0.143249  0.075108  0.016237 -0.082814  0.035798  0.022488
  0.044673  0.001646 -0.293334  0.045206  0.078661  0.069521  0.093440 -0.019463
 -0.205899  0.039462  0.051407  0.043015 -0.231560  0.049813  0.075697  0.062404
 -0.230781 -0.424631  0.412987 -0.718005  0.416981 -0.016778 -0.005963 -0.002873
  0.021560  0.000036 -0.005565 -0.052481  0.000077  0.000369  0.267691 -0.040733
 -0.242227  0.050266  0.051701  0.045828 -0.237346  0.050762  0.049175  0.044905
  0.353280  0.075503 -0.188355  0.075306  0.070471 -0.059584  0.082103 -0.039275
  0.009714  0.046087 -0.122228  0.035365  0.034979 -0.239690  0.145823  0.046938
  0.121602 -0.034891  0.073471  0.021889  0.047741 -0.029651  0.035090  0.001765
 -0.074356 -0.000775  0.018966  0.173648  0.036147  0.019704 -0.143249  0.075108
  0.016237 -0.082814  0.035798  0.022488  0.044673  0.001646 -0.293334  0.045206
  0.078661  0.069521  0.093440 -0.019463 -0.205899  0.039462  0.051407  0.043015
 -0.231560  0.049813  0.075697  0.062404 -0.230781 -0.424631  0.412987 -0.718005
  0.416981 -0.016778 -0.005963 -0.002873  0.021560  0.000036 -0.005565 -0.052481
  0.000077  0.000369  0.267691 -0.040733 -0.242227  0.050266  0.051701  0.045828
 -0.237346  0.050762  0.049175  0.044905  0.353280  0.075503 -0.188355  0.075306
  0.070471 -0.059584  0.082103 -0.039275  0.009714  0.046087 -0.122228  0.035365
  0.034979 -0.239690  0.145823  0.046938  0.121602 -0.034891  0.073471  0.021889
  0.047741 -0.029651  0.035090  0.001765 -0.074356 -0.000775  0.018966  0.173648
  0.036147  0.019704 -0.143249  0.075108  0.016237 -0.082814  0.035798  0.022488
  0.044673  0.001646 -0.293334  0.045206  0.078661  0.069521  0.093440 -0.019463
 -0.205899  0.039462  0.051407  0.043015 -0.231560  0.049813  0.075697  0.062404
 -0.230781 -0.424631  0.412987 -0.718005  0.416981 -0.016778 -0.005963 -0.002873
  0.021560  0.000036 -0.005565 -0.052481  0.000077  0.000369  0.267691 -0.040733
 -0.242227  0.050266  0.051701  0.045828 -0.237346  0.050762  0.049175  0.044905
  0.353280  0.075503 -0.188355  0.075306  0.070471 -0.059584  0.082103 -0.039275
  0.009714  0.046087 -0.122228  0.035365  0.034979 -0.239690  0.145823  0.046938
  0.121602 -0.034891  0.073471  0.021889  0.047741 -0.029651  0.035090  0.001765
 -0.074356 -0.000775  0.018966  0.173648  0.036147  0.019704 -0.143249  0.075108
  0.016237 -0.082814  0.035798  0.022488  0.044673  0.001646 -0.293334  0.045206
  0.078661  0.069521  0.093440 -0.019463 -0.205899  0.039462  0.051407  0.043015
 -0.231560  0.049813  0.075697  0.062404 -0.230781 -0.424631  0.412987 -0.718005
  0.416981 -0.016778 -0.005963 -0.002873  0.021560  0.000036 -0.005565 -0.052481
  0.000077  0.000369  0.267691 -0.040733 -0.242227  0.050266  0.051701  0.045828
 -0.237346  0.050762  0.049175  0.044905  0.353280  0.075503 -0.188355  0.075306
  0.070471 -0.059584  0.082103 -0.039275  0.009714  0.046087 -0.122228  0.035365
  0.034979 -0.239690  0.145823  0.046938  0.121602 -0.034891  0.073471  0.021889
  0.047741 -0.029651  0.035090  0.001765 -0.074356 -0.000775  0.018966  0.173648
  0.036147  0.019704 -0.143249  0.075108  0.016237 -0.082814  0.035798  0.022488
  0.044673  0.001646 -0.293334  0.045206  0.078661  0.069521  0.093440 -0.019463
 -0.205899  0.039462  0.051407  0.043015 -0.231560  0.049813  0.075697  0.062404
 -0.230781 -0.424631  0.412987 -0.718005  0.416981 -0.016778 -0.005963 -0.002873
  0.021560  0.000036 -0.005565 -0.052481  0.000077  0.000369  0.267691 -0.040733
 -0.242227  0.050266  0.051701  0.045828 -0.237346  0.050762  0.049175  0.044905
  0.353280  0.075503 -0.188355  0.075306  0.070471 -0.059584  0.082103 -0.039275
  0.009714  0.046087 -0.122228  0.035365  0.034979 -0.239690  0.145823  0.046938
  0.121602 -0.034891  0.073471  0.021889  0.047741 -0.029651  0.035090  0.001765
 -0.074356 -0.000775  0.018966  0.173648  0.036147  0.019704 -0.143249  0.075108
  0.016237 -0.082814  0.035798  0.022488  0.044673  0.001646 -0.293334  0.045206
  0.078661  0.069521  0.093440 -0.019463 -0.205899  0.039462  0.051407  0.043015
 -0.231560  0.049813  0.075697  0.062404 -0.230781 -0.424631  0.412987 -0.718005
  0.416981 -0.016778 -0.005963 -0.002873  0.021560  0.000036 -0.005565 -0.052481
  0.000077  0.000369  0.267691 -0.040733 -0.242227  0.050266  0.051701  0.045828
 -0.237346  0.050762  0.049175  0.044905  0.353280  0.075503 -0.188355  0.075306
  0.070471 -0.059584  0.082103 -0.039275  0.009714  0.046087 -0.122228  0.035365
  0.034979 -0.239690  0.145823  0.046938  0.121602 -0.034891  0.073471  0.021889
  0.047741 -0.029651  0.035090  0.001765 -0.074356 -0.000775  0.018966  0.173648
  0.036147  0.019704 -0.143249  0.075108  0.016237 -0.082814  0.035798  0.022488
  0.044673  0.001646 -0.293334  0.045206  0.078661  0.069521  0.093440 -0.019463
 -0.205899  0.039462  0.051407  0.043015 -0.231560  0.049813  0.075697  0.062404
 -0.230781 -0.424631  0.412987 -0.718005  0.416981 -0.016778 -0.005963 -0.002873
  0.021560  0.000036 -0.005565 -0.052481  0.000077  0.000369  0.267691 -0.040733
 -0.242227  0.050266  0.051701  0.045828 -0.237346  0.050762  0.049175  0.044905
  0.353280  0.075503 -0.188355  0.075306  0.070471 -0.059584  0.082103 -0.039275
  0.009714  0.046087 -0.122228  0.035365  0.034979 -0.239690  0.145823  0.046938
  0.121602 -0.034891  0.073471  0.021889  0.047741 -0.029651  0.035090  0.001765
 -0.074356 -0.000775  0.018966  0.173648  0.036147  0.019704 -0.143249  0.075108
  0.016237 -0.082814  0.035798  0.022488  0.044673  0.001646 -0.293334  0.045206
  0.078661  0.069521  0.093440 -0.019463 -0.205899  0.039462  0.051407  0.043015
 -0.231560  0.049813  0.075697  0.062404 -0.230781 -0.424631  0.412987 -0.718005
  0.416981 -0.016778 -0.005963 -0.002873  0.021560  0.000036 -0.005565 -0.052481
  0.000077  0.000369  0.267691 -0.040733 -0.242227  0.050266  0.051701  0.045828
 -0.237346  0.050762  0.049175  0.044905  0.353280  0.075503 -0.188355  0.075306
  0.070471 -0.059584  0.082103 -0.039275  0.009714  0.046087 -0.122228  0.035365
  0.034979 -0.239690  0.145823  0.046938  0.121602 -0.034891  0.073471  0.021889
  0.047741 -0.029651  0.035090  0.001765 -0.074356 -0.000775  0.018966  0.173648
  0.036147  0.019704 -0.143249  0.075108  0.016237 -0.082814  0.035798  0.022488
  0.044673  0.001646 -0.293334  0.045206  0.078661  0.069521  0.093440 -0.019463
 -0.205899  0.039462  0.051407  0.043015 -0.231560  0.049813  0.075697  0.062404
 -0.230781 -0.424631  0.412987 -0.718005  0.416981 -0.016778 -0.005963 -0.002873
  0.021560  0.000036 -0.005565 -0.052481  0.000077  0.000369  0.267691 -0.040733
 -0.242227  0.050266  0.051701  0.045828 -0.237346  0.050762  0.049175  0.044905
  0.353280  0.075503 -0.188355  0.075306  0.070471 -0.059584  0.082103 -0.039275
  0.009714  0.046087 -0.122228  0.035365  0.034979 -0.239690  0.145823  0.046938
  0.121602 -0.034891  0.073471  0.021889  0.047741 -0.029651  0.035090  0.001765
 -0.074356 -0.000775  0.018966  0.173648  0.036147  0.019704 -0.143249  0.075108
  0.016237 -0.082814  0.035798  0.022488  0.044673  0.001646 -0.293334  0.045206
  0.078661  0.069521  0.093440 -0.019463 -0.205899  0.039462  0.051407  0.043015
 -0.231560  0.049813  0.075697  0.062404 -0.230781 -0.424631  0.412987 -0.718005
  0.416981 -0.016778 -0.005963 -0.002873  0.021560  0.000036 -0.005565 -0.052481
  0.000077  0.000369  0.267691 -0.040733 -0.242227  0.050266  0.051701  0.045828
 -0.237346  0.050762  0.049175  0.044905  0.353280  0.075503 -0.188355  0.075306
  0.070471 -0.059584  0.082103 -0.039275  0.009714  0.046087 -0.122228  0.035365
  0.034979 -0.239690  0.145823  0.046938  0.121602 -0.034891  0.073471  0.021889
  0.047741 -0.029651  0.035090  0.001765 -0.074356 -0.000775  0.018966  0.173648
  0.036147  0.019704 -0.143249  0.075108  0.016237 -0.082814  0.035798  0.022488
  0.044673  0.001646 -0.293334  0.045206  0.078661  0.069521  0.093440 -0.019463
 -0.205899  0.039462  0.051407  0.043015 -0.231560  0.049813  0.075697  0.062404
 -0.230781 -0.424631  0.412987 -0.718005  0.416981 -0.016778 -0.005963 -0.002873
  0.021560  0.000036 -0.005565 -0.052481  0.000077  0.000369  0.267691 -0.040733
 -0.242227  0.050266  0.051701  0.045828 -0.237346  0.050762  0.049175  0.044905
  0.353280  0.075503 -0.188355  0.075306  0.070471 -0.059584  0.082103 -0.039275
  0.009714  0.046087 -0.122228  0.035365  0.034979 -0.239690  0.145823  0.046938
  0.121602 -0.034891  0.073471  0.021889  0.047741 -0.029651  0.035090  0.001765
 -0.074356 -0.000775  0.018966  0.173648  0.036147  0.019704 -0.143249  0.075108
  0.016237 -0.082814  0.035798  0.022488  0.044673  0.001646 -0.293334  0.045206
  0.078661  0.069521  0.093440 -0.019463 -0.205899  0.039462  0.051407  0.043015
 -0.231560  0.049813  0.075697  0.062404 -0.230781 -0.424631  0.412987 -0.718005
  0.416981 -0.016778 -0.005963 -0.002873  0.021560  0.000036 -0.005565 -0.052481
  0.000077  0.000369  0.267691 -0.040733 -0.242227  0.050266  0.051701  0.045828
 -0.237346  0.050762  0.049175  0.044905  0.353280  0.075503 -0.188355  0.075306
  0.070471 -0.059584  0.082103 -0.039275  0.009714  0.046087 -0.122228  0.035365
  0.034979 -0.239690  0.145823  0.046938  0.121602 -0.034891  0.073471  0.021889
  0.047741 -0.029651  0.035090  0.001765 -0.074356 -0.000775  0.018966  0.173648
  0.036147  0.019704 -0.143249  0.075108  0.016237 -0.082814  0.035798  0.022488
  0.044673  0.001646 -0.293334  0.045206  0.078661  0.069521  0.093440 -0.019463
 -0.205899  0.039462  0.051407  0.043015 -0.231560  0.049813  0.075697  0.062404
 -0.230781 -0.424631  0.412987 -0.718005  0.416981 -0.016778 -0.005963 -0.002873
  0.021560  0.000036 -0.005565 -0.052481  0.000077  0.000369  0.267691 -0.040733
 -0.242227  0.050266  0.051701  0.045828 -0.237346  0.050762  0.049175  0.044905
